    0.0000  -11.4216
    0.0173  -11.4212
    0.0346  -11.4200
    0.0520  -11.4180
    0.0693  -11.4152
    0.0866  -11.4115
    0.1039  -11.4071
    0.1212  -11.4020
    0.1386  -11.3960
    0.1559  -11.3893
    0.1732  -11.3819
    0.1905  -11.3737
    0.2078  -11.3648
    0.2252  -11.3553
    0.2425  -11.3451
    0.2598  -11.3342
    0.2771  -11.3228
    0.2944  -11.3108
    0.3118  -11.2982
    0.3291  -11.2851
    0.3464  -11.2716
    0.3637  -11.2576
    0.3811  -11.2432
    0.3984  -11.2284
    0.4157  -11.2134
    0.4330  -11.1981
    0.4503  -11.1826
    0.4677  -11.1669
    0.4850  -11.1512
    0.5023  -11.1354
    0.5196  -11.1197
    0.5369  -11.1040
    0.5543  -11.0885
    0.5716  -11.0733
    0.5889  -11.0584
    0.6062  -11.0438
    0.6235  -11.0297
    0.6409  -11.0161
    0.6582  -11.0032
    0.6755  -10.9909
    0.6928  -10.9794
    0.7101  -10.9688
    0.7275  -10.9590
    0.7448  -10.9502
    0.7621  -10.9425
    0.7794  -10.9358
    0.7967  -10.9303
    0.8141  -10.9259
    0.8314  -10.9228
    0.8487  -10.9209
    0.8660  -10.9203
    0.8760  -10.9204
    0.8860  -10.9207
    0.8960  -10.9212
    0.9060  -10.9219
    0.9160  -10.9228
    0.9260  -10.9239
    0.9360  -10.9252
    0.9460  -10.9267
    0.9560  -10.9283
    0.9660  -10.9301
    0.9760  -10.9321
    0.9860  -10.9342
    0.9960  -10.9365
    1.0060  -10.9388
    1.0160  -10.9413
    1.0260  -10.9439
    1.0360  -10.9466
    1.0460  -10.9494
    1.0560  -10.9523
    1.0660  -10.9552
    1.0760  -10.9581
    1.0860  -10.9611
    1.0960  -10.9641
    1.1060  -10.9672
    1.1160  -10.9702
    1.1260  -10.9732
    1.1360  -10.9762
    1.1460  -10.9791
    1.1560  -10.9820
    1.1660  -10.9848
    1.1760  -10.9876
    1.1860  -10.9903
    1.1960  -10.9929
    1.2060  -10.9954
    1.2160  -10.9978
    1.2260  -11.0001
    1.2360  -11.0022
    1.2460  -11.0043
    1.2560  -11.0061
    1.2660  -11.0079
    1.2760  -11.0095
    1.2860  -11.0109
    1.2960  -11.0122
    1.3060  -11.0133
    1.3160  -11.0143
    1.3260  -11.0151
    1.3360  -11.0157
    1.3460  -11.0161
    1.3560  -11.0164
    1.3660  -11.0165
 
    0.0000  -10.7516
    0.0173  -10.7517
    0.0346  -10.7523
    0.0520  -10.7531
    0.0693  -10.7543
    0.0866  -10.7559
    0.1039  -10.7578
    0.1212  -10.7600
    0.1386  -10.7625
    0.1559  -10.7653
    0.1732  -10.7684
    0.1905  -10.7717
    0.2078  -10.7754
    0.2252  -10.7792
    0.2425  -10.7833
    0.2598  -10.7876
    0.2771  -10.7921
    0.2944  -10.7968
    0.3118  -10.8016
    0.3291  -10.8066
    0.3464  -10.8116
    0.3637  -10.8168
    0.3811  -10.8220
    0.3984  -10.8273
    0.4157  -10.8326
    0.4330  -10.8379
    0.4503  -10.8432
    0.4677  -10.8484
    0.4850  -10.8536
    0.5023  -10.8587
    0.5196  -10.8637
    0.5369  -10.8686
    0.5543  -10.8734
    0.5716  -10.8780
    0.5889  -10.8825
    0.6062  -10.8868
    0.6235  -10.8908
    0.6409  -10.8947
    0.6582  -10.8983
    0.6755  -10.9017
    0.6928  -10.9048
    0.7101  -10.9077
    0.7275  -10.9103
    0.7448  -10.9126
    0.7621  -10.9146
    0.7794  -10.9164
    0.7967  -10.9178
    0.8141  -10.9189
    0.8314  -10.9197
    0.8487  -10.9201
    0.8660  -10.9203
    0.8760  -10.9203
    0.8860  -10.9203
    0.8960  -10.9203
    0.9060  -10.9203
    0.9160  -10.9203
    0.9260  -10.9203
    0.9360  -10.9203
    0.9460  -10.9203
    0.9560  -10.9204
    0.9660  -10.9204
    0.9760  -10.9204
    0.9860  -10.9204
    0.9960  -10.9204
    1.0060  -10.9204
    1.0160  -10.9204
    1.0260  -10.9205
    1.0360  -10.9205
    1.0460  -10.9205
    1.0560  -10.9205
    1.0660  -10.9205
    1.0760  -10.9206
    1.0860  -10.9206
    1.0960  -10.9206
    1.1060  -10.9206
    1.1160  -10.9206
    1.1260  -10.9207
    1.1360  -10.9207
    1.1460  -10.9207
    1.1560  -10.9207
    1.1660  -10.9208
    1.1760  -10.9208
    1.1860  -10.9208
    1.1960  -10.9208
    1.2060  -10.9208
    1.2160  -10.9208
    1.2260  -10.9209
    1.2360  -10.9209
    1.2460  -10.9209
    1.2560  -10.9209
    1.2660  -10.9209
    1.2760  -10.9209
    1.2860  -10.9209
    1.2960  -10.9210
    1.3060  -10.9210
    1.3160  -10.9210
    1.3260  -10.9210
    1.3360  -10.9210
    1.3460  -10.9210
    1.3560  -10.9210
    1.3660  -10.9210
 
    0.0000  -10.7516
    0.0173  -10.7517
    0.0346  -10.7523
    0.0520  -10.7531
    0.0693  -10.7543
    0.0866  -10.7559
    0.1039  -10.7578
    0.1212  -10.7600
    0.1386  -10.7625
    0.1559  -10.7653
    0.1732  -10.7684
    0.1905  -10.7717
    0.2078  -10.7754
    0.2252  -10.7792
    0.2425  -10.7833
    0.2598  -10.7876
    0.2771  -10.7921
    0.2944  -10.7968
    0.3118  -10.8016
    0.3291  -10.8066
    0.3464  -10.8116
    0.3637  -10.8168
    0.3811  -10.8220
    0.3984  -10.8273
    0.4157  -10.8326
    0.4330  -10.8379
    0.4503  -10.8432
    0.4677  -10.8484
    0.4850  -10.8536
    0.5023  -10.8587
    0.5196  -10.8637
    0.5369  -10.8686
    0.5543  -10.8734
    0.5716  -10.8780
    0.5889  -10.8825
    0.6062  -10.8868
    0.6235  -10.8908
    0.6409  -10.8947
    0.6582  -10.8983
    0.6755  -10.9017
    0.6928  -10.9048
    0.7101  -10.9077
    0.7275  -10.9103
    0.7448  -10.9126
    0.7621  -10.9146
    0.7794  -10.9164
    0.7967  -10.9178
    0.8141  -10.9189
    0.8314  -10.9197
    0.8487  -10.9201
    0.8660  -10.9203
    0.8760  -10.9203
    0.8860  -10.9203
    0.8960  -10.9203
    0.9060  -10.9203
    0.9160  -10.9203
    0.9260  -10.9203
    0.9360  -10.9203
    0.9460  -10.9203
    0.9560  -10.9204
    0.9660  -10.9204
    0.9760  -10.9204
    0.9860  -10.9204
    0.9960  -10.9204
    1.0060  -10.9204
    1.0160  -10.9204
    1.0260  -10.9205
    1.0360  -10.9205
    1.0460  -10.9205
    1.0560  -10.9205
    1.0660  -10.9205
    1.0760  -10.9206
    1.0860  -10.9206
    1.0960  -10.9206
    1.1060  -10.9206
    1.1160  -10.9206
    1.1260  -10.9207
    1.1360  -10.9207
    1.1460  -10.9207
    1.1560  -10.9207
    1.1660  -10.9208
    1.1760  -10.9208
    1.1860  -10.9208
    1.1960  -10.9208
    1.2060  -10.9208
    1.2160  -10.9208
    1.2260  -10.9209
    1.2360  -10.9209
    1.2460  -10.9209
    1.2560  -10.9209
    1.2660  -10.9209
    1.2760  -10.9209
    1.2860  -10.9209
    1.2960  -10.9210
    1.3060  -10.9210
    1.3160  -10.9210
    1.3260  -10.9210
    1.3360  -10.9210
    1.3460  -10.9210
    1.3560  -10.9210
    1.3660  -10.9210
 
    0.0000   -6.3672
    0.0173   -6.3691
    0.0346   -6.3745
    0.0520   -6.3836
    0.0693   -6.3962
    0.0866   -6.4121
    0.1039   -6.4314
    0.1212   -6.4537
    0.1386   -6.4789
    0.1559   -6.5069
    0.1732   -6.5374
    0.1905   -6.5702
    0.2078   -6.6051
    0.2252   -6.6419
    0.2425   -6.6804
    0.2598   -6.7204
    0.2771   -6.7617
    0.2944   -6.8041
    0.3118   -6.8473
    0.3291   -6.8913
    0.3464   -6.9359
    0.3637   -6.9808
    0.3811   -7.0259
    0.3984   -7.0711
    0.4157   -7.1163
    0.4330   -7.1612
    0.4503   -7.2057
    0.4677   -7.2497
    0.4850   -7.2931
    0.5023   -7.3357
    0.5196   -7.3774
    0.5369   -7.4181
    0.5543   -7.4576
    0.5716   -7.4958
    0.5889   -7.5327
    0.6062   -7.5681
    0.6235   -7.6018
    0.6409   -7.6338
    0.6582   -7.6639
    0.6755   -7.6921
    0.6928   -7.7182
    0.7101   -7.7422
    0.7275   -7.7639
    0.7448   -7.7833
    0.7621   -7.8003
    0.7794   -7.8148
    0.7967   -7.8267
    0.8141   -7.8361
    0.8314   -7.8428
    0.8487   -7.8468
    0.8660   -7.8482
    0.8760   -7.8477
    0.8860   -7.8464
    0.8960   -7.8441
    0.9060   -7.8410
    0.9160   -7.8370
    0.9260   -7.8321
    0.9360   -7.8264
    0.9460   -7.8199
    0.9560   -7.8125
    0.9660   -7.8044
    0.9760   -7.7955
    0.9860   -7.7858
    0.9960   -7.7754
    1.0060   -7.7644
    1.0160   -7.7527
    1.0260   -7.7405
    1.0360   -7.7276
    1.0460   -7.7143
    1.0560   -7.7004
    1.0660   -7.6861
    1.0760   -7.6715
    1.0860   -7.6565
    1.0960   -7.6413
    1.1060   -7.6258
    1.1160   -7.6101
    1.1260   -7.5943
    1.1360   -7.5785
    1.1460   -7.5627
    1.1560   -7.5470
    1.1660   -7.5314
    1.1760   -7.5160
    1.1860   -7.5009
    1.1960   -7.4861
    1.2060   -7.4717
    1.2160   -7.4578
    1.2260   -7.4444
    1.2360   -7.4316
    1.2460   -7.4194
    1.2560   -7.4080
    1.2660   -7.3973
    1.2760   -7.3875
    1.2860   -7.3785
    1.2960   -7.3705
    1.3060   -7.3635
    1.3160   -7.3575
    1.3260   -7.3525
    1.3360   -7.3486
    1.3460   -7.3458
    1.3560   -7.3441
    1.3660   -7.3435
 
    0.0000   -2.6293
    0.0173   -2.6280
    0.0346   -2.6240
    0.0520   -2.6174
    0.0693   -2.6081
    0.0866   -2.5962
    0.1039   -2.5816
    0.1212   -2.5645
    0.1386   -2.5448
    0.1559   -2.5225
    0.1732   -2.4977
    0.1905   -2.4705
    0.2078   -2.4407
    0.2252   -2.4086
    0.2425   -2.3741
    0.2598   -2.3373
    0.2771   -2.2982
    0.2944   -2.2569
    0.3118   -2.2135
    0.3291   -2.1680
    0.3464   -2.1205
    0.3637   -2.0711
    0.3811   -2.0198
    0.3984   -1.9669
    0.4157   -1.9123
    0.4330   -1.8563
    0.4503   -1.7989
    0.4677   -1.7404
    0.4850   -1.6809
    0.5023   -1.6208
    0.5196   -1.5602
    0.5369   -1.4997
    0.5543   -1.4398
    0.5716   -1.3816
    0.5889   -1.3265
    0.6062   -1.2775
    0.6235   -1.2708
    0.6409   -1.2659
    0.6582   -1.2625
    0.6755   -1.2600
    0.6928   -1.2583
    0.7101   -1.2572
    0.7275   -1.2565
    0.7448   -1.2560
    0.7621   -1.2557
    0.7794   -1.2556
    0.7967   -1.2556
    0.8141   -1.2555
    0.8314   -1.2555
    0.8487   -1.2556
    0.8660   -1.2556
    0.8760   -1.2557
    0.8860   -1.2560
    0.8960   -1.2565
    0.9060   -1.2571
    0.9160   -1.2580
    0.9260   -1.2591
    0.9360   -1.2604
    0.9460   -1.2618
    0.9560   -1.2634
    0.9660   -1.2652
    0.9760   -1.2672
    0.9860   -1.2693
    0.9960   -1.2715
    1.0060   -1.2739
    1.0160   -1.2763
    1.0260   -1.2789
    1.0360   -1.2816
    1.0460   -1.2844
    1.0560   -1.2873
    1.0660   -1.3248
    1.0760   -1.3811
    1.0860   -1.4373
    1.0960   -1.4933
    1.1060   -1.5488
    1.1160   -1.6036
    1.1260   -1.6576
    1.1360   -1.7106
    1.1460   -1.7625
    1.1560   -1.8131
    1.1660   -1.8622
    1.1760   -1.9098
    1.1860   -1.9558
    1.1960   -1.9999
    1.2060   -2.0422
    1.2160   -2.0824
    1.2260   -2.1206
    1.2360   -2.1565
    1.2460   -2.1902
    1.2560   -2.2216
    1.2660   -2.2504
    1.2760   -2.2768
    1.2860   -2.3006
    1.2960   -2.3217
    1.3060   -2.3401
    1.3160   -2.3558
    1.3260   -2.3687
    1.3360   -2.3788
    1.3460   -2.3860
    1.3560   -2.3903
    1.3660   -2.3918
 
    0.0000   -2.6293
    0.0173   -2.6280
    0.0346   -2.6240
    0.0520   -2.6174
    0.0693   -2.6081
    0.0866   -2.5962
    0.1039   -2.5816
    0.1212   -2.5645
    0.1386   -2.5448
    0.1559   -2.5225
    0.1732   -2.4977
    0.1905   -2.4705
    0.2078   -2.4407
    0.2252   -2.4086
    0.2425   -2.3741
    0.2598   -2.3373
    0.2771   -2.2982
    0.2944   -2.2569
    0.3118   -2.2135
    0.3291   -2.1680
    0.3464   -2.1205
    0.3637   -2.0711
    0.3811   -2.0198
    0.3984   -1.9669
    0.4157   -1.9123
    0.4330   -1.8563
    0.4503   -1.7989
    0.4677   -1.7404
    0.4850   -1.6809
    0.5023   -1.6208
    0.5196   -1.5602
    0.5369   -1.4997
    0.5543   -1.4398
    0.5716   -1.3816
    0.5889   -1.3265
    0.6062   -1.2775
    0.6235   -1.2392
    0.6409   -1.2158
    0.6582   -1.2066
    0.6755   -1.2064
    0.6928   -1.2107
    0.7101   -1.2170
    0.7275   -1.2238
    0.7448   -1.2305
    0.7621   -1.2368
    0.7794   -1.2423
    0.7967   -1.2470
    0.8141   -1.2507
    0.8314   -1.2534
    0.8487   -1.2550
    0.8660   -1.2556
    0.8760   -1.2553
    0.8860   -1.2546
    0.8960   -1.2535
    0.9060   -1.2518
    0.9160   -1.2498
    0.9260   -1.2472
    0.9360   -1.2442
    0.9460   -1.2407
    0.9560   -1.2368
    0.9660   -1.2324
    0.9760   -1.2276
    0.9860   -1.2223
    0.9960   -1.2166
    1.0060   -1.2104
    1.0160   -1.2038
    1.0260   -1.1967
    1.0360   -1.1892
    1.0460   -1.2130
    1.0560   -1.2687
    1.0660   -1.2902
    1.0760   -1.2932
    1.0860   -1.2962
    1.0960   -1.2993
    1.1060   -1.3024
    1.1160   -1.3055
    1.1260   -1.3085
    1.1360   -1.3116
    1.1460   -1.3146
    1.1560   -1.3176
    1.1660   -1.3205
    1.1760   -1.3234
    1.1860   -1.3262
    1.1960   -1.3289
    1.2060   -1.3315
    1.2160   -1.3340
    1.2260   -1.3364
    1.2360   -1.3386
    1.2460   -1.3408
    1.2560   -1.3428
    1.2660   -1.3446
    1.2760   -1.3463
    1.2860   -1.3478
    1.2960   -1.3492
    1.3060   -1.3503
    1.3160   -1.3514
    1.3260   -1.3522
    1.3360   -1.3528
    1.3460   -1.3533
    1.3560   -1.3536
    1.3660   -1.3537
 
    0.0000   -2.6293
    0.0173   -2.6269
    0.0346   -2.6197
    0.0520   -2.6078
    0.0693   -2.5912
    0.0866   -2.5702
    0.1039   -2.5447
    0.1212   -2.5150
    0.1386   -2.4813
    0.1559   -2.4438
    0.1732   -2.4028
    0.1905   -2.3584
    0.2078   -2.3110
    0.2252   -2.2607
    0.2425   -2.2080
    0.2598   -2.1529
    0.2771   -2.0959
    0.2944   -2.0373
    0.3118   -1.9775
    0.3291   -1.9168
    0.3464   -1.8556
    0.3637   -1.7945
    0.3811   -1.7339
    0.3984   -1.6747
    0.4157   -1.6174
    0.4330   -1.5630
    0.4503   -1.5121
    0.4677   -1.4657
    0.4850   -1.4244
    0.5023   -1.3885
    0.5196   -1.3584
    0.5369   -1.3336
    0.5543   -1.3138
    0.5716   -1.2983
    0.5889   -1.2864
    0.6062   -1.2774
    0.6235   -1.2392
    0.6409   -1.2158
    0.6582   -1.2066
    0.6755   -1.2064
    0.6928   -1.2107
    0.7101   -1.2170
    0.7275   -1.2238
    0.7448   -1.2305
    0.7621   -1.2368
    0.7794   -1.2423
    0.7967   -1.2470
    0.8141   -1.2507
    0.8314   -1.2534
    0.8487   -1.2550
    0.8660   -1.2556
    0.8760   -1.2553
    0.8860   -1.2546
    0.8960   -1.2535
    0.9060   -1.2518
    0.9160   -1.2498
    0.9260   -1.2472
    0.9360   -1.2442
    0.9460   -1.2407
    0.9560   -1.2368
    0.9660   -1.2324
    0.9760   -1.2276
    0.9860   -1.2223
    0.9960   -1.2166
    1.0060   -1.2104
    1.0160   -1.2038
    1.0260   -1.1967
    1.0360   -1.1892
    1.0460   -1.1813
    1.0560   -1.1729
    1.0660   -1.1641
    1.0760   -1.1549
    1.0860   -1.1453
    1.0960   -1.1353
    1.1060   -1.1248
    1.1160   -1.1140
    1.1260   -1.1028
    1.1360   -1.0912
    1.1460   -1.0792
    1.1560   -1.0668
    1.1660   -1.0541
    1.1760   -1.0410
    1.1860   -1.0275
    1.1960   -1.0138
    1.2060   -0.9997
    1.2160   -0.9853
    1.2260   -0.9706
    1.2360   -0.9556
    1.2460   -0.9403
    1.2560   -0.9249
    1.2660   -0.9092
    1.2760   -0.8934
    1.2860   -0.8775
    1.2960   -0.8616
    1.3060   -0.8458
    1.3160   -0.8303
    1.3260   -0.8155
    1.3360   -0.8018
    1.3460   -0.7902
    1.3560   -0.7821
    1.3660   -0.7791
 
    0.0000   -0.4165
    0.0173   -0.4173
    0.0346   -0.4198
    0.0520   -0.4240
    0.0693   -0.4302
    0.0866   -0.4382
    0.1039   -0.4484
    0.1212   -0.4605
    0.1386   -0.4746
    0.1559   -0.4905
    0.1732   -0.5082
    0.1905   -0.5274
    0.2078   -0.5479
    0.2252   -0.5697
    0.2425   -0.5926
    0.2598   -0.6163
    0.2771   -0.6408
    0.2944   -0.6659
    0.3118   -0.6914
    0.3291   -0.7172
    0.3464   -0.7432
    0.3637   -0.7692
    0.3811   -0.7952
    0.3984   -0.8209
    0.4157   -0.8463
    0.4330   -0.8713
    0.4503   -0.8956
    0.4677   -0.9193
    0.4850   -0.9422
    0.5023   -0.9641
    0.5196   -0.9847
    0.5369   -1.0039
    0.5543   -1.0211
    0.5716   -1.0356
    0.5889   -1.0460
    0.6062   -1.0498
    0.6235   -1.0425
    0.6409   -1.0203
    0.6582   -0.9844
    0.6755   -0.9403
    0.6928   -0.8930
    0.7101   -0.8457
    0.7275   -0.8002
    0.7448   -0.7578
    0.7621   -0.7194
    0.7794   -0.6857
    0.7967   -0.6574
    0.8141   -0.6350
    0.8314   -0.6187
    0.8487   -0.6088
    0.8660   -0.6055
    0.8760   -0.6077
    0.8860   -0.6143
    0.8960   -0.6252
    0.9060   -0.6405
    0.9160   -0.6600
    0.9260   -0.6837
    0.9360   -0.7114
    0.9460   -0.7430
    0.9560   -0.7782
    0.9660   -0.8168
    0.9760   -0.8586
    0.9860   -0.9032
    0.9960   -0.9504
    1.0060   -0.9998
    1.0160   -1.0510
    1.0260   -1.1039
    1.0360   -1.1579
    1.0460   -1.1813
    1.0560   -1.1729
    1.0660   -1.1641
    1.0760   -1.1549
    1.0860   -1.1453
    1.0960   -1.1353
    1.1060   -1.1248
    1.1160   -1.1140
    1.1260   -1.1028
    1.1360   -1.0912
    1.1460   -1.0792
    1.1560   -1.0668
    1.1660   -1.0541
    1.1760   -1.0410
    1.1860   -1.0275
    1.1960   -1.0138
    1.2060   -0.9997
    1.2160   -0.9853
    1.2260   -0.9706
    1.2360   -0.9556
    1.2460   -0.9403
    1.2560   -0.9249
    1.2660   -0.9092
    1.2760   -0.8934
    1.2860   -0.8775
    1.2960   -0.8616
    1.3060   -0.8458
    1.3160   -0.8303
    1.3260   -0.8155
    1.3360   -0.8018
    1.3460   -0.7902
    1.3560   -0.7821
    1.3660   -0.7791
 
    0.0000   -0.4165
    0.0173   -0.4173
    0.0346   -0.4198
    0.0520   -0.4240
    0.0693   -0.4302
    0.0866   -0.4382
    0.1039   -0.4484
    0.1212   -0.4605
    0.1386   -0.4746
    0.1559   -0.4905
    0.1732   -0.5082
    0.1905   -0.5274
    0.2078   -0.5479
    0.2252   -0.5697
    0.2425   -0.5926
    0.2598   -0.6163
    0.2771   -0.6408
    0.2944   -0.6659
    0.3118   -0.6914
    0.3291   -0.7172
    0.3464   -0.7432
    0.3637   -0.7692
    0.3811   -0.7952
    0.3984   -0.8209
    0.4157   -0.8463
    0.4330   -0.8713
    0.4503   -0.8956
    0.4677   -0.9193
    0.4850   -0.9422
    0.5023   -0.9641
    0.5196   -0.9847
    0.5369   -1.0039
    0.5543   -1.0211
    0.5716   -1.0356
    0.5889   -1.0460
    0.6062   -1.0498
    0.6235   -1.0425
    0.6409   -1.0203
    0.6582   -0.9844
    0.6755   -0.9403
    0.6928   -0.8930
    0.7101   -0.8457
    0.7275   -0.8002
    0.7448   -0.7578
    0.7621   -0.7194
    0.7794   -0.6857
    0.7967   -0.6574
    0.8141   -0.6350
    0.8314   -0.6187
    0.8487   -0.6088
    0.8660   -0.6055
    0.8760   -0.6055
    0.8860   -0.6056
    0.8960   -0.6056
    0.9060   -0.6056
    0.9160   -0.6057
    0.9260   -0.6058
    0.9360   -0.6058
    0.9460   -0.6059
    0.9560   -0.6061
    0.9660   -0.6062
    0.9760   -0.6063
    0.9860   -0.6064
    0.9960   -0.6066
    1.0060   -0.6067
    1.0160   -0.6069
    1.0260   -0.6071
    1.0360   -0.6073
    1.0460   -0.6074
    1.0560   -0.6076
    1.0660   -0.6078
    1.0760   -0.6080
    1.0860   -0.6082
    1.0960   -0.6084
    1.1060   -0.6086
    1.1160   -0.6088
    1.1260   -0.6091
    1.1360   -0.6093
    1.1460   -0.6095
    1.1560   -0.6097
    1.1660   -0.6099
    1.1760   -0.6101
    1.1860   -0.6103
    1.1960   -0.6104
    1.2060   -0.6106
    1.2160   -0.6108
    1.2260   -0.6110
    1.2360   -0.6111
    1.2460   -0.6113
    1.2560   -0.6114
    1.2660   -0.6115
    1.2760   -0.6116
    1.2860   -0.6117
    1.2960   -0.6118
    1.3060   -0.6119
    1.3160   -0.6120
    1.3260   -0.6240
    1.3360   -0.6391
    1.3460   -0.6517
    1.3560   -0.6604
    1.3660   -0.6636
 
    0.0000   -0.4165
    0.0173   -0.4161
    0.0346   -0.4148
    0.0520   -0.4127
    0.0693   -0.4098
    0.0866   -0.4060
    0.1039   -0.4014
    0.1212   -0.3960
    0.1386   -0.4041
    0.1559   -0.4209
    0.1732   -0.4388
    0.1905   -0.4576
    0.2078   -0.4770
    0.2252   -0.4966
    0.2425   -0.5163
    0.2598   -0.5358
    0.2771   -0.5546
    0.2944   -0.5726
    0.3118   -0.5893
    0.3291   -0.6044
    0.3464   -0.6174
    0.3637   -0.6279
    0.3811   -0.6353
    0.3984   -0.6391
    0.4157   -0.6385
    0.4330   -0.6327
    0.4503   -0.6211
    0.4677   -0.6028
    0.4850   -0.5773
    0.5023   -0.5443
    0.5196   -0.5037
    0.5369   -0.4558
    0.5543   -0.4014
    0.5716   -0.3411
    0.5889   -0.2759
    0.6062   -0.2066
    0.6235   -0.1341
    0.6409   -0.0669
    0.6582   -0.0537
    0.6755   -0.0404
    0.6928   -0.0271
    0.7101   -0.0138
    0.7275   -0.0007
    0.7448    0.0121
    0.7621    0.0244
    0.7794    0.0358
    0.7967    0.0460
    0.8141    0.0546
    0.8314    0.0610
    0.8487    0.0651
    0.8660    0.0665
    0.8760    0.0659
    0.8860    0.0643
    0.8960    0.0616
    0.9060    0.0578
    0.9160    0.0530
    0.9260    0.0471
    0.9360    0.0402
    0.9460    0.0324
    0.9560    0.0236
    0.9660    0.0139
    0.9760    0.0033
    0.9860   -0.0082
    0.9960   -0.0204
    1.0060   -0.0334
    1.0160   -0.0471
    1.0260   -0.0615
    1.0360   -0.0766
    1.0460   -0.0922
    1.0560   -0.1084
    1.0660   -0.1251
    1.0760   -0.1423
    1.0860   -0.1599
    1.0960   -0.1780
    1.1060   -0.1963
    1.1160   -0.2151
    1.1260   -0.2341
    1.1360   -0.2533
    1.1460   -0.2728
    1.1560   -0.2925
    1.1660   -0.3124
    1.1760   -0.3324
    1.1860   -0.3525
    1.1960   -0.3726
    1.2060   -0.3928
    1.2160   -0.4131
    1.2260   -0.4333
    1.2360   -0.4535
    1.2460   -0.4735
    1.2560   -0.4935
    1.2660   -0.5133
    1.2760   -0.5329
    1.2860   -0.5522
    1.2960   -0.5712
    1.3060   -0.5896
    1.3160   -0.6073
    1.3260   -0.6240
    1.3360   -0.6391
    1.3460   -0.6517
    1.3560   -0.6604
    1.3660   -0.6636
 
    0.0000   -0.3336
    0.0173   -0.3348
    0.0346   -0.3383
    0.0520   -0.3442
    0.0693   -0.3523
    0.0866   -0.3625
    0.1039   -0.3747
    0.1212   -0.3886
    0.1386   -0.3898
    0.1559   -0.3829
    0.1732   -0.3752
    0.1905   -0.3668
    0.2078   -0.3576
    0.2252   -0.3478
    0.2425   -0.3373
    0.2598   -0.3262
    0.2771   -0.3146
    0.2944   -0.3023
    0.3118   -0.2896
    0.3291   -0.2764
    0.3464   -0.2628
    0.3637   -0.2514
    0.3811   -0.2421
    0.3984   -0.2324
    0.4157   -0.2223
    0.4330   -0.2119
    0.4503   -0.2012
    0.4677   -0.1901
    0.4850   -0.1788
    0.5023   -0.1672
    0.5196   -0.1553
    0.5369   -0.1432
    0.5543   -0.1309
    0.5716   -0.1184
    0.5889   -0.1057
    0.6062   -0.0929
    0.6235   -0.0800
    0.6409   -0.0669
    0.6582   -0.0537
    0.6755   -0.0404
    0.6928   -0.0271
    0.7101   -0.0138
    0.7275   -0.0007
    0.7448    0.0121
    0.7621    0.0244
    0.7794    0.0358
    0.7967    0.0460
    0.8141    0.0546
    0.8314    0.0610
    0.8487    0.0651
    0.8660    0.0665
    0.8760    0.0659
    0.8860    0.0643
    0.8960    0.0616
    0.9060    0.0578
    0.9160    0.0530
    0.9260    0.0471
    0.9360    0.0402
    0.9460    0.0324
    0.9560    0.0236
    0.9660    0.0139
    0.9760    0.0033
    0.9860   -0.0082
    0.9960   -0.0204
    1.0060   -0.0334
    1.0160   -0.0471
    1.0260   -0.0615
    1.0360   -0.0766
    1.0460   -0.0922
    1.0560   -0.1084
    1.0660   -0.1251
    1.0760   -0.1423
    1.0860   -0.1599
    1.0960   -0.1780
    1.1060   -0.1963
    1.1160   -0.2151
    1.1260   -0.2341
    1.1360   -0.2533
    1.1460   -0.2728
    1.1560   -0.2925
    1.1660   -0.3124
    1.1760   -0.3324
    1.1860   -0.3525
    1.1960   -0.3726
    1.2060   -0.3928
    1.2160   -0.4131
    1.2260   -0.4333
    1.2360   -0.4535
    1.2460   -0.4735
    1.2560   -0.4935
    1.2660   -0.5133
    1.2760   -0.5329
    1.2860   -0.5522
    1.2960   -0.5712
    1.3060   -0.5896
    1.3160   -0.6073
    1.3260   -0.6120
    1.3360   -0.6121
    1.3460   -0.6121
    1.3560   -0.6121
    1.3660   -0.6121
 
    0.0000   -0.3336
    0.0173   -0.3337
    0.0346   -0.3338
    0.0520   -0.3340
    0.0693   -0.3340
    0.0866   -0.3336
    0.1039   -0.3327
    0.1212   -0.3313
    0.1386   -0.3292
    0.1559   -0.3265
    0.1732   -0.3232
    0.1905   -0.3193
    0.2078   -0.3148
    0.2252   -0.3097
    0.2425   -0.3041
    0.2598   -0.2980
    0.2771   -0.2914
    0.2944   -0.2843
    0.3118   -0.2767
    0.3291   -0.2687
    0.3464   -0.2602
    0.3637   -0.2514
    0.3811   -0.2421
    0.3984   -0.2324
    0.4157   -0.2223
    0.4330   -0.2119
    0.4503   -0.2012
    0.4677   -0.1901
    0.4850   -0.1788
    0.5023   -0.1672
    0.5196   -0.1553
    0.5369   -0.1432
    0.5543   -0.1309
    0.5716   -0.1184
    0.5889   -0.1057
    0.6062   -0.0929
    0.6235   -0.0800
    0.6409   -0.0592
    0.6582   -0.0066
    0.6755    0.0045
    0.6928    0.0147
    0.7101    0.0242
    0.7275    0.0328
    0.7448    0.0405
    0.7621    0.0473
    0.7794    0.0531
    0.7967    0.0579
    0.8141    0.0616
    0.8314    0.0643
    0.8487    0.0659
    0.8660    0.0665
    0.8760    0.0665
    0.8860    0.0664
    0.8960    0.0663
    0.9060    0.0662
    0.9160    0.0661
    0.9260    0.0659
    0.9360    0.0657
    0.9460    0.0655
    0.9560    0.0652
    0.9660    0.0649
    0.9760    0.0646
    0.9860    0.0643
    0.9960    0.0639
    1.0060    0.0636
    1.0160    0.0632
    1.0260    0.0627
    1.0360    0.0623
    1.0460    0.0619
    1.0560    0.0614
    1.0660    0.0609
    1.0760    0.0605
    1.0860    0.0600
    1.0960    0.0595
    1.1060    0.0590
    1.1160    0.0585
    1.1260    0.0580
    1.1360    0.0575
    1.1460    0.0570
    1.1560    0.0565
    1.1660    0.0560
    1.1760    0.0555
    1.1860    0.0551
    1.1960    0.0546
    1.2060    0.0542
    1.2160    0.0538
    1.2260    0.0534
    1.2360    0.0530
    1.2460    0.0527
    1.2560    0.0523
    1.2660    0.0520
    1.2760    0.0518
    1.2860    0.0515
    1.2960    0.0513
    1.3060    0.0511
    1.3160    0.0509
    1.3260    0.0508
    1.3360    0.0507
    1.3460    0.0506
    1.3560    0.0505
    1.3660    0.0505
 
    0.0000   -0.3336
    0.0173   -0.3337
    0.0346   -0.3338
    0.0520   -0.3340
    0.0693   -0.3340
    0.0866   -0.3336
    0.1039   -0.3327
    0.1212   -0.3313
    0.1386   -0.3292
    0.1559   -0.3265
    0.1732   -0.3232
    0.1905   -0.3193
    0.2078   -0.3148
    0.2252   -0.3097
    0.2425   -0.3041
    0.2598   -0.2980
    0.2771   -0.2914
    0.2944   -0.2843
    0.3118   -0.2767
    0.3291   -0.2687
    0.3464   -0.2602
    0.3637   -0.2488
    0.3811   -0.2344
    0.3984   -0.2198
    0.4157   -0.2050
    0.4330   -0.1900
    0.4503   -0.1749
    0.4677   -0.1597
    0.4850   -0.1445
    0.5023   -0.1294
    0.5196   -0.1144
    0.5369   -0.0996
    0.5543   -0.0850
    0.5716   -0.0708
    0.5889   -0.0569
    0.6062   -0.0435
    0.6235   -0.0306
    0.6409   -0.0183
    0.6582    0.0173
    0.6755    0.0948
    0.6928    0.1723
    0.7101    0.2492
    0.7275    0.3246
    0.7448    0.3974
    0.7621    0.4663
    0.7794    0.5299
    0.7967    0.5864
    0.8141    0.6337
    0.8314    0.6697
    0.8487    0.6923
    0.8660    0.7000
    0.8760    0.6974
    0.8860    0.6899
    0.8960    0.6778
    0.9060    0.6620
    0.9160    0.6433
    0.9260    0.6226
    0.9360    0.6006
    0.9460    0.5781
    0.9560    0.5556
    0.9660    0.5337
    0.9760    0.5127
    0.9860    0.4927
    0.9960    0.4739
    1.0060    0.4564
    1.0160    0.4401
    1.0260    0.4252
    1.0360    0.4114
    1.0460    0.3987
    1.0560    0.3871
    1.0660    0.3765
    1.0760    0.3667
    1.0860    0.3578
    1.0960    0.3496
    1.1060    0.3421
    1.1160    0.3352
    1.1260    0.3289
    1.1360    0.3231
    1.1460    0.3177
    1.1560    0.3128
    1.1660    0.3082
    1.1760    0.3040
    1.1860    0.3002
    1.1960    0.2966
    1.2060    0.2934
    1.2160    0.2904
    1.2260    0.2876
    1.2360    0.2851
    1.2460    0.2829
    1.2560    0.2808
    1.2660    0.2789
    1.2760    0.2773
    1.2860    0.2758
    1.2960    0.2746
    1.3060    0.2735
    1.3160    0.2725
    1.3260    0.2718
    1.3360    0.2712
    1.3460    0.2708
    1.3560    0.2705
    1.3660    0.2705
 
    0.0000    4.0162
    0.0173    4.0190
    0.0346    4.0273
    0.0520    4.0411
    0.0693    4.0603
    0.0866    4.0846
    0.1039    4.1138
    0.1212    4.1478
    0.1386    4.1860
    0.1559    4.2282
    0.1732    4.2738
    0.1905    4.3225
    0.2078    4.3734
    0.2252    4.4259
    0.2425    4.4789
    0.2598    4.5306
    0.2771    4.5787
    0.2944    4.6184
    0.3118    4.6415
    0.3291    4.6365
    0.3464    4.5983
    0.3637    4.5344
    0.3811    4.4373
    0.3984    4.3278
    0.4157    4.2177
    0.4330    4.1072
    0.4503    3.9966
    0.4677    3.8861
    0.4850    3.7759
    0.5023    3.6661
    0.5196    3.5572
    0.5369    3.4491
    0.5543    3.3423
    0.5716    3.2369
    0.5889    3.1333
    0.6062    3.0317
    0.6235    2.9326
    0.6409    2.8361
    0.6582    2.7429
    0.6755    2.6533
    0.6928    2.5678
    0.7101    2.4872
    0.7275    2.4119
    0.7448    2.3427
    0.7621    2.2804
    0.7794    2.2257
    0.7967    2.1796
    0.8141    2.1427
    0.8314    2.1158
    0.8487    2.0994
    0.8660    2.0939
    0.8760    2.0944
    0.8860    2.0958
    0.8960    2.0981
    0.9060    2.1013
    0.9160    2.1054
    0.9260    2.1104
    0.9360    2.1161
    0.9460    2.1227
    0.9560    2.1301
    0.9660    2.1381
    0.9760    2.1468
    0.9860    2.1562
    0.9960    2.1661
    1.0060    2.1765
    1.0160    2.1874
    1.0260    2.1988
    1.0360    2.2104
    1.0460    2.2224
    1.0560    2.2347
    1.0660    2.2471
    1.0760    2.2597
    1.0860    2.2723
    1.0960    2.2850
    1.1060    2.2977
    1.1160    2.3103
    1.1260    2.3228
    1.1360    2.3352
    1.1460    2.3474
    1.1560    2.3593
    1.1660    2.3709
    1.1760    2.3822
    1.1860    2.3932
    1.1960    2.4037
    1.2060    2.4138
    1.2160    2.4235
    1.2260    2.4327
    1.2360    2.4414
    1.2460    2.4495
    1.2560    2.4570
    1.2660    2.4640
    1.2760    2.4704
    1.2860    2.4761
    1.2960    2.4812
    1.3060    2.4857
    1.3160    2.4894
    1.3260    2.4925
    1.3360    2.4950
    1.3460    2.4967
    1.3560    2.4978
    1.3660    2.4981
 
    0.0000    5.3030
    0.0173    5.3050
    0.0346    5.3109
    0.0520    5.3206
    0.0693    5.3338
    0.0866    5.3504
    0.1039    5.3700
    0.1212    5.3921
    0.1386    5.4162
    0.1559    5.4412
    0.1732    5.4644
    0.1905    5.4705
    0.2078    5.4221
    0.2252    5.3438
    0.2425    5.2561
    0.2598    5.1631
    0.2771    5.0663
    0.2944    4.9664
    0.3118    4.8640
    0.3291    4.7596
    0.3464    4.6534
    0.3637    4.5459
    0.3811    4.4373
    0.3984    4.3278
    0.4157    4.2177
    0.4330    4.1072
    0.4503    3.9966
    0.4677    3.8861
    0.4850    3.7759
    0.5023    3.6661
    0.5196    3.5572
    0.5369    3.4491
    0.5543    3.3423
    0.5716    3.2369
    0.5889    3.1333
    0.6062    3.0317
    0.6235    2.9326
    0.6409    2.8361
    0.6582    2.7429
    0.6755    2.6533
    0.6928    2.5678
    0.7101    2.4872
    0.7275    2.4119
    0.7448    2.3427
    0.7621    2.2804
    0.7794    2.2257
    0.7967    2.1796
    0.8141    2.1427
    0.8314    2.1158
    0.8487    2.0994
    0.8660    2.0939
    0.8760    2.0944
    0.8860    2.0958
    0.8960    2.0981
    0.9060    2.1013
    0.9160    2.1054
    0.9260    2.1104
    0.9360    2.1161
    0.9460    2.1227
    0.9560    2.1301
    0.9660    2.1381
    0.9760    2.1468
    0.9860    2.1562
    0.9960    2.1661
    1.0060    2.1765
    1.0160    2.1874
    1.0260    2.1988
    1.0360    2.2104
    1.0460    2.2224
    1.0560    2.2347
    1.0660    2.2471
    1.0760    2.2597
    1.0860    2.2723
    1.0960    2.2850
    1.1060    2.2977
    1.1160    2.3103
    1.1260    2.3228
    1.1360    2.3352
    1.1460    2.3474
    1.1560    2.3593
    1.1660    2.3709
    1.1760    2.3822
    1.1860    2.3932
    1.1960    2.4037
    1.2060    2.4138
    1.2160    2.4235
    1.2260    2.4327
    1.2360    2.4414
    1.2460    2.4495
    1.2560    2.4570
    1.2660    2.4640
    1.2760    2.4704
    1.2860    2.4761
    1.2960    2.4812
    1.3060    2.4857
    1.3160    2.4894
    1.3260    2.4925
    1.3360    2.4950
    1.3460    2.4967
    1.3560    2.4978
    1.3660    2.4981
 
    0.0000    5.3030
    0.0173    5.3050
    0.0346    5.3109
    0.0520    5.3206
    0.0693    5.3338
    0.0866    5.3504
    0.1039    5.3700
    0.1212    5.3921
    0.1386    5.4162
    0.1559    5.4412
    0.1732    5.4644
    0.1905    5.4705
    0.2078    5.4221
    0.2252    5.3438
    0.2425    5.2561
    0.2598    5.1631
    0.2771    5.0663
    0.2944    4.9664
    0.3118    4.8640
    0.3291    4.7596
    0.3464    4.6534
    0.3637    4.5459
    0.3811    4.4551
    0.3984    4.3672
    0.4157    4.2742
    0.4330    4.1778
    0.4503    4.0794
    0.4677    3.9795
    0.4850    3.8786
    0.5023    3.7771
    0.5196    3.6752
    0.5369    3.5733
    0.5543    3.4714
    0.5716    3.3698
    0.5889    3.2687
    0.6062    3.1683
    0.6235    3.0688
    0.6409    2.9704
    0.6582    2.8735
    0.6755    2.7784
    0.6928    2.6855
    0.7101    2.5953
    0.7275    2.5085
    0.7448    2.4261
    0.7621    2.3490
    0.7794    2.2787
    0.7967    2.2168
    0.8141    2.1654
    0.8314    2.1265
    0.8487    2.1022
    0.8660    2.0939
    0.8760    2.0994
    0.8860    2.1158
    0.8960    2.1424
    0.9060    2.1787
    0.9160    2.2235
    0.9260    2.2760
    0.9360    2.3353
    0.9460    2.4004
    0.9560    2.4704
    0.9660    2.5448
    0.9760    2.6229
    0.9860    2.7042
    0.9960    2.7882
    1.0060    2.8744
    1.0160    2.9626
    1.0260    3.0524
    1.0360    3.1435
    1.0460    3.2357
    1.0560    3.3288
    1.0660    3.4224
    1.0760    3.5165
    1.0860    3.6107
    1.0960    3.7050
    1.1060    3.7991
    1.1160    3.8928
    1.1260    3.9860
    1.1360    4.0784
    1.1460    4.1699
    1.1560    4.2604
    1.1660    4.3495
    1.1760    4.4371
    1.1860    4.5231
    1.1960    4.6071
    1.2060    4.6890
    1.2160    4.7686
    1.2260    4.8455
    1.2360    4.9196
    1.2460    4.9906
    1.2560    5.0582
    1.2660    5.1220
    1.2760    5.1818
    1.2860    5.2371
    1.2960    5.2875
    1.3060    5.3326
    1.3160    5.3720
    1.3260    5.4051
    1.3360    5.4315
    1.3460    5.4507
    1.3560    5.4624
    1.3660    5.4663
 
    0.0000    5.6516
    0.0173    5.6522
    0.0346    5.6538
    0.0520    5.6558
    0.0693    5.6573
    0.0866    5.6565
    0.1039    5.6512
    0.1212    5.6386
    0.1386    5.6165
    0.1559    5.5837
    0.1732    5.5404
    0.1905    5.4880
    0.2078    5.4282
    0.2252    5.3627
    0.2425    5.2933
    0.2598    5.2219
    0.2771    5.1513
    0.2944    5.0863
    0.3118    5.0349
    0.3291    5.0085
    0.3464    5.0118
    0.3637    5.0370
    0.3811    5.0734
    0.3984    5.1137
    0.4157    5.1541
    0.4330    5.1921
    0.4503    5.2262
    0.4677    5.2553
    0.4850    5.2787
    0.5023    5.2958
    0.5196    5.3063
    0.5369    5.3101
    0.5543    5.3071
    0.5716    5.2977
    0.5889    5.2823
    0.6062    5.2618
    0.6235    5.2370
    0.6409    5.2089
    0.6582    5.1787
    0.6755    5.1472
    0.6928    5.1155
    0.7101    5.0846
    0.7275    5.0550
    0.7448    5.0276
    0.7621    5.0028
    0.7794    4.9811
    0.7967    4.9629
    0.8141    4.9485
    0.8314    4.9380
    0.8487    4.9317
    0.8660    4.9296
    0.8760    4.9303
    0.8860    4.9324
    0.8960    4.9359
    0.9060    4.9409
    0.9160    4.9472
    0.9260    4.9550
    0.9360    4.9641
    0.9460    4.9746
    0.9560    4.9865
    0.9660    4.9998
    0.9760    5.0143
    0.9860    5.0302
    0.9960    5.0474
    1.0060    5.0659
    1.0160    5.0856
    1.0260    5.1066
    1.0360    5.1288
    1.0460    5.1522
    1.0560    5.1767
    1.0660    5.2024
    1.0760    5.2291
    1.0860    5.2569
    1.0960    5.2858
    1.1060    5.3156
    1.1160    5.3463
    1.1260    5.3779
    1.1360    5.4103
    1.1460    5.4435
    1.1560    5.4774
    1.1660    5.5120
    1.1760    5.5471
    1.1860    5.5826
    1.1960    5.6185
    1.2060    5.6546
    1.2160    5.6908
    1.2260    5.7270
    1.2360    5.7630
    1.2460    5.7986
    1.2560    5.8335
    1.2660    5.8675
    1.2760    5.9003
    1.2860    5.9314
    1.2960    5.9607
    1.3060    5.9875
    1.3160    6.0113
    1.3260    6.0318
    1.3360    6.0484
    1.3460    6.0606
    1.3560    6.0681
    1.3660    6.0706
 
    0.0000    5.6516
    0.0173    5.6533
    0.0346    5.6584
    0.0520    5.6666
    0.0693    5.6776
    0.0866    5.6903
    0.1039    5.7023
    0.1212    5.7075
    0.1386    5.6947
    0.1559    5.6575
    0.1732    5.6041
    0.1905    5.5573
    0.2078    5.5581
    0.2252    5.5841
    0.2425    5.6160
    0.2598    5.6502
    0.2771    5.6859
    0.2944    5.7228
    0.3118    5.7606
    0.3291    5.7991
    0.3464    5.8383
    0.3637    5.8779
    0.3811    5.9176
    0.3984    5.9572
    0.4157    5.9964
    0.4330    6.0347
    0.4503    6.0716
    0.4677    6.1067
    0.4850    6.1391
    0.5023    6.1683
    0.5196    6.1934
    0.5369    6.2138
    0.5543    6.2290
    0.5716    6.2384
    0.5889    6.2420
    0.6062    6.2177
    0.6235    6.1872
    0.6409    6.1610
    0.6582    6.1386
    0.6755    6.1198
    0.6928    6.1040
    0.7101    6.0907
    0.7275    6.0798
    0.7448    6.0707
    0.7621    6.0633
    0.7794    6.0573
    0.7967    6.0526
    0.8141    6.0491
    0.8314    6.0466
    0.8487    6.0452
    0.8660    6.0447
    0.8760    6.0451
    0.8860    6.0462
    0.8960    6.0482
    0.9060    6.0508
    0.9160    6.0543
    0.9260    6.0586
    0.9360    6.0636
    0.9460    6.0693
    0.9560    6.0759
    0.9660    6.0832
    0.9760    6.0913
    0.9860    6.1002
    0.9960    6.1099
    1.0060    6.1203
    1.0160    6.1315
    1.0260    6.1433
    1.0360    6.1549
    1.0460    6.1670
    1.0560    6.1795
    1.0660    6.1923
    1.0760    6.2053
    1.0860    6.2185
    1.0960    6.2318
    1.1060    6.2451
    1.1160    6.2582
    1.1260    6.2712
    1.1360    6.2839
    1.1460    6.2962
    1.1560    6.3080
    1.1660    6.3192
    1.1760    6.3296
    1.1860    6.3391
    1.1960    6.3476
    1.2060    6.3550
    1.2160    6.3613
    1.2260    6.3663
    1.2360    6.3699
    1.2460    6.3723
    1.2560    6.3732
    1.2660    6.3729
    1.2760    6.3713
    1.2860    6.3687
    1.2960    6.3653
    1.3060    6.3612
    1.3160    6.3568
    1.3260    6.3525
    1.3360    6.3487
    1.3460    6.3456
    1.3560    6.3437
    1.3660    6.3430
 
    0.0000    5.6516
    0.0173    5.6533
    0.0346    5.6584
    0.0520    5.6666
    0.0693    5.6776
    0.0866    5.6903
    0.1039    5.7023
    0.1212    5.7075
    0.1386    5.6947
    0.1559    5.6575
    0.1732    5.6041
    0.1905    5.5573
    0.2078    5.5581
    0.2252    5.5841
    0.2425    5.6160
    0.2598    5.6502
    0.2771    5.6859
    0.2944    5.7228
    0.3118    5.7606
    0.3291    5.7991
    0.3464    5.8383
    0.3637    5.8779
    0.3811    5.9176
    0.3984    5.9572
    0.4157    5.9964
    0.4330    6.0347
    0.4503    6.0716
    0.4677    6.1067
    0.4850    6.1391
    0.5023    6.1683
    0.5196    6.1934
    0.5369    6.2138
    0.5543    6.2290
    0.5716    6.2384
    0.5889    6.2420
    0.6062    6.2399
    0.6235    6.2328
    0.6409    6.2214
    0.6582    6.2066
    0.6755    6.1893
    0.6928    6.1705
    0.7101    6.1511
    0.7275    6.1318
    0.7448    6.1135
    0.7621    6.0965
    0.7794    6.0814
    0.7967    6.0685
    0.8141    6.0583
    0.8314    6.0508
    0.8487    6.0462
    0.8660    6.0447
    0.8760    6.0451
    0.8860    6.0462
    0.8960    6.0482
    0.9060    6.0508
    0.9160    6.0543
    0.9260    6.0586
    0.9360    6.0636
    0.9460    6.0693
    0.9560    6.0759
    0.9660    6.0832
    0.9760    6.0913
    0.9860    6.1002
    0.9960    6.1099
    1.0060    6.1203
    1.0160    6.1315
    1.0260    6.1435
    1.0360    6.1563
    1.0460    6.1699
    1.0560    6.1842
    1.0660    6.1994
    1.0760    6.2153
    1.0860    6.2321
    1.0960    6.2496
    1.1060    6.2680
    1.1160    6.2871
    1.1260    6.3071
    1.1360    6.3278
    1.1460    6.3493
    1.1560    6.3717
    1.1660    6.3948
    1.1760    6.4188
    1.1860    6.4435
    1.1960    6.4690
    1.2060    6.4952
    1.2160    6.5222
    1.2260    6.5500
    1.2360    6.5784
    1.2460    6.6075
    1.2560    6.6372
    1.2660    6.6674
    1.2760    6.6981
    1.2860    6.7291
    1.2960    6.7603
    1.3060    6.7913
    1.3160    6.8218
    1.3260    6.8511
    1.3360    6.8780
    1.3460    6.9008
    1.3560    6.9167
    1.3660    6.9224
 
    0.0000    6.0735
    0.0173    6.0692
    0.0346    6.0563
    0.0520    6.0352
    0.0693    6.0069
    0.0866    5.9729
    0.1039    5.9364
    0.1212    5.9042
    0.1386    5.8885
    0.1559    5.8970
    0.1732    5.9246
    0.1905    5.9643
    0.2078    6.0123
    0.2252    6.0667
    0.2425    6.1266
    0.2598    6.1911
    0.2771    6.2391
    0.2944    6.2852
    0.3118    6.3320
    0.3291    6.3788
    0.3464    6.4246
    0.3637    6.4680
    0.3811    6.5073
    0.3984    6.5402
    0.4157    6.5637
    0.4330    6.5744
    0.4503    6.5699
    0.4677    6.5500
    0.4850    6.5171
    0.5023    6.4754
    0.5196    6.4291
    0.5369    6.3816
    0.5543    6.3354
    0.5716    6.2921
    0.5889    6.2527
    0.6062    6.2399
    0.6235    6.2328
    0.6409    6.2214
    0.6582    6.2066
    0.6755    6.1893
    0.6928    6.1705
    0.7101    6.1511
    0.7275    6.1318
    0.7448    6.1135
    0.7621    6.0965
    0.7794    6.0814
    0.7967    6.0685
    0.8141    6.0583
    0.8314    6.0508
    0.8487    6.0462
    0.8660    6.0447
    0.8760    6.0451
    0.8860    6.0463
    0.8960    6.0484
    0.9060    6.0512
    0.9160    6.0549
    0.9260    6.0594
    0.9360    6.0646
    0.9460    6.0706
    0.9560    6.0773
    0.9660    6.0848
    0.9760    6.0930
    0.9860    6.1018
    0.9960    6.1113
    1.0060    6.1214
    1.0160    6.1321
    1.0260    6.1435
    1.0360    6.1563
    1.0460    6.1699
    1.0560    6.1842
    1.0660    6.1994
    1.0760    6.2153
    1.0860    6.2321
    1.0960    6.2496
    1.1060    6.2680
    1.1160    6.2871
    1.1260    6.3071
    1.1360    6.3278
    1.1460    6.3493
    1.1560    6.3717
    1.1660    6.3948
    1.1760    6.4188
    1.1860    6.4435
    1.1960    6.4690
    1.2060    6.4952
    1.2160    6.5222
    1.2260    6.5500
    1.2360    6.5784
    1.2460    6.6075
    1.2560    6.6372
    1.2660    6.6674
    1.2760    6.6981
    1.2860    6.7291
    1.2960    6.7603
    1.3060    6.7913
    1.3160    6.8218
    1.3260    6.8511
    1.3360    6.8780
    1.3460    6.9008
    1.3560    6.9167
    1.3660    6.9224
 
    0.0000    6.0735
    0.0173    6.0692
    0.0346    6.0563
    0.0520    6.0352
    0.0693    6.0069
    0.0866    5.9729
    0.1039    5.9364
    0.1212    5.9042
    0.1386    5.8885
    0.1559    5.8970
    0.1732    5.9246
    0.1905    5.9643
    0.2078    6.0123
    0.2252    6.0667
    0.2425    6.1266
    0.2598    6.1911
    0.2771    6.2596
    0.2944    6.3316
    0.3118    6.4064
    0.3291    6.4833
    0.3464    6.5618
    0.3637    6.6409
    0.3811    6.7198
    0.3984    6.7974
    0.4157    6.8726
    0.4330    6.9439
    0.4503    7.0099
    0.4677    7.0690
    0.4850    7.1198
    0.5023    7.1616
    0.5196    7.1947
    0.5369    7.2204
    0.5543    7.2408
    0.5716    7.2582
    0.5889    7.2746
    0.6062    7.2916
    0.6235    7.3098
    0.6409    7.3293
    0.6582    7.3497
    0.6755    7.3704
    0.6928    7.3906
    0.7101    7.4096
    0.7275    7.4268
    0.7448    7.4418
    0.7621    7.4544
    0.7794    7.4646
    0.7967    7.4726
    0.8141    7.4785
    0.8314    7.4826
    0.8487    7.4849
    0.8660    7.4857
    0.8760    7.4848
    0.8860    7.4821
    0.8960    7.4776
    0.9060    7.4715
    0.9160    7.4637
    0.9260    7.4543
    0.9360    7.4435
    0.9460    7.4314
    0.9560    7.4180
    0.9660    7.4036
    0.9760    7.3882
    0.9860    7.3720
    0.9960    7.3550
    1.0060    7.3374
    1.0160    7.3194
    1.0260    7.3009
    1.0360    7.2822
    1.0460    7.2633
    1.0560    7.2444
    1.0660    7.2254
    1.0760    7.2066
    1.0860    7.1879
    1.0960    7.1694
    1.1060    7.1513
    1.1160    7.1335
    1.1260    7.1161
    1.1360    7.0992
    1.1460    7.0828
    1.1560    7.0670
    1.1660    7.0519
    1.1760    7.0374
    1.1860    7.0236
    1.1960    7.0106
    1.2060    6.9984
    1.2160    6.9870
    1.2260    6.9766
    1.2360    6.9671
    1.2460    6.9587
    1.2560    6.9513
    1.2660    6.9451
    1.2760    6.9401
    1.2860    6.9364
    1.2960    6.9340
    1.3060    6.9331
    1.3160    6.9334
    1.3260    6.9351
    1.3360    6.9376
    1.3460    6.9404
    1.3560    6.9427
    1.3660    6.9436
 
    0.0000    6.0735
    0.0173    6.0712
    0.0346    6.0642
    0.0520    6.0534
    0.0693    6.0399
    0.0866    6.0254
    0.1039    6.0124
    0.1212    6.0040
    0.1386    6.0026
    0.1559    6.0099
    0.1732    6.0257
    0.1905    6.0491
    0.2078    6.0789
    0.2252    6.1138
    0.2425    6.1527
    0.2598    6.1947
    0.2771    6.2596
    0.2944    6.3316
    0.3118    6.4064
    0.3291    6.4833
    0.3464    6.5618
    0.3637    6.6409
    0.3811    6.7198
    0.3984    6.7974
    0.4157    6.8726
    0.4330    6.9439
    0.4503    7.0099
    0.4677    7.0690
    0.4850    7.1198
    0.5023    7.1616
    0.5196    7.1947
    0.5369    7.2204
    0.5543    7.2408
    0.5716    7.2582
    0.5889    7.2746
    0.6062    7.2916
    0.6235    7.3098
    0.6409    7.3293
    0.6582    7.3497
    0.6755    7.3704
    0.6928    7.3906
    0.7101    7.4096
    0.7275    7.4268
    0.7448    7.4418
    0.7621    7.4544
    0.7794    7.4646
    0.7967    7.4726
    0.8141    7.4785
    0.8314    7.4826
    0.8487    7.4849
    0.8660    7.4857
    0.8760    7.4861
    0.8860    7.4873
    0.8960    7.4892
    0.9060    7.4919
    0.9160    7.4954
    0.9260    7.4997
    0.9360    7.5047
    0.9460    7.5105
    0.9560    7.5170
    0.9660    7.5242
    0.9760    7.5321
    0.9860    7.5408
    0.9960    7.5500
    1.0060    7.5600
    1.0160    7.5705
    1.0260    7.5817
    1.0360    7.5934
    1.0460    7.6057
    1.0560    7.6185
    1.0660    7.6318
    1.0760    7.6455
    1.0860    7.6596
    1.0960    7.6741
    1.1060    7.6889
    1.1160    7.7040
    1.1260    7.7192
    1.1360    7.7347
    1.1460    7.7503
    1.1560    7.7659
    1.1660    7.7815
    1.1760    7.7971
    1.1860    7.7653
    1.1960    7.7171
    1.2060    7.6688
    1.2160    7.6206
    1.2260    7.5726
    1.2360    7.5251
    1.2460    7.4784
    1.2560    7.4325
    1.2660    7.3878
    1.2760    7.3446
    1.2860    7.3032
    1.2960    7.2640
    1.3060    7.2273
    1.3160    7.1939
    1.3260    7.1642
    1.3360    7.1393
    1.3460    7.1200
    1.3560    7.1077
    1.3660    7.1034
 
    0.0000    7.9543
    0.0173    7.9526
    0.0346    7.9477
    0.0520    7.9396
    0.0693    7.9289
    0.0866    7.9158
    0.1039    7.9010
    0.1212    7.8850
    0.1386    7.8682
    0.1559    7.8513
    0.1732    7.8348
    0.1905    7.8191
    0.2078    7.8046
    0.2252    7.7915
    0.2425    7.7796
    0.2598    7.7686
    0.2771    7.7569
    0.2944    7.7418
    0.3118    7.7182
    0.3291    7.6802
    0.3464    7.6258
    0.3637    7.5598
    0.3811    7.4905
    0.3984    7.4253
    0.4157    7.3708
    0.4330    7.3323
    0.4503    7.3139
    0.4677    7.3170
    0.4850    7.3399
    0.5023    7.3792
    0.5196    7.4311
    0.5369    7.4925
    0.5543    7.5609
    0.5716    7.6343
    0.5889    7.7112
    0.6062    7.7903
    0.6235    7.8703
    0.6409    7.9502
    0.6582    8.0289
    0.6755    8.1056
    0.6928    8.1792
    0.7101    8.2488
    0.7275    8.3136
    0.7448    8.3463
    0.7621    8.3759
    0.7794    8.4086
    0.7967    8.4436
    0.8141    8.4797
    0.8314    8.5157
    0.8487    8.5505
    0.8660    8.5791
    0.8760    8.5642
    0.8860    8.5444
    0.8960    8.5232
    0.9060    8.5011
    0.9160    8.4781
    0.9260    8.4546
    0.9360    8.4305
    0.9460    8.4061
    0.9560    8.3816
    0.9660    8.3569
    0.9760    8.3323
    0.9860    8.3077
    0.9960    8.2834
    1.0060    8.2592
    1.0160    8.2353
    1.0260    8.2116
    1.0360    8.1881
    1.0460    8.1648
    1.0560    8.1416
    1.0660    8.1184
    1.0760    8.0951
    1.0860    8.0716
    1.0960    8.0475
    1.1060    8.0228
    1.1160    7.9973
    1.1260    7.9707
    1.1360    7.9429
    1.1460    7.9138
    1.1560    7.8832
    1.1660    7.8512
    1.1760    7.8133
    1.1860    7.7830
    1.1960    7.7470
    1.2060    7.7099
    1.2160    7.6720
    1.2260    7.6333
    1.2360    7.5941
    1.2460    7.5545
    1.2560    7.5147
    1.2660    7.4749
    1.2760    7.4352
    1.2860    7.3960
    1.2960    7.3573
    1.3060    7.3197
    1.3160    7.2835
    1.3260    7.2495
    1.3360    7.2189
    1.3460    7.1935
    1.3560    7.1760
    1.3660    7.1697
 
    0.0000    7.9543
    0.0173    7.9558
    0.0346    7.9600
    0.0520    7.9671
    0.0693    7.9769
    0.0866    7.9893
    0.1039    8.0042
    0.1212    8.0214
    0.1386    8.0406
    0.1559    8.0617
    0.1732    8.0844
    0.1905    8.1084
    0.2078    8.1332
    0.2252    8.1583
    0.2425    8.1831
    0.2598    8.2068
    0.2771    8.2285
    0.2944    8.1921
    0.3118    8.1157
    0.3291    8.0637
    0.3464    8.0399
    0.3637    8.0412
    0.3811    8.0619
    0.3984    8.0973
    0.4157    8.1448
    0.4330    8.1400
    0.4503    8.1111
    0.4677    8.0893
    0.4850    8.0771
    0.5023    8.0760
    0.5196    8.0861
    0.5369    8.1059
    0.5543    8.1326
    0.5716    8.1624
    0.5889    8.1908
    0.6062    8.2144
    0.6235    8.2318
    0.6409    8.2446
    0.6582    8.2555
    0.6755    8.2671
    0.6928    8.2811
    0.7101    8.2987
    0.7275    8.3204
    0.7448    8.3463
    0.7621    8.3759
    0.7794    8.4086
    0.7967    8.4436
    0.8141    8.4797
    0.8314    8.5157
    0.8487    8.5505
    0.8660    8.5791
    0.8760    8.5642
    0.8860    8.5444
    0.8960    8.5232
    0.9060    8.5011
    0.9160    8.4781
    0.9260    8.4546
    0.9360    8.4305
    0.9460    8.4061
    0.9560    8.3816
    0.9660    8.3569
    0.9760    8.3323
    0.9860    8.3077
    0.9960    8.2834
    1.0060    8.2592
    1.0160    8.2353
    1.0260    8.2116
    1.0360    8.1881
    1.0460    8.1648
    1.0560    8.1416
    1.0660    8.1184
    1.0760    8.0951
    1.0860    8.0716
    1.0960    8.0475
    1.1060    8.0228
    1.1160    7.9973
    1.1260    7.9707
    1.1360    7.9429
    1.1460    7.9138
    1.1560    7.8832
    1.1660    7.8512
    1.1760    7.8177
    1.1860    7.7830
    1.1960    7.7470
    1.2060    7.7099
    1.2160    7.6720
    1.2260    7.6333
    1.2360    7.5941
    1.2460    7.5545
    1.2560    7.5147
    1.2660    7.4749
    1.2760    7.4352
    1.2860    7.3960
    1.2960    7.3573
    1.3060    7.3197
    1.3160    7.2835
    1.3260    7.2495
    1.3360    7.2189
    1.3460    7.1935
    1.3560    7.1760
    1.3660    7.1697
 
    0.0000    7.9543
    0.0173    7.9558
    0.0346    7.9600
    0.0520    7.9671
    0.0693    7.9769
    0.0866    7.9893
    0.1039    8.0042
    0.1212    8.0214
    0.1386    8.0406
    0.1559    8.0617
    0.1732    8.0844
    0.1905    8.1084
    0.2078    8.1332
    0.2252    8.1583
    0.2425    8.1831
    0.2598    8.2068
    0.2771    8.2285
    0.2944    8.2469
    0.3118    8.2605
    0.3291    8.2674
    0.3464    8.2658
    0.3637    8.2545
    0.3811    8.2336
    0.3984    8.2052
    0.4157    8.1726
    0.4330    8.1400
    0.4503    8.1111
    0.4677    8.0893
    0.4850    8.0771
    0.5023    8.0760
    0.5196    8.0861
    0.5369    8.1059
    0.5543    8.1326
    0.5716    8.1624
    0.5889    8.1908
    0.6062    8.2144
    0.6235    8.2318
    0.6409    8.2446
    0.6582    8.2555
    0.6755    8.2671
    0.6928    8.2811
    0.7101    8.2987
    0.7275    8.3204
    0.7448    8.3728
    0.7621    8.4255
    0.7794    8.4713
    0.7967    8.5095
    0.8141    8.5397
    0.8314    8.5615
    0.8487    8.5747
    0.8660    8.5791
    0.8760    8.5786
    0.8860    8.5772
    0.8960    8.5747
    0.9060    8.5712
    0.9160    8.5665
    0.9260    8.5606
    0.9360    8.5532
    0.9460    8.5443
    0.9560    8.5336
    0.9660    8.5212
    0.9760    8.5069
    0.9860    8.4905
    0.9960    8.4720
    1.0060    8.4513
    1.0160    8.4285
    1.0260    8.4034
    1.0360    8.3762
    1.0460    8.3468
    1.0560    8.3152
    1.0660    8.2817
    1.0760    8.2463
    1.0860    8.2090
    1.0960    8.1700
    1.1060    8.1295
    1.1160    8.0875
    1.1260    8.0442
    1.1360    7.9998
    1.1460    7.9543
    1.1560    7.9080
    1.1660    7.8609
    1.1760    7.8177
    1.1860    7.8125
    1.1960    7.8276
    1.2060    7.8425
    1.2160    7.8571
    1.2260    7.8712
    1.2360    7.8847
    1.2460    7.8977
    1.2560    7.9100
    1.2660    7.9216
    1.2760    7.9323
    1.2860    7.9421
    1.2960    7.9510
    1.3060    7.9588
    1.3160    7.9655
    1.3260    7.9711
    1.3360    7.9755
    1.3460    7.9787
    1.3560    7.9806
    1.3660    7.9812
 
    0.0000    9.6911
    0.0173    9.6814
    0.0346    9.6526
    0.0520    9.6062
    0.0693    9.5439
    0.0866    9.4681
    0.1039    9.3810
    0.1212    9.2849
    0.1386    9.1816
    0.1559    9.0729
    0.1732    8.9604
    0.1905    8.8455
    0.2078    8.7295
    0.2252    8.6138
    0.2425    8.4998
    0.2598    8.3895
    0.2771    8.2855
    0.2944    8.2469
    0.3118    8.2605
    0.3291    8.2674
    0.3464    8.2658
    0.3637    8.2545
    0.3811    8.2336
    0.3984    8.2052
    0.4157    8.1726
    0.4330    8.2027
    0.4503    8.2697
    0.4677    8.3453
    0.4850    8.4285
    0.5023    8.4992
    0.5196    8.4815
    0.5369    8.4660
    0.5543    8.4544
    0.5716    8.4485
    0.5889    8.4507
    0.6062    8.4629
    0.6235    8.4847
    0.6409    8.5137
    0.6582    8.5460
    0.6755    8.5784
    0.6928    8.6084
    0.7101    8.6341
    0.7275    8.6545
    0.7448    8.6685
    0.7621    8.6745
    0.7794    8.6481
    0.7967    8.6264
    0.8141    8.6095
    0.8314    8.5974
    0.8487    8.5902
    0.8660    8.5878
    0.8760    8.5883
    0.8860    8.5899
    0.8960    8.5927
    0.9060    8.5965
    0.9160    8.6014
    0.9260    8.6074
    0.9360    8.6145
    0.9460    8.6227
    0.9560    8.6319
    0.9660    8.6423
    0.9760    8.6537
    0.9860    8.6459
    0.9960    8.6352
    1.0060    8.6221
    1.0160    8.6069
    1.0260    8.5897
    1.0360    8.5708
    1.0460    8.5504
    1.0560    8.5288
    1.0660    8.5063
    1.0760    8.4832
    1.0860    8.4599
    1.0960    8.4366
    1.1060    8.4139
    1.1160    8.3920
    1.1260    8.3713
    1.1360    8.3521
    1.1460    8.3346
    1.1560    8.3191
    1.1660    8.3056
    1.1760    8.2942
    1.1860    8.2849
    1.1960    8.2776
    1.2060    8.2723
    1.2160    8.2687
    1.2260    8.2668
    1.2360    8.2664
    1.2460    8.2673
    1.2560    8.2692
    1.2660    8.2721
    1.2760    8.2757
    1.2860    8.2798
    1.2960    8.2841
    1.3060    8.2885
    1.3160    8.2927
    1.3260    8.2965
    1.3360    8.2997
    1.3460    8.3021
    1.3560    8.3036
    1.3660    8.3041
 
    0.0000    9.6911
    0.0173    9.6877
    0.0346    9.6776
    0.0520    9.6608
    0.0693    9.6375
    0.0866    9.6077
    0.1039    9.5718
    0.1212    9.5301
    0.1386    9.4828
    0.1559    9.4304
    0.1732    9.3734
    0.1905    9.3123
    0.2078    9.2478
    0.2252    9.1806
    0.2425    9.1115
    0.2598    9.0415
    0.2771    8.9717
    0.2944    8.9034
    0.3118    8.8384
    0.3291    8.7784
    0.3464    8.7255
    0.3637    8.6811
    0.3811    8.6455
    0.3984    8.6175
    0.4157    8.5946
    0.4330    8.5746
    0.4503    8.5556
    0.4677    8.5368
    0.4850    8.5178
    0.5023    8.4992
    0.5196    8.4815
    0.5369    8.4660
    0.5543    8.4544
    0.5716    8.4485
    0.5889    8.4507
    0.6062    8.4629
    0.6235    8.4847
    0.6409    8.5137
    0.6582    8.5460
    0.6755    8.5784
    0.6928    8.6084
    0.7101    8.6341
    0.7275    8.6545
    0.7448    8.6685
    0.7621    8.6759
    0.7794    8.6762
    0.7967    8.6697
    0.8141    8.6566
    0.8314    8.6373
    0.8487    8.6129
    0.8660    8.5878
    0.8760    8.6011
    0.8860    8.6164
    0.8960    8.6299
    0.9060    8.6414
    0.9160    8.6506
    0.9260    8.6576
    0.9360    8.6621
    0.9460    8.6640
    0.9560    8.6634
    0.9660    8.6601
    0.9760    8.6543
    0.9860    8.6459
    0.9960    8.6352
    1.0060    8.6221
    1.0160    8.6069
    1.0260    8.5897
    1.0360    8.5708
    1.0460    8.5504
    1.0560    8.5288
    1.0660    8.5063
    1.0760    8.4832
    1.0860    8.4599
    1.0960    8.4366
    1.1060    8.4139
    1.1160    8.3920
    1.1260    8.3713
    1.1360    8.3521
    1.1460    8.3346
    1.1560    8.3191
    1.1660    8.3056
    1.1760    8.2942
    1.1860    8.2849
    1.1960    8.2776
    1.2060    8.2723
    1.2160    8.2687
    1.2260    8.2668
    1.2360    8.2664
    1.2460    8.2673
    1.2560    8.2692
    1.2660    8.2721
    1.2760    8.2757
    1.2860    8.2798
    1.2960    8.2841
    1.3060    8.2885
    1.3160    8.2927
    1.3260    8.2965
    1.3360    8.2997
    1.3460    8.3021
    1.3560    8.3036
    1.3660    8.3041
 
    0.0000    9.6911
    0.0173    9.6877
    0.0346    9.6776
    0.0520    9.6608
    0.0693    9.6375
    0.0866    9.6077
    0.1039    9.5718
    0.1212    9.5301
    0.1386    9.4828
    0.1559    9.4304
    0.1732    9.3734
    0.1905    9.3123
    0.2078    9.2478
    0.2252    9.1806
    0.2425    9.1115
    0.2598    9.0415
    0.2771    8.9717
    0.2944    8.9034
    0.3118    8.8384
    0.3291    8.7784
    0.3464    8.7255
    0.3637    8.6811
    0.3811    8.6455
    0.3984    8.6175
    0.4157    8.5946
    0.4330    8.5746
    0.4503    8.5556
    0.4677    8.5368
    0.4850    8.5178
    0.5023    8.5190
    0.5196    8.6160
    0.5369    8.7191
    0.5543    8.8277
    0.5716    8.9413
    0.5889    9.0594
    0.6062    9.1182
    0.6235    9.0513
    0.6409    8.9887
    0.6582    8.9303
    0.6755    8.8764
    0.6928    8.8269
    0.7101    8.7819
    0.7275    8.7414
    0.7448    8.7056
    0.7621    8.6759
    0.7794    8.6762
    0.7967    8.6697
    0.8141    8.6566
    0.8314    8.6373
    0.8487    8.6129
    0.8660    8.5878
    0.8760    8.6011
    0.8860    8.6164
    0.8960    8.6299
    0.9060    8.6414
    0.9160    8.6506
    0.9260    8.6576
    0.9360    8.6621
    0.9460    8.6640
    0.9560    8.6634
    0.9660    8.6601
    0.9760    8.6543
    0.9860    8.6662
    0.9960    8.6798
    1.0060    8.6944
    1.0160    8.7102
    1.0260    8.7270
    1.0360    8.7448
    1.0460    8.7637
    1.0560    8.7837
    1.0660    8.8047
    1.0760    8.8267
    1.0860    8.8498
    1.0960    8.8739
    1.1060    8.8991
    1.1160    8.9252
    1.1260    8.9524
    1.1360    8.9805
    1.1460    9.0097
    1.1560    9.0398
    1.1660    9.0708
    1.1760    9.1028
    1.1860    9.1357
    1.1960    9.1696
    1.2060    9.2043
    1.2160    9.2398
    1.2260    9.2761
    1.2360    9.3132
    1.2460    9.3510
    1.2560    9.3456
    1.2660    9.3117
    1.2760    9.2802
    1.2860    9.2511
    1.2960    9.2248
    1.3060    9.2014
    1.3160    9.1811
    1.3260    9.1642
    1.3360    9.1508
    1.3460    9.1411
    1.3560    9.1352
    1.3660    9.1333
 
    0.0000   10.1883
    0.0173   10.1891
    0.0346   10.1910
    0.0520   10.1938
    0.0693   10.1967
    0.0866   10.1986
    0.1039   10.1986
    0.1212   10.1955
    0.1386   10.1886
    0.1559   10.1771
    0.1732   10.1608
    0.1905   10.1397
    0.2078   10.1142
    0.2252   10.0849
    0.2425   10.0529
    0.2598   10.0192
    0.2771    9.9851
    0.2944    9.9517
    0.3118    9.9206
    0.3291    9.8929
    0.3464    9.8699
    0.3637    9.8530
    0.3811    9.8431
    0.3984    9.8411
    0.4157    9.8476
    0.4330    9.8626
    0.4503    9.8862
    0.4677    9.7963
    0.4850    9.6985
    0.5023    9.6042
    0.5196    9.5135
    0.5369    9.4266
    0.5543    9.3436
    0.5716    9.2644
    0.5889    9.1893
    0.6062    9.1814
    0.6235    9.3069
    0.6409    9.4352
    0.6582    9.5660
    0.6755    9.6985
    0.6928    9.8320
    0.7101    9.9659
    0.7275   10.0993
    0.7448   10.2313
    0.7621   10.3605
    0.7794   10.4856
    0.7967   10.6046
    0.8141   10.7145
    0.8314   10.8105
    0.8487   10.8837
    0.8660   10.9178
    0.8760   10.9108
    0.8860   10.8912
    0.8960   10.8621
    0.9060   10.8262
    0.9160   10.7859
    0.9260   10.7426
    0.9360   10.6973
    0.9460   10.6506
    0.9560   10.6030
    0.9660   10.5548
    0.9760   10.5064
    0.9860   10.4578
    0.9960   10.4093
    1.0060   10.3611
    1.0160   10.3133
    1.0260   10.2660
    1.0360   10.2194
    1.0460   10.1736
    1.0560   10.1288
    1.0660   10.0850
    1.0760   10.0425
    1.0860   10.0013
    1.0960    9.9616
    1.1060    9.9235
    1.1160    9.8872
    1.1260    9.8529
    1.1360    9.8206
    1.1460    9.7906
    1.1560    9.7630
    1.1660    9.7285
    1.1760    9.6806
    1.1860    9.6338
    1.1960    9.5881
    1.2060    9.5438
    1.2160    9.5008
    1.2260    9.4593
    1.2360    9.4196
    1.2460    9.3816
    1.2560    9.3456
    1.2660    9.3117
    1.2760    9.2802
    1.2860    9.2511
    1.2960    9.2248
    1.3060    9.2014
    1.3160    9.1811
    1.3260    9.1642
    1.3360    9.1508
    1.3460    9.1411
    1.3560    9.1352
    1.3660    9.1333
 
    0.0000   10.1883
    0.0173   10.1891
    0.0346   10.1910
    0.0520   10.1938
    0.0693   10.1967
    0.0866   10.1986
    0.1039   10.1986
    0.1212   10.1955
    0.1386   10.1886
    0.1559   10.1771
    0.1732   10.1608
    0.1905   10.1397
    0.2078   10.1142
    0.2252   10.0849
    0.2425   10.0529
    0.2598   10.0192
    0.2771    9.9851
    0.2944    9.9517
    0.3118    9.9206
    0.3291    9.8929
    0.3464    9.8699
    0.3637    9.8530
    0.3811    9.8431
    0.3984    9.8411
    0.4157    9.8476
    0.4330    9.8626
    0.4503    9.8862
    0.4677    9.9178
    0.4850    9.9568
    0.5023   10.0024
    0.5196   10.0537
    0.5369   10.1096
    0.5543   10.1693
    0.5716   10.2317
    0.5889   10.2957
    0.6062   10.3604
    0.6235   10.4247
    0.6409   10.4876
    0.6582   10.5482
    0.6755   10.6054
    0.6928   10.6586
    0.7101   10.7070
    0.7275   10.7503
    0.7448   10.7882
    0.7621   10.8207
    0.7794   10.8478
    0.7967   10.8700
    0.8141   10.8877
    0.8314   10.9016
    0.8487   10.9122
    0.8660   10.9178
    0.8760   10.9121
    0.8860   10.9006
    0.8960   10.8862
    0.9060   10.8690
    0.9160   10.8487
    0.9260   10.8254
    0.9360   10.7988
    0.9460   10.7691
    0.9560   10.7364
    0.9660   10.7008
    0.9760   10.6626
    0.9860   10.6220
    0.9960   10.5792
    1.0060   10.5345
    1.0160   10.4881
    1.0260   10.4403
    1.0360   10.3912
    1.0460   10.3412
    1.0560   10.2904
    1.0660   10.2391
    1.0760   10.1873
    1.0860   10.1353
    1.0960   10.0833
    1.1060   10.0313
    1.1160    9.9795
    1.1260    9.9281
    1.1360    9.8772
    1.1460    9.8269
    1.1560    9.7773
    1.1660    9.7285
    1.1760    9.6806
    1.1860    9.6338
    1.1960    9.5881
    1.2060    9.5438
    1.2160    9.5008
    1.2260    9.4593
    1.2360    9.4196
    1.2460    9.3816
    1.2560    9.3893
    1.2660    9.4282
    1.2760    9.4674
    1.2860    9.5067
    1.2960    9.5459
    1.3060    9.5846
    1.3160    9.6220
    1.3260    9.6572
    1.3360    9.6888
    1.3460    9.7144
    1.3560    9.7187
    1.3660    9.7202
 
    0.0000   11.1625
    0.0173   11.1678
    0.0346   11.1836
    0.0520   11.2099
    0.0693   11.2464
    0.0866   11.2926
    0.1039   11.3479
    0.1212   11.4113
    0.1386   11.4817
    0.1559   11.5580
    0.1732   11.6383
    0.1905   11.7204
    0.2078   11.6283
    0.2252   11.4888
    0.2425   11.3512
    0.2598   11.2156
    0.2771   11.0823
    0.2944   10.9514
    0.3118   10.8229
    0.3291   10.6971
    0.3464   10.5739
    0.3637   10.4536
    0.3811   10.3362
    0.3984   10.2218
    0.4157   10.1105
    0.4330   10.0025
    0.4503    9.8977
    0.4677    9.9178
    0.4850    9.9568
    0.5023   10.0024
    0.5196   10.0537
    0.5369   10.1096
    0.5543   10.1693
    0.5716   10.2317
    0.5889   10.2957
    0.6062   10.3604
    0.6235   10.4247
    0.6409   10.4876
    0.6582   10.5482
    0.6755   10.6054
    0.6928   10.6586
    0.7101   10.7070
    0.7275   10.7503
    0.7448   10.7882
    0.7621   10.8207
    0.7794   10.8478
    0.7967   10.8700
    0.8141   10.8877
    0.8314   10.9016
    0.8487   10.9122
    0.8660   10.9178
    0.8760   10.9121
    0.8860   10.9006
    0.8960   10.8862
    0.9060   10.8690
    0.9160   10.8487
    0.9260   10.8254
    0.9360   10.7988
    0.9460   10.7691
    0.9560   10.7364
    0.9660   10.7008
    0.9760   10.6626
    0.9860   10.6220
    0.9960   10.5792
    1.0060   10.5345
    1.0160   10.4881
    1.0260   10.4403
    1.0360   10.3912
    1.0460   10.3412
    1.0560   10.2904
    1.0660   10.2391
    1.0760   10.1873
    1.0860   10.1353
    1.0960   10.0833
    1.1060   10.0313
    1.1160    9.9795
    1.1260    9.9281
    1.1360    9.8772
    1.1460    9.8269
    1.1560    9.7773
    1.1660    9.7378
    1.1760    9.7154
    1.1860    9.6957
    1.1960    9.6789
    1.2060    9.6651
    1.2160    9.6543
    1.2260    9.6466
    1.2360    9.6419
    1.2460    9.6402
    1.2560    9.6413
    1.2660    9.6450
    1.2760    9.6510
    1.2860    9.6589
    1.2960    9.6683
    1.3060    9.6785
    1.3160    9.6890
    1.3260    9.6989
    1.3360    9.7076
    1.3460    9.7146
    1.3560    9.7319
    1.3660    9.7381
 
    0.0000   11.6158
    0.0173   11.6163
    0.0346   11.6180
    0.0520   11.6213
    0.0693   11.6271
    0.0866   11.6362
    0.1039   11.6497
    0.1212   11.6683
    0.1386   11.6926
    0.1559   11.7227
    0.1732   11.7575
    0.1905   11.7696
    0.2078   11.7988
    0.2252   11.8522
    0.2425   11.8609
    0.2598   11.8516
    0.2771   11.8360
    0.2944   11.8172
    0.3118   11.7965
    0.3291   11.7746
    0.3464   11.7520
    0.3637   11.7290
    0.3811   11.7061
    0.3984   11.6832
    0.4157   11.6605
    0.4330   11.6379
    0.4503   11.6154
    0.4677   11.5928
    0.4850   11.5698
    0.5023   11.5459
    0.5196   11.5207
    0.5369   11.4935
    0.5543   11.4635
    0.5716   11.4302
    0.5889   11.3931
    0.6062   11.3526
    0.6235   11.3095
    0.6409   11.2651
    0.6582   11.2208
    0.6755   11.1780
    0.6928   11.1377
    0.7101   11.1007
    0.7275   11.0675
    0.7448   11.0384
    0.7621   11.0134
    0.7794   10.9926
    0.7967   10.9759
    0.8141   10.9628
    0.8314   10.9530
    0.8487   10.9441
    0.8660   10.9363
    0.8760   10.9369
    0.8860   10.9385
    0.8960   10.9413
    0.9060   10.9453
    0.9160   10.9506
    0.9260   10.9572
    0.9360   10.9653
    0.9460   10.9749
    0.9560   10.9862
    0.9660   10.9993
    0.9760   11.0142
    0.9860   11.0309
    0.9960   11.0496
    1.0060   11.0702
    1.0160   11.0927
    1.0260   11.1170
    1.0360   11.1430
    1.0460   11.1706
    1.0560   11.1994
    1.0660   11.2294
    1.0760   11.2601
    1.0860   11.2912
    1.0960   11.3224
    1.1060   11.3531
    1.1160   11.3830
    1.1260   11.4115
    1.1360   11.3781
    1.1460   11.3089
    1.1560   11.2403
    1.1660   11.1724
    1.1760   11.1054
    1.1860   11.0391
    1.1960   10.9736
    1.2060   10.9090
    1.2160   10.8453
    1.2260   10.7826
    1.2360   10.7210
    1.2460   10.6604
    1.2560   10.6011
    1.2660   10.5430
    1.2760   10.4864
    1.2860   10.4315
    1.2960   10.3786
    1.3060   10.3280
    1.3160   10.2805
    1.3260   10.2371
    1.3360   10.1990
    1.3460   10.1686
    1.3560   10.1486
    1.3660   10.1415
 
    0.0000   11.6158
    0.0173   11.6163
    0.0346   11.6180
    0.0520   11.6213
    0.0693   11.6271
    0.0866   11.6362
    0.1039   11.6497
    0.1212   11.6683
    0.1386   11.6926
    0.1559   11.7227
    0.1732   11.7575
    0.1905   11.7949
    0.2078   11.8306
    0.2252   11.8580
    0.2425   11.8703
    0.2598   11.8659
    0.2771   11.8494
    0.2944   11.8269
    0.3118   11.8022
    0.3291   11.7777
    0.3464   11.7546
    0.3637   11.7335
    0.3811   11.7146
    0.3984   11.6979
    0.4157   11.6835
    0.4330   11.6710
    0.4503   11.6604
    0.4677   11.6513
    0.4850   11.6433
    0.5023   11.6359
    0.5196   11.6285
    0.5369   11.6201
    0.5543   11.6097
    0.5716   11.5960
    0.5889   11.5775
    0.6062   11.5526
    0.6235   11.5203
    0.6409   11.4801
    0.6582   11.4326
    0.6755   11.3794
    0.6928   11.3225
    0.7101   11.2642
    0.7275   11.2066
    0.7448   11.1517
    0.7621   11.1011
    0.7794   11.0559
    0.7967   11.0173
    0.8141   10.9857
    0.8314   10.9613
    0.8487   10.9441
    0.8660   10.9363
    0.8760   10.9415
    0.8860   10.9515
    0.8960   10.9635
    0.9060   10.9774
    0.9160   10.9937
    0.9260   11.0127
    0.9360   11.0345
    0.9460   11.0593
    0.9560   11.0874
    0.9660   11.1187
    0.9760   11.1533
    0.9860   11.1913
    0.9960   11.2326
    1.0060   11.2773
    1.0160   11.3252
    1.0260   11.3764
    1.0360   11.4307
    1.0460   11.4880
    1.0560   11.5483
    1.0660   11.6115
    1.0760   11.6774
    1.0860   11.7330
    1.0960   11.6611
    1.1060   11.5895
    1.1160   11.5185
    1.1260   11.4480
    1.1360   11.4383
    1.1460   11.4630
    1.1560   11.4853
    1.1660   11.4788
    1.1760   11.4327
    1.1860   11.3881
    1.1960   11.3451
    1.2060   11.3038
    1.2160   11.2643
    1.2260   11.2268
    1.2360   11.1913
    1.2460   11.1580
    1.2560   11.1269
    1.2660   11.0981
    1.2760   11.0718
    1.2860   11.0480
    1.2960   11.0267
    1.3060   11.0082
    1.3160   10.9923
    1.3260   10.9793
    1.3360   10.9691
    1.3460   10.9618
    1.3560   10.9574
    1.3660   10.9559
 
    0.0000   11.7006
    0.0173   11.7053
    0.0346   11.7190
    0.0520   11.7399
    0.0693   11.7658
    0.0866   11.7941
    0.1039   11.8223
    0.1212   11.8482
    0.1386   11.8702
    0.1559   11.8872
    0.1732   11.8989
    0.1905   11.7949
    0.2078   11.8306
    0.2252   11.8580
    0.2425   11.8703
    0.2598   11.8659
    0.2771   11.8494
    0.2944   11.8269
    0.3118   11.8022
    0.3291   11.7777
    0.3464   11.7546
    0.3637   11.7335
    0.3811   11.7146
    0.3984   11.6979
    0.4157   11.6835
    0.4330   11.6710
    0.4503   11.6604
    0.4677   11.6513
    0.4850   11.6433
    0.5023   11.6359
    0.5196   11.6285
    0.5369   11.6201
    0.5543   11.6097
    0.5716   11.5960
    0.5889   11.5775
    0.6062   11.5526
    0.6235   11.5203
    0.6409   11.4801
    0.6582   11.4326
    0.6755   11.3794
    0.6928   11.3225
    0.7101   11.2642
    0.7275   11.2066
    0.7448   11.1517
    0.7621   11.1011
    0.7794   11.0559
    0.7967   11.0173
    0.8141   10.9857
    0.8314   10.9613
    0.8487   10.9447
    0.8660   10.9363
    0.8760   10.9415
    0.8860   10.9515
    0.8960   10.9635
    0.9060   10.9774
    0.9160   10.9937
    0.9260   11.0127
    0.9360   11.0345
    0.9460   11.0593
    0.9560   11.0874
    0.9660   11.1187
    0.9760   11.1533
    0.9860   11.1913
    0.9960   11.2326
    1.0060   11.2773
    1.0160   11.3252
    1.0260   11.3764
    1.0360   11.4307
    1.0460   11.4880
    1.0560   11.5483
    1.0660   11.6115
    1.0760   11.6774
    1.0860   11.7459
    1.0960   11.8170
    1.1060   11.7811
    1.1160   11.7283
    1.1260   11.6763
    1.1360   11.6252
    1.1460   11.5752
    1.1560   11.5264
    1.1660   11.5051
    1.1760   11.5222
    1.1860   11.5367
    1.1960   11.5488
    1.2060   11.5587
    1.2160   11.5667
    1.2260   11.5729
    1.2360   11.5777
    1.2460   11.5813
    1.2560   11.5840
    1.2660   11.5858
    1.2760   11.5836
    1.2860   11.5182
    1.2960   11.4561
    1.3060   11.3986
    1.3160   11.3472
    1.3260   11.3031
    1.3360   11.2674
    1.3460   11.2412
    1.3560   11.2251
    1.3660   11.2197
 
    0.0000   12.8147
    0.0173   12.8068
    0.0346   12.7844
    0.0520   12.7506
    0.0693   12.7080
    0.0866   12.6373
    0.1039   12.4927
    0.1212   12.3472
    0.1386   12.2016
    0.1559   12.0565
    0.1732   11.9124
    0.1905   11.9062
    0.2078   11.9132
    0.2252   11.9401
    0.2425   12.0056
    0.2598   12.0823
    0.2771   12.1573
    0.2944   12.2269
    0.3118   12.2895
    0.3291   12.3439
    0.3464   12.3182
    0.3637   12.2924
    0.3811   12.2683
    0.3984   12.2459
    0.4157   12.2252
    0.4330   12.2064
    0.4503   12.1896
    0.4677   12.1749
    0.4850   12.1623
    0.5023   12.1518
    0.5196   12.1185
    0.5369   12.0378
    0.5543   11.9636
    0.5716   11.8974
    0.5889   11.8402
    0.6062   11.7918
    0.6235   11.7515
    0.6409   11.7178
    0.6582   11.6891
    0.6755   11.6635
    0.6928   11.6394
    0.7101   11.6150
    0.7275   11.5888
    0.7448   11.5595
    0.7621   11.5258
    0.7794   11.4867
    0.7967   11.4420
    0.8141   11.3925
    0.8314   11.3418
    0.8487   11.2988
    0.8660   11.2805
    0.8760   11.2870
    0.8860   11.3050
    0.8960   11.3315
    0.9060   11.3637
    0.9160   11.3994
    0.9260   11.4370
    0.9360   11.4756
    0.9460   11.5146
    0.9560   11.5535
    0.9660   11.5920
    0.9760   11.6298
    0.9860   11.6667
    0.9960   11.7027
    1.0060   11.7374
    1.0160   11.7709
    1.0260   11.8029
    1.0360   11.8335
    1.0460   11.8624
    1.0560   11.8895
    1.0660   11.8781
    1.0760   11.8054
    1.0860   11.7459
    1.0960   11.8170
    1.1060   11.8905
    1.1160   11.9663
    1.1260   12.0218
    1.1360   12.0307
    1.1460   12.0364
    1.1560   12.0385
    1.1660   12.0366
    1.1760   12.0299
    1.1860   12.0175
    1.1960   11.9984
    1.2060   11.9716
    1.2160   11.9363
    1.2260   11.8921
    1.2360   11.8397
    1.2460   11.7806
    1.2560   11.7168
    1.2660   11.6504
    1.2760   11.5871
    1.2860   11.5879
    1.2960   11.5884
    1.3060   11.5886
    1.3160   11.5886
    1.3260   11.5886
    1.3360   11.5885
    1.3460   11.5884
    1.3560   11.5884
    1.3660   11.5884
 
    0.0000   12.8147
    0.0173   12.8068
    0.0346   12.7844
    0.0520   12.7506
    0.0693   12.7080
    0.0866   12.6579
    0.1039   12.6013
    0.1212   12.5400
    0.1386   12.4765
    0.1559   12.4141
    0.1732   12.3562
    0.1905   12.3066
    0.2078   12.2706
    0.2252   12.2550
    0.2425   12.2662
    0.2598   12.3049
    0.2771   12.3653
    0.2944   12.4021
    0.3118   12.3739
    0.3291   12.3454
    0.3464   12.3182
    0.3637   12.2924
    0.3811   12.2683
    0.3984   12.2459
    0.4157   12.2252
    0.4330   12.2064
    0.4503   12.1896
    0.4677   12.1749
    0.4850   12.1623
    0.5023   12.1518
    0.5196   12.1436
    0.5369   12.1376
    0.5543   12.1339
    0.5716   12.1326
    0.5889   12.1342
    0.6062   12.1393
    0.6235   12.1490
    0.6409   12.1644
    0.6582   12.1869
    0.6755   12.2175
    0.6928   12.2565
    0.7101   12.3041
    0.7275   12.3598
    0.7448   12.4227
    0.7621   12.4915
    0.7794   12.5640
    0.7967   12.6358
    0.8141   12.6975
    0.8314   12.7362
    0.8487   12.7537
    0.8660   12.7586
    0.8760   12.7558
    0.8860   12.7475
    0.8960   12.7338
    0.9060   12.7150
    0.9160   12.6912
    0.9260   12.6630
    0.9360   12.6306
    0.9460   12.5944
    0.9560   12.5548
    0.9660   12.5123
    0.9760   12.4672
    0.9860   12.4199
    0.9960   12.3707
    1.0060   12.3152
    1.0160   12.2429
    1.0260   12.1701
    1.0360   12.0972
    1.0460   12.0241
    1.0560   11.9510
    1.0660   11.9149
    1.0760   11.9383
    1.0860   11.8885
    1.0960   11.8345
    1.1060   11.8905
    1.1160   11.9663
    1.1260   12.0442
    1.1360   12.1242
    1.1460   12.2061
    1.1560   12.2897
    1.1660   12.3748
    1.1760   12.4171
    1.1860   12.4549
    1.1960   12.4968
    1.2060   12.5424
    1.2160   12.5911
    1.2260   12.5606
    1.2360   12.5148
    1.2460   12.4782
    1.2560   12.4494
    1.2660   12.4271
    1.2760   12.4097
    1.2860   12.3962
    1.2960   12.3857
    1.3060   12.3776
    1.3160   12.3712
    1.3260   12.3664
    1.3360   12.3629
    1.3460   12.3605
    1.3560   12.3591
    1.3660   12.3586
 
    0.0000   12.8147
    0.0173   12.8196
    0.0346   12.8343
    0.0520   12.8586
    0.0693   12.7796
    0.0866   12.6579
    0.1039   12.6013
    0.1212   12.5400
    0.1386   12.4765
    0.1559   12.4141
    0.1732   12.3562
    0.1905   12.3066
    0.2078   12.2706
    0.2252   12.2550
    0.2425   12.2662
    0.2598   12.3049
    0.2771   12.3653
    0.2944   12.4021
    0.3118   12.3739
    0.3291   12.3454
    0.3464   12.3897
    0.3637   12.4266
    0.3811   12.4542
    0.3984   12.4716
    0.4157   12.4762
    0.4330   12.4634
    0.4503   12.4270
    0.4677   12.3658
    0.4850   12.2878
    0.5023   12.2031
    0.5196   12.1436
    0.5369   12.1376
    0.5543   12.1339
    0.5716   12.1326
    0.5889   12.1342
    0.6062   12.1393
    0.6235   12.1490
    0.6409   12.1644
    0.6582   12.1869
    0.6755   12.2175
    0.6928   12.2565
    0.7101   12.3041
    0.7275   12.3598
    0.7448   12.4227
    0.7621   12.4915
    0.7794   12.5640
    0.7967   12.6358
    0.8141   12.6975
    0.8314   12.7362
    0.8487   12.7537
    0.8660   12.7586
    0.8760   12.7582
    0.8860   12.7565
    0.8960   12.7517
    0.9060   12.7398
    0.9160   12.7170
    0.9260   12.6854
    0.9360   12.6499
    0.9460   12.6134
    0.9560   12.5775
    0.9660   12.5429
    0.9760   12.5098
    0.9860   12.4575
    0.9960   12.3868
    1.0060   12.3200
    1.0160   12.2679
    1.0260   12.2149
    1.0360   12.1611
    1.0460   12.1069
    1.0560   12.0523
    1.0660   11.9976
    1.0760   11.9429
    1.0860   11.9596
    1.0960   11.9788
    1.1060   11.9956
    1.1160   12.0100
    1.1260   12.0442
    1.1360   12.1242
    1.1460   12.2061
    1.1560   12.2897
    1.1660   12.3748
    1.1760   12.4610
    1.1860   12.5476
    1.1960   12.6336
    1.2060   12.6818
    1.2160   12.6163
    1.2260   12.6422
    1.2360   12.6951
    1.2460   12.7489
    1.2560   12.8029
    1.2660   12.8561
    1.2760   12.8754
    1.2860   12.8731
    1.2960   12.8705
    1.3060   12.8679
    1.3160   12.8656
    1.3260   12.8636
    1.3360   12.8619
    1.3460   12.8607
    1.3560   12.8600
    1.3660   12.8598
 
    0.0000   13.1784
    0.0173   13.1426
    0.0346   13.0427
    0.0520   12.9167
    0.0693   12.8922
    0.0866   12.9231
    0.1039   12.8585
    0.1212   12.7999
    0.1386   12.7473
    0.1559   12.6997
    0.1732   12.6558
    0.1905   12.6149
    0.2078   12.5761
    0.2252   12.5391
    0.2425   12.5037
    0.2598   12.4698
    0.2771   12.4379
    0.2944   12.4461
    0.3118   12.5309
    0.3291   12.6240
    0.3464   12.7214
    0.3637   12.8210
    0.3811   12.9209
    0.3984   12.9953
    0.4157   12.8949
    0.4330   12.8063
    0.4503   12.7389
    0.4677   12.6957
    0.4850   12.6706
    0.5023   12.6548
    0.5196   12.6433
    0.5369   12.6335
    0.5543   12.6243
    0.5716   12.6155
    0.5889   12.6070
    0.6062   12.5992
    0.6235   12.5923
    0.6409   12.5871
    0.6582   12.5839
    0.6755   12.5836
    0.6928   12.5870
    0.7101   12.5949
    0.7275   12.6083
    0.7448   12.6282
    0.7621   12.6556
    0.7794   12.6915
    0.7967   12.7367
    0.8141   12.7917
    0.8314   12.8570
    0.8487   12.9327
    0.8660   13.0125
    0.8760   12.9676
    0.8860   12.9207
    0.8960   12.8796
    0.9060   12.8486
    0.9160   12.8315
    0.9260   12.8149
    0.9360   12.7828
    0.9460   12.7234
    0.9560   12.6604
    0.9660   12.5947
    0.9760   12.5269
    0.9860   12.4785
    0.9960   12.4491
    1.0060   12.4217
    1.0160   12.3964
    1.0260   12.3734
    1.0360   12.3526
    1.0460   12.3343
    1.0560   12.3185
    1.0660   12.3056
    1.0760   12.2956
    1.0860   12.2888
    1.0960   12.2855
    1.1060   12.2860
    1.1160   12.2906
    1.1260   12.2996
    1.1360   12.3133
    1.1460   12.3318
    1.1560   12.3553
    1.1660   12.3838
    1.1760   12.4610
    1.1860   12.5476
    1.1960   12.6336
    1.2060   12.7162
    1.2160   12.7888
    1.2260   12.8398
    1.2360   12.8650
    1.2460   12.8747
    1.2560   12.8775
    1.2660   12.8772
    1.2760   12.8754
    1.2860   12.8731
    1.2960   12.8705
    1.3060   12.8679
    1.3160   12.8656
    1.3260   12.8636
    1.3360   12.8619
    1.3460   12.8607
    1.3560   12.8600
    1.3660   12.8598
 
    0.0000   13.1784
    0.0173   13.1641
    0.0346   13.1206
    0.0520   13.0598
    0.0693   12.9916
    0.0866   12.9231
    0.1039   12.8585
    0.1212   12.7999
    0.1386   12.7473
    0.1559   12.6997
    0.1732   12.6558
    0.1905   12.6149
    0.2078   12.5761
    0.2252   12.5391
    0.2425   12.5037
    0.2598   12.4698
    0.2771   12.4379
    0.2944   12.4461
    0.3118   12.5309
    0.3291   12.6240
    0.3464   12.7214
    0.3637   12.8210
    0.3811   12.9209
    0.3984   13.0191
    0.4157   13.1137
    0.4330   13.2023
    0.4503   13.2370
    0.4677   13.2178
    0.4850   13.1996
    0.5023   13.1822
    0.5196   13.1586
    0.5369   13.0593
    0.5543   12.9654
    0.5716   12.8802
    0.5889   12.8067
    0.6062   12.7470
    0.6235   12.7024
    0.6409   12.6729
    0.6582   12.6572
    0.6755   12.6536
    0.6928   12.6594
    0.7101   12.6722
    0.7275   12.6897
    0.7448   12.7100
    0.7621   12.7317
    0.7794   12.7543
    0.7967   12.7795
    0.8141   12.8147
    0.8314   12.8703
    0.8487   12.9424
    0.8660   13.0151
    0.8760   12.9765
    0.8860   12.9365
    0.8960   12.9001
    0.9060   12.8676
    0.9160   12.8392
    0.9260   12.8149
    0.9360   12.7948
    0.9460   12.7789
    0.9560   12.7669
    0.9660   12.7587
    0.9760   12.7542
    0.9860   12.7530
    0.9960   12.7549
    1.0060   12.7596
    1.0160   12.7667
    1.0260   12.7760
    1.0360   12.7870
    1.0460   12.7996
    1.0560   12.8133
    1.0660   12.8279
    1.0760   12.8428
    1.0860   12.8579
    1.0960   12.8726
    1.1060   12.8868
    1.1160   12.8998
    1.1260   12.9116
    1.1360   12.9217
    1.1460   12.9301
    1.1560   12.9368
    1.1660   12.9418
    1.1760   12.9216
    1.1860   12.8367
    1.1960   12.7559
    1.2060   12.7162
    1.2160   12.7888
    1.2260   12.8398
    1.2360   12.8650
    1.2460   12.8747
    1.2560   12.8775
    1.2660   12.8772
    1.2760   12.9075
    1.2860   12.9560
    1.2960   13.0005
    1.3060   13.0400
    1.3160   13.0739
    1.3260   13.1015
    1.3360   13.1229
    1.3460   13.1379
    1.3560   13.1468
    1.3660   13.1498
 
    0.0000   13.1784
    0.0173   13.1641
    0.0346   13.1206
    0.0520   13.0598
    0.0693   12.9916
    0.0866   12.9345
    0.1039   12.9794
    0.1212   12.9684
    0.1386   12.9520
    0.1559   12.9439
    0.1732   12.9454
    0.1905   12.9568
    0.2078   12.9783
    0.2252   13.0098
    0.2425   13.0508
    0.2598   13.1003
    0.2771   13.1562
    0.2944   13.2140
    0.3118   13.2636
    0.3291   13.2863
    0.3464   13.2618
    0.3637   13.1925
    0.3811   13.0982
    0.3984   13.0191
    0.4157   13.1137
    0.4330   13.2023
    0.4503   13.2818
    0.4677   13.3464
    0.4850   13.3463
    0.5023   13.2583
    0.5196   13.1586
    0.5369   13.0593
    0.5543   12.9654
    0.5716   12.8802
    0.5889   12.8067
    0.6062   12.7470
    0.6235   12.7024
    0.6409   12.6729
    0.6582   12.6572
    0.6755   12.6536
    0.6928   12.6594
    0.7101   12.6722
    0.7275   12.6897
    0.7448   12.7100
    0.7621   12.7317
    0.7794   12.7543
    0.7967   12.7795
    0.8141   12.8147
    0.8314   12.8703
    0.8487   12.9424
    0.8660   13.0151
    0.8760   12.9765
    0.8860   12.9365
    0.8960   12.9001
    0.9060   12.8676
    0.9160   12.8392
    0.9260   12.8264
    0.9360   12.7948
    0.9460   12.7789
    0.9560   12.7669
    0.9660   12.7587
    0.9760   12.7542
    0.9860   12.7530
    0.9960   12.7549
    1.0060   12.7596
    1.0160   12.7667
    1.0260   12.7760
    1.0360   12.7870
    1.0460   12.7996
    1.0560   12.8133
    1.0660   12.8279
    1.0760   12.8428
    1.0860   12.8579
    1.0960   12.8726
    1.1060   12.8868
    1.1160   12.8998
    1.1260   12.9116
    1.1360   12.9217
    1.1460   12.9301
    1.1560   12.9368
    1.1660   12.9418
    1.1760   12.9457
    1.1860   12.9493
    1.1960   12.9538
    1.2060   12.9622
    1.2160   12.9813
    1.2260   13.0230
    1.2360   13.0914
    1.2460   13.1763
    1.2560   13.2689
    1.2660   13.3638
    1.2760   13.4422
    1.2860   13.4685
    1.2960   13.4818
    1.3060   13.4908
    1.3160   13.4935
    1.3260   13.4959
    1.3360   13.4978
    1.3460   13.4992
    1.3560   13.5000
    1.3660   13.5003
 
