#  E (eV)   dos(E)     Int dos(E) EFermi =    1.627 eV
 -11.423  0.0000E+00  0.0000E+00
 -11.413  0.1731E+00  0.5771E-03
 -11.403  0.6925E+00  0.4617E-02
 -11.393  0.1288E+01  0.1477E-01
 -11.383  0.1568E+01  0.2932E-01
 -11.373  0.1677E+01  0.4548E-01
 -11.363  0.1893E+01  0.6324E-01
 -11.353  0.2192E+01  0.8364E-01
 -11.343  0.2511E+01  0.1071E+00
 -11.333  0.2784E+01  0.1337E+00
 -11.323  0.2985E+01  0.1626E+00
 -11.313  0.3194E+01  0.1934E+00
 -11.303  0.3448E+01  0.2266E+00
 -11.293  0.3716E+01  0.2624E+00
 -11.283  0.3989E+01  0.3009E+00
 -11.273  0.4269E+01  0.3422E+00
 -11.263  0.4644E+01  0.3866E+00
 -11.253  0.5287E+01  0.4360E+00
 -11.243  0.6094E+01  0.4929E+00
 -11.233  0.6831E+01  0.5576E+00
 -11.223  0.7369E+01  0.6290E+00
 -11.213  0.7406E+01  0.7033E+00
 -11.203  0.7115E+01  0.7759E+00
 -11.193  0.6992E+01  0.8462E+00
 -11.183  0.6963E+01  0.9161E+00
 -11.173  0.6868E+01  0.9853E+00
 -11.163  0.6723E+01  0.1053E+01
 -11.153  0.6526E+01  0.1120E+01
 -11.143  0.6339E+01  0.1184E+01
 -11.133  0.6205E+01  0.1247E+01
 -11.123  0.6057E+01  0.1308E+01
 -11.113  0.5916E+01  0.1368E+01
 -11.103  0.5815E+01  0.1426E+01
 -11.093  0.5735E+01  0.1484E+01
 -11.083  0.5663E+01  0.1541E+01
 -11.073  0.5573E+01  0.1597E+01
 -11.063  0.5260E+01  0.1652E+01
 -11.053  0.4894E+01  0.1702E+01
 -11.043  0.4520E+01  0.1749E+01
 -11.033  0.4099E+01  0.1792E+01
 -11.023  0.3634E+01  0.1831E+01
 -11.013  0.3089E+01  0.1865E+01
 -11.003  0.2578E+01  0.1893E+01
 -10.993  0.2202E+01  0.1917E+01
 -10.983  0.1889E+01  0.1937E+01
 -10.973  0.1634E+01  0.1955E+01
 -10.963  0.1341E+01  0.1970E+01
 -10.953  0.1021E+01  0.1982E+01
 -10.943  0.7524E+00  0.1991E+01
 -10.933  0.5335E+00  0.1997E+01
 -10.923  0.8152E-01  0.2000E+01
 -10.913  0.4363E+02  0.2350E+01
 -10.903  0.3792E+02  0.2758E+01
 -10.893  0.3331E+02  0.3108E+01
 -10.883  0.1985E+02  0.3423E+01
 -10.873  0.2027E+02  0.3623E+01
 -10.863  0.2129E+02  0.3828E+01
 -10.853  0.1904E+02  0.4028E+01
 -10.843  0.1822E+02  0.4213E+01
 -10.833  0.1859E+02  0.4392E+01
 -10.823  0.1892E+02  0.4582E+01
 -10.813  0.1732E+02  0.4762E+01
 -10.803  0.1780E+02  0.4935E+01
 -10.793  0.1864E+02  0.5123E+01
 -10.783  0.1783E+02  0.5304E+01
 -10.773  0.1725E+02  0.5480E+01
 -10.763  0.2109E+02  0.5679E+01
 -10.753  0.1824E+02  0.5897E+01
 -10.743  0.3677E+00  0.6000E+01
 -10.733  0.0000E+00  0.6000E+01
 -10.723  0.0000E+00  0.6000E+01
 -10.713  0.0000E+00  0.6000E+01
 -10.703  0.0000E+00  0.6000E+01
 -10.693  0.0000E+00  0.6000E+01
 -10.683  0.0000E+00  0.6000E+01
 -10.673  0.0000E+00  0.6000E+01
 -10.663  0.0000E+00  0.6000E+01
 -10.653  0.0000E+00  0.6000E+01
 -10.643  0.0000E+00  0.6000E+01
 -10.633  0.0000E+00  0.6000E+01
 -10.623  0.0000E+00  0.6000E+01
 -10.613  0.0000E+00  0.6000E+01
 -10.603  0.0000E+00  0.6000E+01
 -10.593  0.0000E+00  0.6000E+01
 -10.583  0.0000E+00  0.6000E+01
 -10.573  0.0000E+00  0.6000E+01
 -10.563  0.0000E+00  0.6000E+01
 -10.553  0.0000E+00  0.6000E+01
 -10.543  0.0000E+00  0.6000E+01
 -10.533  0.0000E+00  0.6000E+01
 -10.523  0.0000E+00  0.6000E+01
 -10.513  0.0000E+00  0.6000E+01
 -10.503  0.0000E+00  0.6000E+01
 -10.493  0.0000E+00  0.6000E+01
 -10.483  0.0000E+00  0.6000E+01
 -10.473  0.0000E+00  0.6000E+01
 -10.463  0.0000E+00  0.6000E+01
 -10.453  0.0000E+00  0.6000E+01
 -10.443  0.0000E+00  0.6000E+01
 -10.433  0.0000E+00  0.6000E+01
 -10.423  0.0000E+00  0.6000E+01
 -10.413  0.0000E+00  0.6000E+01
 -10.403  0.0000E+00  0.6000E+01
 -10.393  0.0000E+00  0.6000E+01
 -10.383  0.0000E+00  0.6000E+01
 -10.373  0.0000E+00  0.6000E+01
 -10.363  0.0000E+00  0.6000E+01
 -10.353  0.0000E+00  0.6000E+01
 -10.343  0.0000E+00  0.6000E+01
 -10.333  0.0000E+00  0.6000E+01
 -10.323  0.0000E+00  0.6000E+01
 -10.313  0.0000E+00  0.6000E+01
 -10.303  0.0000E+00  0.6000E+01
 -10.293  0.0000E+00  0.6000E+01
 -10.283  0.0000E+00  0.6000E+01
 -10.273  0.0000E+00  0.6000E+01
 -10.263  0.0000E+00  0.6000E+01
 -10.253  0.0000E+00  0.6000E+01
 -10.243  0.0000E+00  0.6000E+01
 -10.233  0.0000E+00  0.6000E+01
 -10.223  0.0000E+00  0.6000E+01
 -10.213  0.0000E+00  0.6000E+01
 -10.203  0.0000E+00  0.6000E+01
 -10.193  0.0000E+00  0.6000E+01
 -10.183  0.0000E+00  0.6000E+01
 -10.173  0.0000E+00  0.6000E+01
 -10.163  0.0000E+00  0.6000E+01
 -10.153  0.0000E+00  0.6000E+01
 -10.143  0.0000E+00  0.6000E+01
 -10.133  0.0000E+00  0.6000E+01
 -10.123  0.0000E+00  0.6000E+01
 -10.113  0.0000E+00  0.6000E+01
 -10.103  0.0000E+00  0.6000E+01
 -10.093  0.0000E+00  0.6000E+01
 -10.083  0.0000E+00  0.6000E+01
 -10.073  0.0000E+00  0.6000E+01
 -10.063  0.0000E+00  0.6000E+01
 -10.053  0.0000E+00  0.6000E+01
 -10.043  0.0000E+00  0.6000E+01
 -10.033  0.0000E+00  0.6000E+01
 -10.023  0.0000E+00  0.6000E+01
 -10.013  0.0000E+00  0.6000E+01
 -10.003  0.0000E+00  0.6000E+01
  -9.993  0.0000E+00  0.6000E+01
  -9.983  0.0000E+00  0.6000E+01
  -9.973  0.0000E+00  0.6000E+01
  -9.963  0.0000E+00  0.6000E+01
  -9.953  0.0000E+00  0.6000E+01
  -9.943  0.0000E+00  0.6000E+01
  -9.933  0.0000E+00  0.6000E+01
  -9.923  0.0000E+00  0.6000E+01
  -9.913  0.0000E+00  0.6000E+01
  -9.903  0.0000E+00  0.6000E+01
  -9.893  0.0000E+00  0.6000E+01
  -9.883  0.0000E+00  0.6000E+01
  -9.873  0.0000E+00  0.6000E+01
  -9.863  0.0000E+00  0.6000E+01
  -9.853  0.0000E+00  0.6000E+01
  -9.843  0.0000E+00  0.6000E+01
  -9.833  0.0000E+00  0.6000E+01
  -9.823  0.0000E+00  0.6000E+01
  -9.813  0.0000E+00  0.6000E+01
  -9.803  0.0000E+00  0.6000E+01
  -9.793  0.0000E+00  0.6000E+01
  -9.783  0.0000E+00  0.6000E+01
  -9.773  0.0000E+00  0.6000E+01
  -9.763  0.0000E+00  0.6000E+01
  -9.753  0.0000E+00  0.6000E+01
  -9.743  0.0000E+00  0.6000E+01
  -9.733  0.0000E+00  0.6000E+01
  -9.723  0.0000E+00  0.6000E+01
  -9.713  0.0000E+00  0.6000E+01
  -9.703  0.0000E+00  0.6000E+01
  -9.693  0.0000E+00  0.6000E+01
  -9.683  0.0000E+00  0.6000E+01
  -9.673  0.0000E+00  0.6000E+01
  -9.663  0.0000E+00  0.6000E+01
  -9.653  0.0000E+00  0.6000E+01
  -9.643  0.0000E+00  0.6000E+01
  -9.633  0.0000E+00  0.6000E+01
  -9.623  0.0000E+00  0.6000E+01
  -9.613  0.0000E+00  0.6000E+01
  -9.603  0.0000E+00  0.6000E+01
  -9.593  0.0000E+00  0.6000E+01
  -9.583  0.0000E+00  0.6000E+01
  -9.573  0.0000E+00  0.6000E+01
  -9.563  0.0000E+00  0.6000E+01
  -9.553  0.0000E+00  0.6000E+01
  -9.543  0.0000E+00  0.6000E+01
  -9.533  0.0000E+00  0.6000E+01
  -9.523  0.0000E+00  0.6000E+01
  -9.513  0.0000E+00  0.6000E+01
  -9.503  0.0000E+00  0.6000E+01
  -9.493  0.0000E+00  0.6000E+01
  -9.483  0.0000E+00  0.6000E+01
  -9.473  0.0000E+00  0.6000E+01
  -9.463  0.0000E+00  0.6000E+01
  -9.453  0.0000E+00  0.6000E+01
  -9.443  0.0000E+00  0.6000E+01
  -9.433  0.0000E+00  0.6000E+01
  -9.423  0.0000E+00  0.6000E+01
  -9.413  0.0000E+00  0.6000E+01
  -9.403  0.0000E+00  0.6000E+01
  -9.393  0.0000E+00  0.6000E+01
  -9.383  0.0000E+00  0.6000E+01
  -9.373  0.0000E+00  0.6000E+01
  -9.363  0.0000E+00  0.6000E+01
  -9.353  0.0000E+00  0.6000E+01
  -9.343  0.0000E+00  0.6000E+01
  -9.333  0.0000E+00  0.6000E+01
  -9.323  0.0000E+00  0.6000E+01
  -9.313  0.0000E+00  0.6000E+01
  -9.303  0.0000E+00  0.6000E+01
  -9.293  0.0000E+00  0.6000E+01
  -9.283  0.0000E+00  0.6000E+01
  -9.273  0.0000E+00  0.6000E+01
  -9.263  0.0000E+00  0.6000E+01
  -9.253  0.0000E+00  0.6000E+01
  -9.243  0.0000E+00  0.6000E+01
  -9.233  0.0000E+00  0.6000E+01
  -9.223  0.0000E+00  0.6000E+01
  -9.213  0.0000E+00  0.6000E+01
  -9.203  0.0000E+00  0.6000E+01
  -9.193  0.0000E+00  0.6000E+01
  -9.183  0.0000E+00  0.6000E+01
  -9.173  0.0000E+00  0.6000E+01
  -9.163  0.0000E+00  0.6000E+01
  -9.153  0.0000E+00  0.6000E+01
  -9.143  0.0000E+00  0.6000E+01
  -9.133  0.0000E+00  0.6000E+01
  -9.123  0.0000E+00  0.6000E+01
  -9.113  0.0000E+00  0.6000E+01
  -9.103  0.0000E+00  0.6000E+01
  -9.093  0.0000E+00  0.6000E+01
  -9.083  0.0000E+00  0.6000E+01
  -9.073  0.0000E+00  0.6000E+01
  -9.063  0.0000E+00  0.6000E+01
  -9.053  0.0000E+00  0.6000E+01
  -9.043  0.0000E+00  0.6000E+01
  -9.033  0.0000E+00  0.6000E+01
  -9.023  0.0000E+00  0.6000E+01
  -9.013  0.0000E+00  0.6000E+01
  -9.003  0.0000E+00  0.6000E+01
  -8.993  0.0000E+00  0.6000E+01
  -8.983  0.0000E+00  0.6000E+01
  -8.973  0.0000E+00  0.6000E+01
  -8.963  0.0000E+00  0.6000E+01
  -8.953  0.0000E+00  0.6000E+01
  -8.943  0.0000E+00  0.6000E+01
  -8.933  0.0000E+00  0.6000E+01
  -8.923  0.0000E+00  0.6000E+01
  -8.913  0.0000E+00  0.6000E+01
  -8.903  0.0000E+00  0.6000E+01
  -8.893  0.0000E+00  0.6000E+01
  -8.883  0.0000E+00  0.6000E+01
  -8.873  0.0000E+00  0.6000E+01
  -8.863  0.0000E+00  0.6000E+01
  -8.853  0.0000E+00  0.6000E+01
  -8.843  0.0000E+00  0.6000E+01
  -8.833  0.0000E+00  0.6000E+01
  -8.823  0.0000E+00  0.6000E+01
  -8.813  0.0000E+00  0.6000E+01
  -8.803  0.0000E+00  0.6000E+01
  -8.793  0.0000E+00  0.6000E+01
  -8.783  0.0000E+00  0.6000E+01
  -8.773  0.0000E+00  0.6000E+01
  -8.763  0.0000E+00  0.6000E+01
  -8.753  0.0000E+00  0.6000E+01
  -8.743  0.0000E+00  0.6000E+01
  -8.733  0.0000E+00  0.6000E+01
  -8.723  0.0000E+00  0.6000E+01
  -8.713  0.0000E+00  0.6000E+01
  -8.703  0.0000E+00  0.6000E+01
  -8.693  0.0000E+00  0.6000E+01
  -8.683  0.0000E+00  0.6000E+01
  -8.673  0.0000E+00  0.6000E+01
  -8.663  0.0000E+00  0.6000E+01
  -8.653  0.0000E+00  0.6000E+01
  -8.643  0.0000E+00  0.6000E+01
  -8.633  0.0000E+00  0.6000E+01
  -8.623  0.0000E+00  0.6000E+01
  -8.613  0.0000E+00  0.6000E+01
  -8.603  0.0000E+00  0.6000E+01
  -8.593  0.0000E+00  0.6000E+01
  -8.583  0.0000E+00  0.6000E+01
  -8.573  0.0000E+00  0.6000E+01
  -8.563  0.0000E+00  0.6000E+01
  -8.553  0.0000E+00  0.6000E+01
  -8.543  0.0000E+00  0.6000E+01
  -8.533  0.0000E+00  0.6000E+01
  -8.523  0.0000E+00  0.6000E+01
  -8.513  0.0000E+00  0.6000E+01
  -8.503  0.0000E+00  0.6000E+01
  -8.493  0.0000E+00  0.6000E+01
  -8.483  0.0000E+00  0.6000E+01
  -8.473  0.0000E+00  0.6000E+01
  -8.463  0.0000E+00  0.6000E+01
  -8.453  0.0000E+00  0.6000E+01
  -8.443  0.0000E+00  0.6000E+01
  -8.433  0.0000E+00  0.6000E+01
  -8.423  0.0000E+00  0.6000E+01
  -8.413  0.0000E+00  0.6000E+01
  -8.403  0.0000E+00  0.6000E+01
  -8.393  0.0000E+00  0.6000E+01
  -8.383  0.0000E+00  0.6000E+01
  -8.373  0.0000E+00  0.6000E+01
  -8.363  0.0000E+00  0.6000E+01
  -8.353  0.0000E+00  0.6000E+01
  -8.343  0.0000E+00  0.6000E+01
  -8.333  0.0000E+00  0.6000E+01
  -8.323  0.0000E+00  0.6000E+01
  -8.313  0.0000E+00  0.6000E+01
  -8.303  0.0000E+00  0.6000E+01
  -8.293  0.0000E+00  0.6000E+01
  -8.283  0.0000E+00  0.6000E+01
  -8.273  0.0000E+00  0.6000E+01
  -8.263  0.0000E+00  0.6000E+01
  -8.253  0.0000E+00  0.6000E+01
  -8.243  0.0000E+00  0.6000E+01
  -8.233  0.0000E+00  0.6000E+01
  -8.223  0.0000E+00  0.6000E+01
  -8.213  0.0000E+00  0.6000E+01
  -8.203  0.0000E+00  0.6000E+01
  -8.193  0.0000E+00  0.6000E+01
  -8.183  0.0000E+00  0.6000E+01
  -8.173  0.0000E+00  0.6000E+01
  -8.163  0.0000E+00  0.6000E+01
  -8.153  0.0000E+00  0.6000E+01
  -8.143  0.0000E+00  0.6000E+01
  -8.133  0.0000E+00  0.6000E+01
  -8.123  0.0000E+00  0.6000E+01
  -8.113  0.0000E+00  0.6000E+01
  -8.103  0.0000E+00  0.6000E+01
  -8.093  0.0000E+00  0.6000E+01
  -8.083  0.0000E+00  0.6000E+01
  -8.073  0.0000E+00  0.6000E+01
  -8.063  0.0000E+00  0.6000E+01
  -8.053  0.0000E+00  0.6000E+01
  -8.043  0.0000E+00  0.6000E+01
  -8.033  0.0000E+00  0.6000E+01
  -8.023  0.0000E+00  0.6000E+01
  -8.013  0.0000E+00  0.6000E+01
  -8.003  0.0000E+00  0.6000E+01
  -7.993  0.0000E+00  0.6000E+01
  -7.983  0.0000E+00  0.6000E+01
  -7.973  0.0000E+00  0.6000E+01
  -7.963  0.0000E+00  0.6000E+01
  -7.953  0.0000E+00  0.6000E+01
  -7.943  0.0000E+00  0.6000E+01
  -7.933  0.0000E+00  0.6000E+01
  -7.923  0.0000E+00  0.6000E+01
  -7.913  0.0000E+00  0.6000E+01
  -7.903  0.0000E+00  0.6000E+01
  -7.893  0.0000E+00  0.6000E+01
  -7.883  0.0000E+00  0.6000E+01
  -7.873  0.0000E+00  0.6000E+01
  -7.863  0.0000E+00  0.6000E+01
  -7.853  0.0000E+00  0.6000E+01
  -7.843  0.0000E+00  0.6000E+01
  -7.833  0.0000E+00  0.6000E+01
  -7.823  0.0000E+00  0.6000E+01
  -7.813  0.1751E-04  0.6000E+01
  -7.803  0.5514E-02  0.6000E+01
  -7.793  0.2083E-01  0.6000E+01
  -7.783  0.4597E-01  0.6000E+01
  -7.773  0.8092E-01  0.6001E+01
  -7.763  0.1257E+00  0.6002E+01
  -7.753  0.1803E+00  0.6004E+01
  -7.743  0.2447E+00  0.6006E+01
  -7.733  0.3079E+00  0.6009E+01
  -7.723  0.3627E+00  0.6012E+01
  -7.713  0.4091E+00  0.6016E+01
  -7.703  0.4472E+00  0.6020E+01
  -7.693  0.4768E+00  0.6025E+01
  -7.683  0.4981E+00  0.6030E+01
  -7.673  0.5119E+00  0.6035E+01
  -7.663  0.5266E+00  0.6040E+01
  -7.653  0.5445E+00  0.6045E+01
  -7.643  0.5656E+00  0.6051E+01
  -7.633  0.5898E+00  0.6056E+01
  -7.623  0.6173E+00  0.6063E+01
  -7.613  0.6479E+00  0.6069E+01
  -7.603  0.6809E+00  0.6075E+01
  -7.593  0.7145E+00  0.6082E+01
  -7.583  0.7489E+00  0.6090E+01
  -7.573  0.7839E+00  0.6097E+01
  -7.563  0.8192E+00  0.6105E+01
  -7.553  0.8539E+00  0.6114E+01
  -7.543  0.8881E+00  0.6123E+01
  -7.533  0.9217E+00  0.6132E+01
  -7.523  0.9549E+00  0.6141E+01
  -7.513  0.9874E+00  0.6151E+01
  -7.503  0.1020E+01  0.6161E+01
  -7.493  0.1054E+01  0.6171E+01
  -7.483  0.1089E+01  0.6182E+01
  -7.473  0.1124E+01  0.6193E+01
  -7.463  0.1161E+01  0.6204E+01
  -7.453  0.1199E+01  0.6216E+01
  -7.443  0.1237E+01  0.6228E+01
  -7.433  0.1276E+01  0.6241E+01
  -7.423  0.1316E+01  0.6254E+01
  -7.413  0.1355E+01  0.6267E+01
  -7.403  0.1396E+01  0.6281E+01
  -7.393  0.1436E+01  0.6295E+01
  -7.383  0.1478E+01  0.6310E+01
  -7.373  0.1526E+01  0.6325E+01
  -7.363  0.1591E+01  0.6340E+01
  -7.353  0.1671E+01  0.6356E+01
  -7.343  0.1767E+01  0.6374E+01
  -7.333  0.1879E+01  0.6392E+01
  -7.323  0.2008E+01  0.6411E+01
  -7.313  0.2150E+01  0.6432E+01
  -7.303  0.2291E+01  0.6454E+01
  -7.293  0.2425E+01  0.6478E+01
  -7.283  0.2530E+01  0.6503E+01
  -7.273  0.2604E+01  0.6528E+01
  -7.263  0.2646E+01  0.6555E+01
  -7.253  0.2657E+01  0.6581E+01
  -7.243  0.2640E+01  0.6608E+01
  -7.233  0.2599E+01  0.6634E+01
  -7.223  0.2557E+01  0.6660E+01
  -7.213  0.2524E+01  0.6685E+01
  -7.203  0.2501E+01  0.6710E+01
  -7.193  0.2488E+01  0.6735E+01
  -7.183  0.2484E+01  0.6760E+01
  -7.173  0.2489E+01  0.6785E+01
  -7.163  0.2499E+01  0.6810E+01
  -7.153  0.2507E+01  0.6835E+01
  -7.143  0.2513E+01  0.6860E+01
  -7.133  0.2516E+01  0.6885E+01
  -7.123  0.2516E+01  0.6910E+01
  -7.113  0.2513E+01  0.6935E+01
  -7.103  0.2507E+01  0.6960E+01
  -7.093  0.2498E+01  0.6985E+01
  -7.083  0.2487E+01  0.7010E+01
  -7.073  0.2474E+01  0.7035E+01
  -7.063  0.2460E+01  0.7060E+01
  -7.053  0.2447E+01  0.7084E+01
  -7.043  0.2434E+01  0.7109E+01
  -7.033  0.2421E+01  0.7133E+01
  -7.023  0.2409E+01  0.7157E+01
  -7.013  0.2398E+01  0.7181E+01
  -7.003  0.2386E+01  0.7205E+01
  -6.993  0.2373E+01  0.7229E+01
  -6.983  0.2360E+01  0.7253E+01
  -6.973  0.2345E+01  0.7276E+01
  -6.963  0.2332E+01  0.7300E+01
  -6.953  0.2324E+01  0.7323E+01
  -6.943  0.2321E+01  0.7346E+01
  -6.933  0.2324E+01  0.7369E+01
  -6.923  0.2333E+01  0.7393E+01
  -6.913  0.2347E+01  0.7416E+01
  -6.903  0.2365E+01  0.7440E+01
  -6.893  0.2385E+01  0.7463E+01
  -6.883  0.2403E+01  0.7487E+01
  -6.873  0.2402E+01  0.7511E+01
  -6.863  0.2379E+01  0.7535E+01
  -6.853  0.2333E+01  0.7559E+01
  -6.843  0.2266E+01  0.7582E+01
  -6.833  0.2177E+01  0.7604E+01
  -6.823  0.2067E+01  0.7625E+01
  -6.813  0.1947E+01  0.7645E+01
  -6.803  0.1820E+01  0.7664E+01
  -6.793  0.1697E+01  0.7682E+01
  -6.783  0.1589E+01  0.7698E+01
  -6.773  0.1494E+01  0.7714E+01
  -6.763  0.1413E+01  0.7728E+01
  -6.753  0.1347E+01  0.7742E+01
  -6.743  0.1294E+01  0.7755E+01
  -6.733  0.1249E+01  0.7768E+01
  -6.723  0.1205E+01  0.7780E+01
  -6.713  0.1161E+01  0.7792E+01
  -6.703  0.1117E+01  0.7803E+01
  -6.693  0.1075E+01  0.7814E+01
  -6.683  0.1032E+01  0.7825E+01
  -6.673  0.9900E+00  0.7835E+01
  -6.663  0.9485E+00  0.7845E+01
  -6.653  0.9086E+00  0.7854E+01
  -6.643  0.8701E+00  0.7863E+01
  -6.633  0.8332E+00  0.7871E+01
  -6.623  0.7978E+00  0.7879E+01
  -6.613  0.7639E+00  0.7887E+01
  -6.603  0.7315E+00  0.7895E+01
  -6.593  0.7005E+00  0.7902E+01
  -6.583  0.6711E+00  0.7909E+01
  -6.573  0.6431E+00  0.7915E+01
  -6.563  0.6156E+00  0.7922E+01
  -6.553  0.5890E+00  0.7928E+01
  -6.543  0.5636E+00  0.7933E+01
  -6.533  0.5396E+00  0.7939E+01
  -6.523  0.5168E+00  0.7944E+01
  -6.513  0.4954E+00  0.7949E+01
  -6.503  0.4753E+00  0.7954E+01
  -6.493  0.4564E+00  0.7959E+01
  -6.483  0.4389E+00  0.7963E+01
  -6.473  0.4224E+00  0.7968E+01
  -6.463  0.4040E+00  0.7972E+01
  -6.453  0.3829E+00  0.7976E+01
  -6.443  0.3591E+00  0.7979E+01
  -6.433  0.3326E+00  0.7983E+01
  -6.423  0.3035E+00  0.7986E+01
  -6.413  0.2716E+00  0.7989E+01
  -6.403  0.2371E+00  0.7991E+01
  -6.393  0.1999E+00  0.7994E+01
  -6.383  0.1610E+00  0.7995E+01
  -6.373  0.1259E+00  0.7997E+01
  -6.363  0.9509E-01  0.7998E+01
  -6.353  0.6861E-01  0.7999E+01
  -6.343  0.4644E-01  0.7999E+01
  -6.333  0.2858E-01  0.8000E+01
  -6.323  0.1503E-01  0.8000E+01
  -6.313  0.5803E-02  0.8000E+01
  -6.303  0.8845E-03  0.8000E+01
  -6.293  0.0000E+00  0.8000E+01
  -6.283  0.0000E+00  0.8000E+01
  -6.273  0.0000E+00  0.8000E+01
  -6.263  0.0000E+00  0.8000E+01
  -6.253  0.0000E+00  0.8000E+01
  -6.243  0.0000E+00  0.8000E+01
  -6.233  0.0000E+00  0.8000E+01
  -6.223  0.0000E+00  0.8000E+01
  -6.213  0.0000E+00  0.8000E+01
  -6.203  0.0000E+00  0.8000E+01
  -6.193  0.0000E+00  0.8000E+01
  -6.183  0.0000E+00  0.8000E+01
  -6.173  0.0000E+00  0.8000E+01
  -6.163  0.0000E+00  0.8000E+01
  -6.153  0.0000E+00  0.8000E+01
  -6.143  0.0000E+00  0.8000E+01
  -6.133  0.0000E+00  0.8000E+01
  -6.123  0.0000E+00  0.8000E+01
  -6.113  0.0000E+00  0.8000E+01
  -6.103  0.0000E+00  0.8000E+01
  -6.093  0.0000E+00  0.8000E+01
  -6.083  0.0000E+00  0.8000E+01
  -6.073  0.0000E+00  0.8000E+01
  -6.063  0.0000E+00  0.8000E+01
  -6.053  0.0000E+00  0.8000E+01
  -6.043  0.0000E+00  0.8000E+01
  -6.033  0.0000E+00  0.8000E+01
  -6.023  0.0000E+00  0.8000E+01
  -6.013  0.0000E+00  0.8000E+01
  -6.003  0.0000E+00  0.8000E+01
  -5.993  0.0000E+00  0.8000E+01
  -5.983  0.0000E+00  0.8000E+01
  -5.973  0.0000E+00  0.8000E+01
  -5.963  0.0000E+00  0.8000E+01
  -5.953  0.0000E+00  0.8000E+01
  -5.943  0.0000E+00  0.8000E+01
  -5.933  0.0000E+00  0.8000E+01
  -5.923  0.0000E+00  0.8000E+01
  -5.913  0.0000E+00  0.8000E+01
  -5.903  0.0000E+00  0.8000E+01
  -5.893  0.0000E+00  0.8000E+01
  -5.883  0.0000E+00  0.8000E+01
  -5.873  0.0000E+00  0.8000E+01
  -5.863  0.0000E+00  0.8000E+01
  -5.853  0.0000E+00  0.8000E+01
  -5.843  0.0000E+00  0.8000E+01
  -5.833  0.0000E+00  0.8000E+01
  -5.823  0.0000E+00  0.8000E+01
  -5.813  0.0000E+00  0.8000E+01
  -5.803  0.0000E+00  0.8000E+01
  -5.793  0.0000E+00  0.8000E+01
  -5.783  0.0000E+00  0.8000E+01
  -5.773  0.0000E+00  0.8000E+01
  -5.763  0.0000E+00  0.8000E+01
  -5.753  0.0000E+00  0.8000E+01
  -5.743  0.0000E+00  0.8000E+01
  -5.733  0.0000E+00  0.8000E+01
  -5.723  0.0000E+00  0.8000E+01
  -5.713  0.0000E+00  0.8000E+01
  -5.703  0.0000E+00  0.8000E+01
  -5.693  0.0000E+00  0.8000E+01
  -5.683  0.0000E+00  0.8000E+01
  -5.673  0.0000E+00  0.8000E+01
  -5.663  0.0000E+00  0.8000E+01
  -5.653  0.0000E+00  0.8000E+01
  -5.643  0.0000E+00  0.8000E+01
  -5.633  0.0000E+00  0.8000E+01
  -5.623  0.0000E+00  0.8000E+01
  -5.613  0.0000E+00  0.8000E+01
  -5.603  0.0000E+00  0.8000E+01
  -5.593  0.0000E+00  0.8000E+01
  -5.583  0.0000E+00  0.8000E+01
  -5.573  0.0000E+00  0.8000E+01
  -5.563  0.0000E+00  0.8000E+01
  -5.553  0.0000E+00  0.8000E+01
  -5.543  0.0000E+00  0.8000E+01
  -5.533  0.0000E+00  0.8000E+01
  -5.523  0.0000E+00  0.8000E+01
  -5.513  0.0000E+00  0.8000E+01
  -5.503  0.0000E+00  0.8000E+01
  -5.493  0.0000E+00  0.8000E+01
  -5.483  0.0000E+00  0.8000E+01
  -5.473  0.0000E+00  0.8000E+01
  -5.463  0.0000E+00  0.8000E+01
  -5.453  0.0000E+00  0.8000E+01
  -5.443  0.0000E+00  0.8000E+01
  -5.433  0.0000E+00  0.8000E+01
  -5.423  0.0000E+00  0.8000E+01
  -5.413  0.0000E+00  0.8000E+01
  -5.403  0.0000E+00  0.8000E+01
  -5.393  0.0000E+00  0.8000E+01
  -5.383  0.0000E+00  0.8000E+01
  -5.373  0.0000E+00  0.8000E+01
  -5.363  0.0000E+00  0.8000E+01
  -5.353  0.0000E+00  0.8000E+01
  -5.343  0.0000E+00  0.8000E+01
  -5.333  0.0000E+00  0.8000E+01
  -5.323  0.0000E+00  0.8000E+01
  -5.313  0.0000E+00  0.8000E+01
  -5.303  0.0000E+00  0.8000E+01
  -5.293  0.0000E+00  0.8000E+01
  -5.283  0.0000E+00  0.8000E+01
  -5.273  0.0000E+00  0.8000E+01
  -5.263  0.0000E+00  0.8000E+01
  -5.253  0.0000E+00  0.8000E+01
  -5.243  0.0000E+00  0.8000E+01
  -5.233  0.0000E+00  0.8000E+01
  -5.223  0.0000E+00  0.8000E+01
  -5.213  0.0000E+00  0.8000E+01
  -5.203  0.0000E+00  0.8000E+01
  -5.193  0.0000E+00  0.8000E+01
  -5.183  0.0000E+00  0.8000E+01
  -5.173  0.0000E+00  0.8000E+01
  -5.163  0.0000E+00  0.8000E+01
  -5.153  0.0000E+00  0.8000E+01
  -5.143  0.0000E+00  0.8000E+01
  -5.133  0.0000E+00  0.8000E+01
  -5.123  0.0000E+00  0.8000E+01
  -5.113  0.0000E+00  0.8000E+01
  -5.103  0.0000E+00  0.8000E+01
  -5.093  0.0000E+00  0.8000E+01
  -5.083  0.0000E+00  0.8000E+01
  -5.073  0.0000E+00  0.8000E+01
  -5.063  0.0000E+00  0.8000E+01
  -5.053  0.0000E+00  0.8000E+01
  -5.043  0.0000E+00  0.8000E+01
  -5.033  0.0000E+00  0.8000E+01
  -5.023  0.0000E+00  0.8000E+01
  -5.013  0.0000E+00  0.8000E+01
  -5.003  0.0000E+00  0.8000E+01
  -4.993  0.0000E+00  0.8000E+01
  -4.983  0.0000E+00  0.8000E+01
  -4.973  0.0000E+00  0.8000E+01
  -4.963  0.0000E+00  0.8000E+01
  -4.953  0.0000E+00  0.8000E+01
  -4.943  0.0000E+00  0.8000E+01
  -4.933  0.0000E+00  0.8000E+01
  -4.923  0.0000E+00  0.8000E+01
  -4.913  0.0000E+00  0.8000E+01
  -4.903  0.0000E+00  0.8000E+01
  -4.893  0.0000E+00  0.8000E+01
  -4.883  0.0000E+00  0.8000E+01
  -4.873  0.0000E+00  0.8000E+01
  -4.863  0.0000E+00  0.8000E+01
  -4.853  0.0000E+00  0.8000E+01
  -4.843  0.0000E+00  0.8000E+01
  -4.833  0.0000E+00  0.8000E+01
  -4.823  0.0000E+00  0.8000E+01
  -4.813  0.0000E+00  0.8000E+01
  -4.803  0.0000E+00  0.8000E+01
  -4.793  0.0000E+00  0.8000E+01
  -4.783  0.0000E+00  0.8000E+01
  -4.773  0.0000E+00  0.8000E+01
  -4.763  0.0000E+00  0.8000E+01
  -4.753  0.0000E+00  0.8000E+01
  -4.743  0.0000E+00  0.8000E+01
  -4.733  0.0000E+00  0.8000E+01
  -4.723  0.0000E+00  0.8000E+01
  -4.713  0.0000E+00  0.8000E+01
  -4.703  0.0000E+00  0.8000E+01
  -4.693  0.0000E+00  0.8000E+01
  -4.683  0.0000E+00  0.8000E+01
  -4.673  0.0000E+00  0.8000E+01
  -4.663  0.0000E+00  0.8000E+01
  -4.653  0.0000E+00  0.8000E+01
  -4.643  0.0000E+00  0.8000E+01
  -4.633  0.0000E+00  0.8000E+01
  -4.623  0.0000E+00  0.8000E+01
  -4.613  0.0000E+00  0.8000E+01
  -4.603  0.0000E+00  0.8000E+01
  -4.593  0.0000E+00  0.8000E+01
  -4.583  0.0000E+00  0.8000E+01
  -4.573  0.0000E+00  0.8000E+01
  -4.563  0.0000E+00  0.8000E+01
  -4.553  0.0000E+00  0.8000E+01
  -4.543  0.0000E+00  0.8000E+01
  -4.533  0.0000E+00  0.8000E+01
  -4.523  0.0000E+00  0.8000E+01
  -4.513  0.0000E+00  0.8000E+01
  -4.503  0.0000E+00  0.8000E+01
  -4.493  0.0000E+00  0.8000E+01
  -4.483  0.0000E+00  0.8000E+01
  -4.473  0.0000E+00  0.8000E+01
  -4.463  0.0000E+00  0.8000E+01
  -4.453  0.0000E+00  0.8000E+01
  -4.443  0.0000E+00  0.8000E+01
  -4.433  0.0000E+00  0.8000E+01
  -4.423  0.0000E+00  0.8000E+01
  -4.413  0.0000E+00  0.8000E+01
  -4.403  0.0000E+00  0.8000E+01
  -4.393  0.0000E+00  0.8000E+01
  -4.383  0.0000E+00  0.8000E+01
  -4.373  0.0000E+00  0.8000E+01
  -4.363  0.0000E+00  0.8000E+01
  -4.353  0.0000E+00  0.8000E+01
  -4.343  0.0000E+00  0.8000E+01
  -4.333  0.0000E+00  0.8000E+01
  -4.323  0.0000E+00  0.8000E+01
  -4.313  0.0000E+00  0.8000E+01
  -4.303  0.0000E+00  0.8000E+01
  -4.293  0.0000E+00  0.8000E+01
  -4.283  0.0000E+00  0.8000E+01
  -4.273  0.0000E+00  0.8000E+01
  -4.263  0.0000E+00  0.8000E+01
  -4.253  0.0000E+00  0.8000E+01
  -4.243  0.0000E+00  0.8000E+01
  -4.233  0.0000E+00  0.8000E+01
  -4.223  0.0000E+00  0.8000E+01
  -4.213  0.0000E+00  0.8000E+01
  -4.203  0.0000E+00  0.8000E+01
  -4.193  0.0000E+00  0.8000E+01
  -4.183  0.0000E+00  0.8000E+01
  -4.173  0.0000E+00  0.8000E+01
  -4.163  0.0000E+00  0.8000E+01
  -4.153  0.0000E+00  0.8000E+01
  -4.143  0.0000E+00  0.8000E+01
  -4.133  0.0000E+00  0.8000E+01
  -4.123  0.0000E+00  0.8000E+01
  -4.113  0.0000E+00  0.8000E+01
  -4.103  0.0000E+00  0.8000E+01
  -4.093  0.0000E+00  0.8000E+01
  -4.083  0.0000E+00  0.8000E+01
  -4.073  0.0000E+00  0.8000E+01
  -4.063  0.0000E+00  0.8000E+01
  -4.053  0.0000E+00  0.8000E+01
  -4.043  0.0000E+00  0.8000E+01
  -4.033  0.0000E+00  0.8000E+01
  -4.023  0.0000E+00  0.8000E+01
  -4.013  0.0000E+00  0.8000E+01
  -4.003  0.0000E+00  0.8000E+01
  -3.993  0.0000E+00  0.8000E+01
  -3.983  0.0000E+00  0.8000E+01
  -3.973  0.0000E+00  0.8000E+01
  -3.963  0.0000E+00  0.8000E+01
  -3.953  0.0000E+00  0.8000E+01
  -3.943  0.0000E+00  0.8000E+01
  -3.933  0.0000E+00  0.8000E+01
  -3.923  0.0000E+00  0.8000E+01
  -3.913  0.0000E+00  0.8000E+01
  -3.903  0.0000E+00  0.8000E+01
  -3.893  0.0000E+00  0.8000E+01
  -3.883  0.0000E+00  0.8000E+01
  -3.873  0.0000E+00  0.8000E+01
  -3.863  0.0000E+00  0.8000E+01
  -3.853  0.0000E+00  0.8000E+01
  -3.843  0.0000E+00  0.8000E+01
  -3.833  0.0000E+00  0.8000E+01
  -3.823  0.0000E+00  0.8000E+01
  -3.813  0.0000E+00  0.8000E+01
  -3.803  0.0000E+00  0.8000E+01
  -3.793  0.0000E+00  0.8000E+01
  -3.783  0.0000E+00  0.8000E+01
  -3.773  0.0000E+00  0.8000E+01
  -3.763  0.0000E+00  0.8000E+01
  -3.753  0.0000E+00  0.8000E+01
  -3.743  0.0000E+00  0.8000E+01
  -3.733  0.0000E+00  0.8000E+01
  -3.723  0.0000E+00  0.8000E+01
  -3.713  0.0000E+00  0.8000E+01
  -3.703  0.0000E+00  0.8000E+01
  -3.693  0.0000E+00  0.8000E+01
  -3.683  0.0000E+00  0.8000E+01
  -3.673  0.0000E+00  0.8000E+01
  -3.663  0.0000E+00  0.8000E+01
  -3.653  0.0000E+00  0.8000E+01
  -3.643  0.0000E+00  0.8000E+01
  -3.633  0.0000E+00  0.8000E+01
  -3.623  0.0000E+00  0.8000E+01
  -3.613  0.0000E+00  0.8000E+01
  -3.603  0.0000E+00  0.8000E+01
  -3.593  0.0000E+00  0.8000E+01
  -3.583  0.0000E+00  0.8000E+01
  -3.573  0.0000E+00  0.8000E+01
  -3.563  0.0000E+00  0.8000E+01
  -3.553  0.0000E+00  0.8000E+01
  -3.543  0.0000E+00  0.8000E+01
  -3.533  0.0000E+00  0.8000E+01
  -3.523  0.0000E+00  0.8000E+01
  -3.513  0.0000E+00  0.8000E+01
  -3.503  0.0000E+00  0.8000E+01
  -3.493  0.0000E+00  0.8000E+01
  -3.483  0.0000E+00  0.8000E+01
  -3.473  0.0000E+00  0.8000E+01
  -3.463  0.0000E+00  0.8000E+01
  -3.453  0.0000E+00  0.8000E+01
  -3.443  0.0000E+00  0.8000E+01
  -3.433  0.0000E+00  0.8000E+01
  -3.423  0.0000E+00  0.8000E+01
  -3.413  0.0000E+00  0.8000E+01
  -3.403  0.0000E+00  0.8000E+01
  -3.393  0.0000E+00  0.8000E+01
  -3.383  0.0000E+00  0.8000E+01
  -3.373  0.0000E+00  0.8000E+01
  -3.363  0.0000E+00  0.8000E+01
  -3.353  0.0000E+00  0.8000E+01
  -3.343  0.0000E+00  0.8000E+01
  -3.333  0.0000E+00  0.8000E+01
  -3.323  0.0000E+00  0.8000E+01
  -3.313  0.0000E+00  0.8000E+01
  -3.303  0.0000E+00  0.8000E+01
  -3.293  0.0000E+00  0.8000E+01
  -3.283  0.0000E+00  0.8000E+01
  -3.273  0.0000E+00  0.8000E+01
  -3.263  0.0000E+00  0.8000E+01
  -3.253  0.0000E+00  0.8000E+01
  -3.243  0.0000E+00  0.8000E+01
  -3.233  0.0000E+00  0.8000E+01
  -3.223  0.0000E+00  0.8000E+01
  -3.213  0.0000E+00  0.8000E+01
  -3.203  0.0000E+00  0.8000E+01
  -3.193  0.0000E+00  0.8000E+01
  -3.183  0.0000E+00  0.8000E+01
  -3.173  0.0000E+00  0.8000E+01
  -3.163  0.0000E+00  0.8000E+01
  -3.153  0.0000E+00  0.8000E+01
  -3.143  0.0000E+00  0.8000E+01
  -3.133  0.0000E+00  0.8000E+01
  -3.123  0.0000E+00  0.8000E+01
  -3.113  0.0000E+00  0.8000E+01
  -3.103  0.0000E+00  0.8000E+01
  -3.093  0.0000E+00  0.8000E+01
  -3.083  0.0000E+00  0.8000E+01
  -3.073  0.0000E+00  0.8000E+01
  -3.063  0.0000E+00  0.8000E+01
  -3.053  0.0000E+00  0.8000E+01
  -3.043  0.0000E+00  0.8000E+01
  -3.033  0.0000E+00  0.8000E+01
  -3.023  0.0000E+00  0.8000E+01
  -3.013  0.0000E+00  0.8000E+01
  -3.003  0.0000E+00  0.8000E+01
  -2.993  0.0000E+00  0.8000E+01
  -2.983  0.0000E+00  0.8000E+01
  -2.973  0.0000E+00  0.8000E+01
  -2.963  0.0000E+00  0.8000E+01
  -2.953  0.0000E+00  0.8000E+01
  -2.943  0.0000E+00  0.8000E+01
  -2.933  0.0000E+00  0.8000E+01
  -2.923  0.0000E+00  0.8000E+01
  -2.913  0.0000E+00  0.8000E+01
  -2.903  0.0000E+00  0.8000E+01
  -2.893  0.0000E+00  0.8000E+01
  -2.883  0.0000E+00  0.8000E+01
  -2.873  0.0000E+00  0.8000E+01
  -2.863  0.0000E+00  0.8000E+01
  -2.853  0.0000E+00  0.8000E+01
  -2.843  0.0000E+00  0.8000E+01
  -2.833  0.0000E+00  0.8000E+01
  -2.823  0.0000E+00  0.8000E+01
  -2.813  0.0000E+00  0.8000E+01
  -2.803  0.0000E+00  0.8000E+01
  -2.793  0.0000E+00  0.8000E+01
  -2.783  0.0000E+00  0.8000E+01
  -2.773  0.0000E+00  0.8000E+01
  -2.763  0.0000E+00  0.8000E+01
  -2.753  0.0000E+00  0.8000E+01
  -2.743  0.0000E+00  0.8000E+01
  -2.733  0.0000E+00  0.8000E+01
  -2.723  0.0000E+00  0.8000E+01
  -2.713  0.0000E+00  0.8000E+01
  -2.703  0.0000E+00  0.8000E+01
  -2.693  0.0000E+00  0.8000E+01
  -2.683  0.0000E+00  0.8000E+01
  -2.673  0.1107E+00  0.8000E+01
  -2.663  0.9783E+00  0.8005E+01
  -2.653  0.1393E+01  0.8018E+01
  -2.643  0.1202E+01  0.8030E+01
  -2.633  0.1433E+01  0.8043E+01
  -2.623  0.1691E+01  0.8059E+01
  -2.613  0.1957E+01  0.8077E+01
  -2.603  0.2252E+01  0.8098E+01
  -2.593  0.2579E+01  0.8122E+01
  -2.583  0.2940E+01  0.8150E+01
  -2.573  0.3751E+01  0.8183E+01
  -2.563  0.4575E+01  0.8225E+01
  -2.553  0.4299E+01  0.8270E+01
  -2.543  0.4291E+01  0.8312E+01
  -2.533  0.4597E+01  0.8357E+01
  -2.523  0.4872E+01  0.8404E+01
  -2.513  0.5108E+01  0.8454E+01
  -2.503  0.5305E+01  0.8506E+01
  -2.493  0.5474E+01  0.8560E+01
  -2.483  0.5696E+01  0.8616E+01
  -2.473  0.5908E+01  0.8674E+01
  -2.463  0.6035E+01  0.8733E+01
  -2.453  0.6185E+01  0.8795E+01
  -2.443  0.6355E+01  0.8857E+01
  -2.433  0.6438E+01  0.8921E+01
  -2.423  0.6435E+01  0.8986E+01
  -2.413  0.6407E+01  0.9050E+01
  -2.403  0.6307E+01  0.9114E+01
  -2.393  0.6159E+01  0.9176E+01
  -2.383  0.5968E+01  0.9237E+01
  -2.373  0.5760E+01  0.9295E+01
  -2.363  0.5612E+01  0.9352E+01
  -2.353  0.5563E+01  0.9408E+01
  -2.343  0.5315E+01  0.9463E+01
  -2.333  0.4907E+01  0.9514E+01
  -2.323  0.4533E+01  0.9561E+01
  -2.313  0.4187E+01  0.9605E+01
  -2.303  0.3753E+01  0.9644E+01
  -2.293  0.3354E+01  0.9680E+01
  -2.283  0.3177E+01  0.9712E+01
  -2.273  0.3062E+01  0.9743E+01
  -2.263  0.2956E+01  0.9773E+01
  -2.253  0.2857E+01  0.9803E+01
  -2.243  0.2750E+01  0.9831E+01
  -2.233  0.2639E+01  0.9858E+01
  -2.223  0.2563E+01  0.9883E+01
  -2.213  0.2532E+01  0.9909E+01
  -2.203  0.2527E+01  0.9934E+01
  -2.193  0.2523E+01  0.9959E+01
  -2.183  0.2519E+01  0.9985E+01
  -2.173  0.2514E+01  0.1001E+02
  -2.163  0.2510E+01  0.1003E+02
  -2.153  0.2506E+01  0.1006E+02
  -2.143  0.2502E+01  0.1009E+02
  -2.133  0.2497E+01  0.1011E+02
  -2.123  0.2493E+01  0.1014E+02
  -2.113  0.2489E+01  0.1016E+02
  -2.103  0.2484E+01  0.1018E+02
  -2.093  0.2480E+01  0.1021E+02
  -2.083  0.2476E+01  0.1023E+02
  -2.073  0.2472E+01  0.1026E+02
  -2.063  0.2468E+01  0.1028E+02
  -2.053  0.2463E+01  0.1031E+02
  -2.043  0.2459E+01  0.1033E+02
  -2.033  0.2455E+01  0.1036E+02
  -2.023  0.2451E+01  0.1038E+02
  -2.013  0.2447E+01  0.1041E+02
  -2.003  0.2442E+01  0.1043E+02
  -1.993  0.2438E+01  0.1046E+02
  -1.983  0.2434E+01  0.1048E+02
  -1.973  0.2430E+01  0.1050E+02
  -1.963  0.2426E+01  0.1053E+02
  -1.953  0.2424E+01  0.1055E+02
  -1.943  0.2430E+01  0.1058E+02
  -1.933  0.2474E+01  0.1060E+02
  -1.923  0.2511E+01  0.1063E+02
  -1.913  0.2541E+01  0.1065E+02
  -1.903  0.2563E+01  0.1068E+02
  -1.893  0.2578E+01  0.1070E+02
  -1.883  0.2594E+01  0.1073E+02
  -1.873  0.2614E+01  0.1075E+02
  -1.863  0.2716E+01  0.1078E+02
  -1.853  0.2842E+01  0.1081E+02
  -1.843  0.2942E+01  0.1084E+02
  -1.833  0.2978E+01  0.1087E+02
  -1.823  0.3007E+01  0.1090E+02
  -1.813  0.2985E+01  0.1093E+02
  -1.803  0.2927E+01  0.1096E+02
  -1.793  0.2920E+01  0.1099E+02
  -1.783  0.3006E+01  0.1102E+02
  -1.773  0.3080E+01  0.1105E+02
  -1.763  0.3140E+01  0.1108E+02
  -1.753  0.3131E+01  0.1111E+02
  -1.743  0.3100E+01  0.1114E+02
  -1.733  0.3068E+01  0.1117E+02
  -1.723  0.3039E+01  0.1120E+02
  -1.713  0.3014E+01  0.1123E+02
  -1.703  0.2970E+01  0.1126E+02
  -1.693  0.2902E+01  0.1129E+02
  -1.683  0.2841E+01  0.1132E+02
  -1.673  0.2790E+01  0.1135E+02
  -1.663  0.2798E+01  0.1138E+02
  -1.653  0.2809E+01  0.1140E+02
  -1.643  0.2818E+01  0.1143E+02
  -1.633  0.2825E+01  0.1146E+02
  -1.623  0.2833E+01  0.1149E+02
  -1.613  0.2842E+01  0.1152E+02
  -1.603  0.2852E+01  0.1155E+02
  -1.593  0.2862E+01  0.1157E+02
  -1.583  0.2873E+01  0.1160E+02
  -1.573  0.2885E+01  0.1163E+02
  -1.563  0.2897E+01  0.1166E+02
  -1.553  0.2909E+01  0.1169E+02
  -1.543  0.2921E+01  0.1172E+02
  -1.533  0.2934E+01  0.1175E+02
  -1.523  0.2947E+01  0.1178E+02
  -1.513  0.2961E+01  0.1181E+02
  -1.503  0.2975E+01  0.1184E+02
  -1.493  0.2989E+01  0.1187E+02
  -1.483  0.3004E+01  0.1190E+02
  -1.473  0.3019E+01  0.1193E+02
  -1.463  0.3034E+01  0.1196E+02
  -1.453  0.3049E+01  0.1199E+02
  -1.443  0.3065E+01  0.1202E+02
  -1.433  0.3082E+01  0.1205E+02
  -1.423  0.3098E+01  0.1208E+02
  -1.413  0.3115E+01  0.1211E+02
  -1.403  0.3132E+01  0.1214E+02
  -1.393  0.3166E+01  0.1217E+02
  -1.383  0.3695E+01  0.1221E+02
  -1.373  0.4846E+01  0.1225E+02
  -1.363  0.6400E+01  0.1230E+02
  -1.353  0.8811E+01  0.1238E+02
  -1.343  0.6065E+01  0.1246E+02
  -1.333  0.5689E+01  0.1252E+02
  -1.323  0.8731E+01  0.1259E+02
  -1.313  0.8941E+01  0.1267E+02
  -1.303  0.1310E+02  0.1278E+02
  -1.293  0.9616E+01  0.1289E+02
  -1.283  0.1030E+02  0.1299E+02
  -1.273  0.1128E+02  0.1310E+02
  -1.263  0.1130E+02  0.1321E+02
  -1.253  0.1268E+02  0.1333E+02
  -1.243  0.1006E+02  0.1346E+02
  -1.233  0.8298E+01  0.1355E+02
  -1.223  0.7194E+01  0.1363E+02
  -1.213  0.6146E+01  0.1369E+02
  -1.203  0.5156E+01  0.1375E+02
  -1.193  0.4223E+01  0.1380E+02
  -1.183  0.3490E+01  0.1383E+02
  -1.173  0.2836E+01  0.1387E+02
  -1.163  0.2150E+01  0.1389E+02
  -1.153  0.1504E+01  0.1391E+02
  -1.143  0.1775E+01  0.1392E+02
  -1.133  0.2442E+01  0.1394E+02
  -1.123  0.3124E+01  0.1397E+02
  -1.113  0.3730E+01  0.1401E+02
  -1.103  0.4177E+01  0.1405E+02
  -1.093  0.4480E+01  0.1409E+02
  -1.083  0.4670E+01  0.1414E+02
  -1.073  0.4747E+01  0.1418E+02
  -1.063  0.4708E+01  0.1423E+02
  -1.053  0.4531E+01  0.1428E+02
  -1.043  0.4216E+01  0.1432E+02
  -1.033  0.3980E+01  0.1436E+02
  -1.023  0.3968E+01  0.1440E+02
  -1.013  0.4032E+01  0.1444E+02
  -1.003  0.4142E+01  0.1448E+02
  -0.993  0.4325E+01  0.1452E+02
  -0.983  0.4679E+01  0.1457E+02
  -0.973  0.5122E+01  0.1462E+02
  -0.963  0.5541E+01  0.1467E+02
  -0.953  0.6067E+01  0.1473E+02
  -0.943  0.6464E+01  0.1479E+02
  -0.933  0.6944E+01  0.1486E+02
  -0.923  0.7620E+01  0.1493E+02
  -0.913  0.8152E+01  0.1501E+02
  -0.903  0.8345E+01  0.1509E+02
  -0.893  0.8447E+01  0.1518E+02
  -0.883  0.8084E+01  0.1526E+02
  -0.873  0.7952E+01  0.1534E+02
  -0.863  0.8030E+01  0.1542E+02
  -0.853  0.8174E+01  0.1550E+02
  -0.843  0.8331E+01  0.1558E+02
  -0.833  0.8149E+01  0.1567E+02
  -0.823  0.7645E+01  0.1574E+02
  -0.813  0.7281E+01  0.1582E+02
  -0.803  0.7025E+01  0.1589E+02
  -0.793  0.7079E+01  0.1596E+02
  -0.783  0.7120E+01  0.1603E+02
  -0.773  0.7183E+01  0.1610E+02
  -0.763  0.7261E+01  0.1618E+02
  -0.753  0.7271E+01  0.1625E+02
  -0.743  0.7492E+01  0.1632E+02
  -0.733  0.7721E+01  0.1640E+02
  -0.723  0.8196E+01  0.1648E+02
  -0.713  0.8923E+01  0.1656E+02
  -0.703  0.9530E+01  0.1665E+02
  -0.693  0.1008E+02  0.1675E+02
  -0.683  0.1065E+02  0.1686E+02
  -0.673  0.1068E+02  0.1696E+02
  -0.663  0.1023E+02  0.1707E+02
  -0.653  0.1043E+02  0.1717E+02
  -0.643  0.1116E+02  0.1728E+02
  -0.633  0.1045E+02  0.1739E+02
  -0.623  0.9697E+01  0.1749E+02
  -0.613  0.8736E+01  0.1758E+02
  -0.603  0.8239E+01  0.1767E+02
  -0.593  0.8166E+01  0.1775E+02
  -0.583  0.8348E+01  0.1783E+02
  -0.573  0.8858E+01  0.1792E+02
  -0.563  0.9734E+01  0.1801E+02
  -0.553  0.1095E+02  0.1811E+02
  -0.543  0.1504E+02  0.1824E+02
  -0.533  0.1790E+02  0.1841E+02
  -0.523  0.1752E+02  0.1859E+02
  -0.513  0.1630E+02  0.1876E+02
  -0.503  0.1504E+02  0.1891E+02
  -0.493  0.1389E+02  0.1906E+02
  -0.483  0.1292E+02  0.1919E+02
  -0.473  0.1236E+02  0.1932E+02
  -0.463  0.1244E+02  0.1944E+02
  -0.453  0.1238E+02  0.1957E+02
  -0.443  0.1154E+02  0.1969E+02
  -0.433  0.1229E+02  0.1980E+02
  -0.423  0.1355E+02  0.1993E+02
  -0.413  0.1328E+02  0.2006E+02
  -0.403  0.1441E+02  0.2020E+02
  -0.393  0.2108E+02  0.2038E+02
  -0.383  0.2113E+02  0.2060E+02
  -0.373  0.2066E+02  0.2081E+02
  -0.363  0.1941E+02  0.2101E+02
  -0.353  0.1770E+02  0.2120E+02
  -0.343  0.1851E+02  0.2138E+02
  -0.333  0.1699E+02  0.2156E+02
  -0.323  0.1485E+02  0.2172E+02
  -0.313  0.1650E+02  0.2187E+02
  -0.303  0.1700E+02  0.2203E+02
  -0.293  0.1369E+02  0.2218E+02
  -0.283  0.1341E+02  0.2232E+02
  -0.273  0.1303E+02  0.2245E+02
  -0.263  0.1247E+02  0.2258E+02
  -0.253  0.1191E+02  0.2270E+02
  -0.243  0.1161E+02  0.2282E+02
  -0.233  0.1142E+02  0.2293E+02
  -0.223  0.1130E+02  0.2304E+02
  -0.213  0.1167E+02  0.2316E+02
  -0.203  0.1199E+02  0.2327E+02
  -0.193  0.1241E+02  0.2340E+02
  -0.183  0.1172E+02  0.2352E+02
  -0.173  0.1139E+02  0.2363E+02
  -0.163  0.1154E+02  0.2375E+02
  -0.153  0.1165E+02  0.2386E+02
  -0.143  0.1126E+02  0.2398E+02
  -0.133  0.1104E+02  0.2409E+02
  -0.123  0.1084E+02  0.2420E+02
  -0.113  0.1062E+02  0.2431E+02
  -0.103  0.1038E+02  0.2441E+02
  -0.093  0.1009E+02  0.2451E+02
  -0.083  0.9755E+01  0.2461E+02
  -0.073  0.9426E+01  0.2471E+02
  -0.063  0.9087E+01  0.2480E+02
  -0.053  0.9035E+01  0.2489E+02
  -0.043  0.8927E+01  0.2498E+02
  -0.033  0.8567E+01  0.2507E+02
  -0.023  0.8187E+01  0.2515E+02
  -0.013  0.7666E+01  0.2523E+02
  -0.003  0.7719E+01  0.2531E+02
   0.007  0.7383E+01  0.2539E+02
   0.017  0.6699E+01  0.2546E+02
   0.027  0.5974E+01  0.2552E+02
   0.037  0.5170E+01  0.2557E+02
   0.047  0.4297E+01  0.2562E+02
   0.057  0.3362E+01  0.2566E+02
   0.067  0.2734E+01  0.2569E+02
   0.077  0.2051E+01  0.2571E+02
   0.087  0.1960E+01  0.2573E+02
   0.097  0.1868E+01  0.2575E+02
   0.107  0.1712E+01  0.2577E+02
   0.117  0.1609E+01  0.2579E+02
   0.127  0.1516E+01  0.2580E+02
   0.137  0.1434E+01  0.2582E+02
   0.147  0.1364E+01  0.2583E+02
   0.157  0.1293E+01  0.2585E+02
   0.167  0.1224E+01  0.2586E+02
   0.177  0.1154E+01  0.2587E+02
   0.187  0.1085E+01  0.2588E+02
   0.197  0.1017E+01  0.2589E+02
   0.207  0.9490E+00  0.2590E+02
   0.217  0.8814E+00  0.2591E+02
   0.227  0.8144E+00  0.2592E+02
   0.237  0.7478E+00  0.2593E+02
   0.247  0.6816E+00  0.2593E+02
   0.257  0.6159E+00  0.2594E+02
   0.267  0.5504E+00  0.2595E+02
   0.277  0.4840E+00  0.2595E+02
   0.287  0.4191E+00  0.2596E+02
   0.297  0.3710E+00  0.2596E+02
   0.307  0.3350E+00  0.2596E+02
   0.317  0.3031E+00  0.2597E+02
   0.327  0.2756E+00  0.2597E+02
   0.337  0.2522E+00  0.2597E+02
   0.347  0.2331E+00  0.2597E+02
   0.357  0.2170E+00  0.2598E+02
   0.367  0.2017E+00  0.2598E+02
   0.377  0.1870E+00  0.2598E+02
   0.387  0.1731E+00  0.2598E+02
   0.397  0.1599E+00  0.2598E+02
   0.407  0.1474E+00  0.2599E+02
   0.417  0.1357E+00  0.2599E+02
   0.427  0.1246E+00  0.2599E+02
   0.437  0.1143E+00  0.2599E+02
   0.447  0.1047E+00  0.2599E+02
   0.457  0.9579E-01  0.2599E+02
   0.467  0.8761E-01  0.2599E+02
   0.477  0.8014E-01  0.2599E+02
   0.487  0.7339E-01  0.2599E+02
   0.497  0.6736E-01  0.2599E+02
   0.507  0.6155E-01  0.2600E+02
   0.517  0.5598E-01  0.2600E+02
   0.527  0.5067E-01  0.2600E+02
   0.537  0.4563E-01  0.2600E+02
   0.547  0.4085E-01  0.2600E+02
   0.557  0.3634E-01  0.2600E+02
   0.567  0.3209E-01  0.2600E+02
   0.577  0.2810E-01  0.2600E+02
   0.587  0.2438E-01  0.2600E+02
   0.597  0.2092E-01  0.2600E+02
   0.607  0.1773E-01  0.2600E+02
   0.617  0.1480E-01  0.2600E+02
   0.627  0.1213E-01  0.2600E+02
   0.637  0.9733E-02  0.2600E+02
   0.647  0.7597E-02  0.2600E+02
   0.657  0.5725E-02  0.2600E+02
   0.667  0.4117E-02  0.2600E+02
   0.677  0.2774E-02  0.2600E+02
   0.687  0.1695E-02  0.2600E+02
   0.697  0.8809E-03  0.2600E+02
   0.707  0.3307E-03  0.2600E+02
   0.717  0.4473E-04  0.2600E+02
   0.727  0.0000E+00  0.2600E+02
   0.737  0.0000E+00  0.2600E+02
   0.747  0.0000E+00  0.2600E+02
   0.757  0.0000E+00  0.2600E+02
   0.767  0.0000E+00  0.2600E+02
   0.777  0.0000E+00  0.2600E+02
   0.787  0.0000E+00  0.2600E+02
   0.797  0.0000E+00  0.2600E+02
   0.807  0.0000E+00  0.2600E+02
   0.817  0.0000E+00  0.2600E+02
   0.827  0.0000E+00  0.2600E+02
   0.837  0.0000E+00  0.2600E+02
   0.847  0.0000E+00  0.2600E+02
   0.857  0.0000E+00  0.2600E+02
   0.867  0.0000E+00  0.2600E+02
   0.877  0.0000E+00  0.2600E+02
   0.887  0.0000E+00  0.2600E+02
   0.897  0.0000E+00  0.2600E+02
   0.907  0.0000E+00  0.2600E+02
   0.917  0.0000E+00  0.2600E+02
   0.927  0.0000E+00  0.2600E+02
   0.937  0.0000E+00  0.2600E+02
   0.947  0.0000E+00  0.2600E+02
   0.957  0.0000E+00  0.2600E+02
   0.967  0.0000E+00  0.2600E+02
   0.977  0.0000E+00  0.2600E+02
   0.987  0.0000E+00  0.2600E+02
   0.997  0.0000E+00  0.2600E+02
   1.007  0.0000E+00  0.2600E+02
   1.017  0.0000E+00  0.2600E+02
   1.027  0.0000E+00  0.2600E+02
   1.037  0.0000E+00  0.2600E+02
   1.047  0.0000E+00  0.2600E+02
   1.057  0.0000E+00  0.2600E+02
   1.067  0.0000E+00  0.2600E+02
   1.077  0.0000E+00  0.2600E+02
   1.087  0.0000E+00  0.2600E+02
   1.097  0.0000E+00  0.2600E+02
   1.107  0.0000E+00  0.2600E+02
   1.117  0.0000E+00  0.2600E+02
   1.127  0.0000E+00  0.2600E+02
   1.137  0.0000E+00  0.2600E+02
   1.147  0.0000E+00  0.2600E+02
   1.157  0.0000E+00  0.2600E+02
   1.167  0.0000E+00  0.2600E+02
   1.177  0.0000E+00  0.2600E+02
   1.187  0.0000E+00  0.2600E+02
   1.197  0.0000E+00  0.2600E+02
   1.207  0.0000E+00  0.2600E+02
   1.217  0.0000E+00  0.2600E+02
   1.227  0.0000E+00  0.2600E+02
   1.237  0.0000E+00  0.2600E+02
   1.247  0.0000E+00  0.2600E+02
   1.257  0.0000E+00  0.2600E+02
   1.267  0.0000E+00  0.2600E+02
   1.277  0.0000E+00  0.2600E+02
   1.287  0.0000E+00  0.2600E+02
   1.297  0.0000E+00  0.2600E+02
   1.307  0.0000E+00  0.2600E+02
   1.317  0.0000E+00  0.2600E+02
   1.327  0.0000E+00  0.2600E+02
   1.337  0.0000E+00  0.2600E+02
   1.347  0.0000E+00  0.2600E+02
   1.357  0.0000E+00  0.2600E+02
   1.367  0.0000E+00  0.2600E+02
   1.377  0.0000E+00  0.2600E+02
   1.387  0.0000E+00  0.2600E+02
   1.397  0.0000E+00  0.2600E+02
   1.407  0.0000E+00  0.2600E+02
   1.417  0.0000E+00  0.2600E+02
   1.427  0.0000E+00  0.2600E+02
   1.437  0.0000E+00  0.2600E+02
   1.447  0.0000E+00  0.2600E+02
   1.457  0.0000E+00  0.2600E+02
   1.467  0.0000E+00  0.2600E+02
   1.477  0.0000E+00  0.2600E+02
   1.487  0.0000E+00  0.2600E+02
   1.497  0.0000E+00  0.2600E+02
   1.507  0.0000E+00  0.2600E+02
   1.517  0.0000E+00  0.2600E+02
   1.527  0.0000E+00  0.2600E+02
   1.537  0.0000E+00  0.2600E+02
   1.547  0.0000E+00  0.2600E+02
   1.557  0.0000E+00  0.2600E+02
   1.567  0.0000E+00  0.2600E+02
   1.577  0.0000E+00  0.2600E+02
   1.587  0.0000E+00  0.2600E+02
   1.597  0.0000E+00  0.2600E+02
   1.607  0.0000E+00  0.2600E+02
   1.617  0.0000E+00  0.2600E+02
   1.627  0.0000E+00  0.2600E+02
   1.637  0.0000E+00  0.2600E+02
   1.647  0.0000E+00  0.2600E+02
   1.657  0.0000E+00  0.2600E+02
   1.667  0.0000E+00  0.2600E+02
   1.677  0.0000E+00  0.2600E+02
   1.687  0.0000E+00  0.2600E+02
   1.697  0.0000E+00  0.2600E+02
   1.707  0.0000E+00  0.2600E+02
   1.717  0.0000E+00  0.2600E+02
   1.727  0.0000E+00  0.2600E+02
   1.737  0.0000E+00  0.2600E+02
   1.747  0.0000E+00  0.2600E+02
   1.757  0.0000E+00  0.2600E+02
   1.767  0.0000E+00  0.2600E+02
   1.777  0.0000E+00  0.2600E+02
   1.787  0.0000E+00  0.2600E+02
   1.797  0.0000E+00  0.2600E+02
   1.807  0.0000E+00  0.2600E+02
   1.817  0.0000E+00  0.2600E+02
   1.827  0.0000E+00  0.2600E+02
   1.837  0.0000E+00  0.2600E+02
   1.847  0.0000E+00  0.2600E+02
   1.857  0.0000E+00  0.2600E+02
   1.867  0.0000E+00  0.2600E+02
   1.877  0.0000E+00  0.2600E+02
   1.887  0.0000E+00  0.2600E+02
   1.897  0.0000E+00  0.2600E+02
   1.907  0.0000E+00  0.2600E+02
   1.917  0.0000E+00  0.2600E+02
   1.927  0.0000E+00  0.2600E+02
   1.937  0.0000E+00  0.2600E+02
   1.947  0.0000E+00  0.2600E+02
   1.957  0.0000E+00  0.2600E+02
   1.967  0.0000E+00  0.2600E+02
   1.977  0.0000E+00  0.2600E+02
   1.987  0.0000E+00  0.2600E+02
   1.997  0.0000E+00  0.2600E+02
   2.007  0.0000E+00  0.2600E+02
   2.017  0.0000E+00  0.2600E+02
   2.027  0.0000E+00  0.2600E+02
   2.037  0.6247E-03  0.2600E+02
   2.047  0.8269E-02  0.2600E+02
   2.057  0.2461E-01  0.2600E+02
   2.067  0.4964E-01  0.2600E+02
   2.077  0.8337E-01  0.2600E+02
   2.087  0.1258E+00  0.2600E+02
   2.097  0.1769E+00  0.2600E+02
   2.107  0.2354E+00  0.2601E+02
   2.117  0.2840E+00  0.2601E+02
   2.127  0.3190E+00  0.2601E+02
   2.137  0.3404E+00  0.2601E+02
   2.147  0.3482E+00  0.2602E+02
   2.157  0.3424E+00  0.2602E+02
   2.167  0.3230E+00  0.2603E+02
   2.177  0.3109E+00  0.2603E+02
   2.187  0.3266E+00  0.2603E+02
   2.197  0.3432E+00  0.2603E+02
   2.207  0.3608E+00  0.2604E+02
   2.217  0.3793E+00  0.2604E+02
   2.227  0.3987E+00  0.2605E+02
   2.237  0.4190E+00  0.2605E+02
   2.247  0.4403E+00  0.2605E+02
   2.257  0.4625E+00  0.2606E+02
   2.267  0.4857E+00  0.2606E+02
   2.277  0.5104E+00  0.2607E+02
   2.287  0.5368E+00  0.2607E+02
   2.297  0.5649E+00  0.2608E+02
   2.307  0.5946E+00  0.2608E+02
   2.317  0.6261E+00  0.2609E+02
   2.327  0.6581E+00  0.2610E+02
   2.337  0.6883E+00  0.2610E+02
   2.347  0.7198E+00  0.2611E+02
   2.357  0.7524E+00  0.2612E+02
   2.367  0.7862E+00  0.2613E+02
   2.377  0.8211E+00  0.2613E+02
   2.387  0.8573E+00  0.2614E+02
   2.397  0.8946E+00  0.2615E+02
   2.407  0.9333E+00  0.2616E+02
   2.417  0.9861E+00  0.2617E+02
   2.427  0.1060E+01  0.2618E+02
   2.437  0.1156E+01  0.2619E+02
   2.447  0.1274E+01  0.2620E+02
   2.457  0.1412E+01  0.2622E+02
   2.467  0.1516E+01  0.2623E+02
   2.477  0.1558E+01  0.2625E+02
   2.487  0.1566E+01  0.2626E+02
   2.497  0.1541E+01  0.2628E+02
   2.507  0.1483E+01  0.2629E+02
   2.517  0.1432E+01  0.2631E+02
   2.527  0.1479E+01  0.2632E+02
   2.537  0.1525E+01  0.2634E+02
   2.547  0.1570E+01  0.2635E+02
   2.557  0.1615E+01  0.2637E+02
   2.567  0.1658E+01  0.2639E+02
   2.577  0.1700E+01  0.2640E+02
   2.587  0.1742E+01  0.2642E+02
   2.597  0.1783E+01  0.2644E+02
   2.607  0.1824E+01  0.2645E+02
   2.617  0.1863E+01  0.2647E+02
   2.627  0.1902E+01  0.2649E+02
   2.637  0.1941E+01  0.2651E+02
   2.647  0.1978E+01  0.2653E+02
   2.657  0.2014E+01  0.2655E+02
   2.667  0.2049E+01  0.2657E+02
   2.677  0.2082E+01  0.2659E+02
   2.687  0.2115E+01  0.2661E+02
   2.697  0.2150E+01  0.2663E+02
   2.707  0.2241E+01  0.2666E+02
   2.717  0.2336E+01  0.2668E+02
   2.727  0.2420E+01  0.2670E+02
   2.737  0.2493E+01  0.2673E+02
   2.747  0.2556E+01  0.2675E+02
   2.757  0.2605E+01  0.2678E+02
   2.767  0.2638E+01  0.2680E+02
   2.777  0.2654E+01  0.2683E+02
   2.787  0.2655E+01  0.2686E+02
   2.797  0.2644E+01  0.2688E+02
   2.807  0.2627E+01  0.2691E+02
   2.817  0.2614E+01  0.2694E+02
   2.827  0.2604E+01  0.2696E+02
   2.837  0.2599E+01  0.2699E+02
   2.847  0.2596E+01  0.2701E+02
   2.857  0.2598E+01  0.2704E+02
   2.867  0.2590E+01  0.2707E+02
   2.877  0.2575E+01  0.2709E+02
   2.887  0.2559E+01  0.2712E+02
   2.897  0.2539E+01  0.2714E+02
   2.907  0.2517E+01  0.2717E+02
   2.917  0.2492E+01  0.2719E+02
   2.927  0.2463E+01  0.2722E+02
   2.937  0.2432E+01  0.2724E+02
   2.947  0.2410E+01  0.2727E+02
   2.957  0.2397E+01  0.2729E+02
   2.967  0.2382E+01  0.2732E+02
   2.977  0.2366E+01  0.2734E+02
   2.987  0.2410E+01  0.2736E+02
   2.997  0.2445E+01  0.2739E+02
   3.007  0.2472E+01  0.2741E+02
   3.017  0.2487E+01  0.2744E+02
   3.027  0.2461E+01  0.2746E+02
   3.037  0.2348E+01  0.2749E+02
   3.047  0.2241E+01  0.2751E+02
   3.057  0.2140E+01  0.2753E+02
   3.067  0.2054E+01  0.2755E+02
   3.077  0.1985E+01  0.2757E+02
   3.087  0.1933E+01  0.2759E+02
   3.097  0.1898E+01  0.2761E+02
   3.107  0.1873E+01  0.2763E+02
   3.117  0.1846E+01  0.2765E+02
   3.127  0.1805E+01  0.2767E+02
   3.137  0.1732E+01  0.2768E+02
   3.147  0.1654E+01  0.2770E+02
   3.157  0.1571E+01  0.2772E+02
   3.167  0.1483E+01  0.2773E+02
   3.177  0.1449E+01  0.2775E+02
   3.187  0.1428E+01  0.2776E+02
   3.197  0.1407E+01  0.2778E+02
   3.207  0.1388E+01  0.2779E+02
   3.217  0.1369E+01  0.2780E+02
   3.227  0.1350E+01  0.2782E+02
   3.237  0.1332E+01  0.2783E+02
   3.247  0.1313E+01  0.2784E+02
   3.257  0.1292E+01  0.2786E+02
   3.267  0.1270E+01  0.2787E+02
   3.277  0.1249E+01  0.2788E+02
   3.287  0.1233E+01  0.2789E+02
   3.297  0.1224E+01  0.2791E+02
   3.307  0.1220E+01  0.2792E+02
   3.317  0.1220E+01  0.2793E+02
   3.327  0.1220E+01  0.2794E+02
   3.337  0.1220E+01  0.2796E+02
   3.347  0.1220E+01  0.2797E+02
   3.357  0.1220E+01  0.2798E+02
   3.367  0.1220E+01  0.2799E+02
   3.377  0.1220E+01  0.2800E+02
   3.387  0.1220E+01  0.2802E+02
   3.397  0.1220E+01  0.2803E+02
   3.407  0.1220E+01  0.2804E+02
   3.417  0.1220E+01  0.2805E+02
   3.427  0.1220E+01  0.2807E+02
   3.437  0.1221E+01  0.2808E+02
   3.447  0.1221E+01  0.2809E+02
   3.457  0.1221E+01  0.2810E+02
   3.467  0.1221E+01  0.2811E+02
   3.477  0.1221E+01  0.2813E+02
   3.487  0.1221E+01  0.2814E+02
   3.497  0.1221E+01  0.2815E+02
   3.507  0.1222E+01  0.2816E+02
   3.517  0.1222E+01  0.2817E+02
   3.527  0.1222E+01  0.2819E+02
   3.537  0.1222E+01  0.2820E+02
   3.547  0.1222E+01  0.2821E+02
   3.557  0.1223E+01  0.2822E+02
   3.567  0.1223E+01  0.2824E+02
   3.577  0.1223E+01  0.2825E+02
   3.587  0.1223E+01  0.2826E+02
   3.597  0.1223E+01  0.2827E+02
   3.607  0.1224E+01  0.2829E+02
   3.617  0.1224E+01  0.2830E+02
   3.627  0.1224E+01  0.2831E+02
   3.637  0.1224E+01  0.2832E+02
   3.647  0.1225E+01  0.2833E+02
   3.657  0.1225E+01  0.2835E+02
   3.667  0.1225E+01  0.2836E+02
   3.677  0.1225E+01  0.2837E+02
   3.687  0.1226E+01  0.2838E+02
   3.697  0.1226E+01  0.2840E+02
   3.707  0.1226E+01  0.2841E+02
   3.717  0.1227E+01  0.2842E+02
   3.727  0.1227E+01  0.2843E+02
   3.737  0.1227E+01  0.2844E+02
   3.747  0.1227E+01  0.2846E+02
   3.757  0.1228E+01  0.2847E+02
   3.767  0.1228E+01  0.2848E+02
   3.777  0.1228E+01  0.2849E+02
   3.787  0.1229E+01  0.2851E+02
   3.797  0.1229E+01  0.2852E+02
   3.807  0.1229E+01  0.2853E+02
   3.817  0.1230E+01  0.2854E+02
   3.827  0.1230E+01  0.2855E+02
   3.837  0.1231E+01  0.2857E+02
   3.847  0.1231E+01  0.2858E+02
   3.857  0.1231E+01  0.2859E+02
   3.867  0.1232E+01  0.2860E+02
   3.877  0.1233E+01  0.2862E+02
   3.887  0.1234E+01  0.2863E+02
   3.897  0.1291E+01  0.2864E+02
   3.907  0.1389E+01  0.2865E+02
   3.917  0.1481E+01  0.2867E+02
   3.927  0.1560E+01  0.2868E+02
   3.937  0.1567E+01  0.2870E+02
   3.947  0.1572E+01  0.2872E+02
   3.957  0.1574E+01  0.2873E+02
   3.967  0.1574E+01  0.2875E+02
   3.977  0.1578E+01  0.2876E+02
   3.987  0.1585E+01  0.2878E+02
   3.997  0.1603E+01  0.2879E+02
   4.007  0.1643E+01  0.2881E+02
   4.017  0.1683E+01  0.2883E+02
   4.027  0.1730E+01  0.2884E+02
   4.037  0.1782E+01  0.2886E+02
   4.047  0.1836E+01  0.2888E+02
   4.057  0.1892E+01  0.2890E+02
   4.067  0.1948E+01  0.2892E+02
   4.077  0.2006E+01  0.2894E+02
   4.087  0.2064E+01  0.2896E+02
   4.097  0.2087E+01  0.2898E+02
   4.107  0.2051E+01  0.2900E+02
   4.117  0.2014E+01  0.2902E+02
   4.127  0.2002E+01  0.2904E+02
   4.137  0.2083E+01  0.2906E+02
   4.147  0.2165E+01  0.2908E+02
   4.157  0.2246E+01  0.2910E+02
   4.167  0.2324E+01  0.2913E+02
   4.177  0.2384E+01  0.2915E+02
   4.187  0.2423E+01  0.2917E+02
   4.197  0.2504E+01  0.2920E+02
   4.207  0.2587E+01  0.2922E+02
   4.217  0.2668E+01  0.2925E+02
   4.227  0.2749E+01  0.2928E+02
   4.237  0.2843E+01  0.2931E+02
   4.247  0.2932E+01  0.2933E+02
   4.257  0.3000E+01  0.2936E+02
   4.267  0.3044E+01  0.2939E+02
   4.277  0.3064E+01  0.2942E+02
   4.287  0.3058E+01  0.2946E+02
   4.297  0.3048E+01  0.2949E+02
   4.307  0.3045E+01  0.2952E+02
   4.317  0.2833E+01  0.2955E+02
   4.327  0.2537E+01  0.2957E+02
   4.337  0.2241E+01  0.2960E+02
   4.347  0.1944E+01  0.2962E+02
   4.357  0.1659E+01  0.2964E+02
   4.367  0.1517E+01  0.2965E+02
   4.377  0.1421E+01  0.2967E+02
   4.387  0.1370E+01  0.2968E+02
   4.397  0.1362E+01  0.2969E+02
   4.407  0.1365E+01  0.2971E+02
   4.417  0.1368E+01  0.2972E+02
   4.427  0.1371E+01  0.2973E+02
   4.437  0.1374E+01  0.2975E+02
   4.447  0.1377E+01  0.2976E+02
   4.457  0.1380E+01  0.2978E+02
   4.467  0.1384E+01  0.2979E+02
   4.477  0.1393E+01  0.2980E+02
   4.487  0.1405E+01  0.2982E+02
   4.497  0.1421E+01  0.2983E+02
   4.507  0.1441E+01  0.2985E+02
   4.517  0.1465E+01  0.2986E+02
   4.527  0.1493E+01  0.2988E+02
   4.537  0.1525E+01  0.2989E+02
   4.547  0.1560E+01  0.2991E+02
   4.557  0.1592E+01  0.2992E+02
   4.567  0.1614E+01  0.2994E+02
   4.577  0.1630E+01  0.2995E+02
   4.587  0.1639E+01  0.2997E+02
   4.597  0.1642E+01  0.2999E+02
   4.607  0.1639E+01  0.3000E+02
   4.617  0.1629E+01  0.3002E+02
   4.627  0.1614E+01  0.3004E+02
   4.637  0.1603E+01  0.3005E+02
   4.647  0.1593E+01  0.3007E+02
   4.657  0.1583E+01  0.3008E+02
   4.667  0.1573E+01  0.3010E+02
   4.677  0.1564E+01  0.3012E+02
   4.687  0.1554E+01  0.3013E+02
   4.697  0.1544E+01  0.3015E+02
   4.707  0.1535E+01  0.3016E+02
   4.717  0.1526E+01  0.3018E+02
   4.727  0.1516E+01  0.3019E+02
   4.737  0.1507E+01  0.3021E+02
   4.747  0.1498E+01  0.3022E+02
   4.757  0.1489E+01  0.3024E+02
   4.767  0.1480E+01  0.3025E+02
   4.777  0.1471E+01  0.3027E+02
   4.787  0.1463E+01  0.3028E+02
   4.797  0.1454E+01  0.3030E+02
   4.807  0.1445E+01  0.3031E+02
   4.817  0.1437E+01  0.3033E+02
   4.827  0.1429E+01  0.3034E+02
   4.837  0.1424E+01  0.3035E+02
   4.847  0.1421E+01  0.3037E+02
   4.857  0.1421E+01  0.3038E+02
   4.867  0.1424E+01  0.3040E+02
   4.877  0.1430E+01  0.3041E+02
   4.887  0.1471E+01  0.3042E+02
   4.897  0.1566E+01  0.3044E+02
   4.907  0.1656E+01  0.3046E+02
   4.917  0.1742E+01  0.3047E+02
   4.927  0.1825E+01  0.3049E+02
   4.937  0.1915E+01  0.3051E+02
   4.947  0.2015E+01  0.3053E+02
   4.957  0.2119E+01  0.3055E+02
   4.967  0.2214E+01  0.3057E+02
   4.977  0.2297E+01  0.3059E+02
   4.987  0.2396E+01  0.3062E+02
   4.997  0.2522E+01  0.3064E+02
   5.007  0.2673E+01  0.3067E+02
   5.017  0.2836E+01  0.3070E+02
   5.027  0.2998E+01  0.3072E+02
   5.037  0.3190E+01  0.3076E+02
   5.047  0.3197E+01  0.3079E+02
   5.057  0.3208E+01  0.3082E+02
   5.067  0.3224E+01  0.3085E+02
   5.077  0.3245E+01  0.3088E+02
   5.087  0.3270E+01  0.3092E+02
   5.097  0.3301E+01  0.3095E+02
   5.107  0.3341E+01  0.3098E+02
   5.117  0.3393E+01  0.3102E+02
   5.127  0.3458E+01  0.3105E+02
   5.137  0.3535E+01  0.3109E+02
   5.147  0.3622E+01  0.3112E+02
   5.157  0.3720E+01  0.3116E+02
   5.167  0.3829E+01  0.3120E+02
   5.177  0.3949E+01  0.3124E+02
   5.187  0.4080E+01  0.3128E+02
   5.197  0.4231E+01  0.3132E+02
   5.207  0.4414E+01  0.3136E+02
   5.217  0.4630E+01  0.3141E+02
   5.227  0.4887E+01  0.3145E+02
   5.237  0.5171E+01  0.3150E+02
   5.247  0.5475E+01  0.3156E+02
   5.257  0.5791E+01  0.3161E+02
   5.267  0.6141E+01  0.3167E+02
   5.277  0.6537E+01  0.3174E+02
   5.287  0.7428E+01  0.3182E+02
   5.297  0.7758E+01  0.3190E+02
   5.307  0.8158E+01  0.3198E+02
   5.317  0.8083E+01  0.3206E+02
   5.327  0.7983E+01  0.3214E+02
   5.337  0.7941E+01  0.3222E+02
   5.347  0.7621E+01  0.3230E+02
   5.357  0.7438E+01  0.3237E+02
   5.367  0.6464E+01  0.3244E+02
   5.377  0.5822E+01  0.3250E+02
   5.387  0.5705E+01  0.3256E+02
   5.397  0.5611E+01  0.3262E+02
   5.407  0.5537E+01  0.3267E+02
   5.417  0.5479E+01  0.3273E+02
   5.427  0.5435E+01  0.3278E+02
   5.437  0.5404E+01  0.3284E+02
   5.447  0.5387E+01  0.3289E+02
   5.457  0.5374E+01  0.3294E+02
   5.467  0.5341E+01  0.3300E+02
   5.477  0.5298E+01  0.3305E+02
   5.487  0.5837E+01  0.3310E+02
   5.497  0.6177E+01  0.3316E+02
   5.507  0.6404E+01  0.3323E+02
   5.517  0.6523E+01  0.3329E+02
   5.527  0.6551E+01  0.3336E+02
   5.537  0.6493E+01  0.3342E+02
   5.547  0.6369E+01  0.3349E+02
   5.557  0.6288E+01  0.3355E+02
   5.567  0.6263E+01  0.3361E+02
   5.577  0.6198E+01  0.3367E+02
   5.587  0.6842E+01  0.3374E+02
   5.597  0.5742E+01  0.3380E+02
   5.607  0.5643E+01  0.3386E+02
   5.617  0.5536E+01  0.3392E+02
   5.627  0.5396E+01  0.3397E+02
   5.637  0.5289E+01  0.3402E+02
   5.647  0.5199E+01  0.3408E+02
   5.657  0.5093E+01  0.3413E+02
   5.667  0.5007E+01  0.3418E+02
   5.677  0.4921E+01  0.3423E+02
   5.687  0.4865E+01  0.3428E+02
   5.697  0.4828E+01  0.3433E+02
   5.707  0.4653E+01  0.3437E+02
   5.717  0.4486E+01  0.3442E+02
   5.727  0.4777E+01  0.3447E+02
   5.737  0.5280E+01  0.3452E+02
   5.747  0.5930E+01  0.3457E+02
   5.757  0.6130E+01  0.3463E+02
   5.767  0.5571E+01  0.3469E+02
   5.777  0.5235E+01  0.3475E+02
   5.787  0.4932E+01  0.3480E+02
   5.797  0.4660E+01  0.3485E+02
   5.807  0.4436E+01  0.3489E+02
   5.817  0.4289E+01  0.3493E+02
   5.827  0.4232E+01  0.3498E+02
   5.837  0.4258E+01  0.3502E+02
   5.847  0.4288E+01  0.3506E+02
   5.857  0.4321E+01  0.3510E+02
   5.867  0.4366E+01  0.3515E+02
   5.877  0.4416E+01  0.3519E+02
   5.887  0.4469E+01  0.3524E+02
   5.897  0.4525E+01  0.3528E+02
   5.907  0.4582E+01  0.3533E+02
   5.917  0.4640E+01  0.3537E+02
   5.927  0.4899E+01  0.3542E+02
   5.937  0.4989E+01  0.3547E+02
   5.947  0.5076E+01  0.3552E+02
   5.957  0.5159E+01  0.3557E+02
   5.967  0.5269E+01  0.3562E+02
   5.977  0.5443E+01  0.3568E+02
   5.987  0.5682E+01  0.3573E+02
   5.997  0.6799E+01  0.3580E+02
   6.007  0.6920E+01  0.3586E+02
   6.017  0.7568E+01  0.3594E+02
   6.027  0.7989E+01  0.3602E+02
   6.037  0.8439E+01  0.3610E+02
   6.047  0.8751E+01  0.3619E+02
   6.057  0.8932E+01  0.3628E+02
   6.067  0.9070E+01  0.3637E+02
   6.077  0.9259E+01  0.3646E+02
   6.087  0.9483E+01  0.3655E+02
   6.097  0.9582E+01  0.3665E+02
   6.107  0.1078E+02  0.3675E+02
   6.117  0.9210E+01  0.3685E+02
   6.127  0.9142E+01  0.3694E+02
   6.137  0.8994E+01  0.3704E+02
   6.147  0.8964E+01  0.3712E+02
   6.157  0.9142E+01  0.3721E+02
   6.167  0.9596E+01  0.3731E+02
   6.177  0.1009E+02  0.3741E+02
   6.187  0.1062E+02  0.3751E+02
   6.197  0.1093E+02  0.3762E+02
   6.207  0.1131E+02  0.3773E+02
   6.217  0.1066E+02  0.3784E+02
   6.227  0.1013E+02  0.3794E+02
   6.237  0.9943E+01  0.3804E+02
   6.247  0.9763E+01  0.3814E+02
   6.257  0.9585E+01  0.3824E+02
   6.267  0.9343E+01  0.3833E+02
   6.277  0.9128E+01  0.3843E+02
   6.287  0.8865E+01  0.3852E+02
   6.297  0.8536E+01  0.3860E+02
   6.307  0.8273E+01  0.3869E+02
   6.317  0.8142E+01  0.3877E+02
   6.327  0.8104E+01  0.3885E+02
   6.337  0.8085E+01  0.3893E+02
   6.347  0.8092E+01  0.3901E+02
   6.357  0.8115E+01  0.3909E+02
   6.367  0.8145E+01  0.3917E+02
   6.377  0.8181E+01  0.3926E+02
   6.387  0.8235E+01  0.3934E+02
   6.397  0.8283E+01  0.3942E+02
   6.407  0.8311E+01  0.3950E+02
   6.417  0.8338E+01  0.3959E+02
   6.427  0.8365E+01  0.3967E+02
   6.437  0.8393E+01  0.3975E+02
   6.447  0.8324E+01  0.3984E+02
   6.457  0.8078E+01  0.3992E+02
   6.467  0.7880E+01  0.4000E+02
   6.477  0.7762E+01  0.4008E+02
   6.487  0.7579E+01  0.4015E+02
   6.497  0.7275E+01  0.4023E+02
   6.507  0.6909E+01  0.4030E+02
   6.517  0.6532E+01  0.4037E+02
   6.527  0.6221E+01  0.4043E+02
   6.537  0.5953E+01  0.4049E+02
   6.547  0.5677E+01  0.4055E+02
   6.557  0.5400E+01  0.4061E+02
   6.567  0.5142E+01  0.4066E+02
   6.577  0.4888E+01  0.4071E+02
   6.587  0.4600E+01  0.4076E+02
   6.597  0.4279E+01  0.4080E+02
   6.607  0.4008E+01  0.4084E+02
   6.617  0.4009E+01  0.4088E+02
   6.627  0.4254E+01  0.4092E+02
   6.637  0.4638E+01  0.4097E+02
   6.647  0.4805E+01  0.4101E+02
   6.657  0.4718E+01  0.4106E+02
   6.667  0.4733E+01  0.4111E+02
   6.677  0.4891E+01  0.4116E+02
   6.687  0.5126E+01  0.4121E+02
   6.697  0.5393E+01  0.4126E+02
   6.707  0.5692E+01  0.4132E+02
   6.717  0.6074E+01  0.4137E+02
   6.727  0.6362E+01  0.4144E+02
   6.737  0.6045E+01  0.4150E+02
   6.747  0.5585E+01  0.4156E+02
   6.757  0.5331E+01  0.4161E+02
   6.767  0.5266E+01  0.4166E+02
   6.777  0.5321E+01  0.4172E+02
   6.787  0.5464E+01  0.4177E+02
   6.797  0.5779E+01  0.4183E+02
   6.807  0.6446E+01  0.4189E+02
   6.817  0.7073E+01  0.4196E+02
   6.827  0.7608E+01  0.4203E+02
   6.837  0.7955E+01  0.4211E+02
   6.847  0.8228E+01  0.4219E+02
   6.857  0.8430E+01  0.4227E+02
   6.867  0.7997E+01  0.4235E+02
   6.877  0.7627E+01  0.4243E+02
   6.887  0.7442E+01  0.4251E+02
   6.897  0.7413E+01  0.4258E+02
   6.907  0.7576E+01  0.4266E+02
   6.917  0.6806E+01  0.4273E+02
   6.927  0.6272E+01  0.4279E+02
   6.937  0.6030E+01  0.4286E+02
   6.947  0.5812E+01  0.4291E+02
   6.957  0.5593E+01  0.4297E+02
   6.967  0.5391E+01  0.4303E+02
   6.977  0.5128E+01  0.4308E+02
   6.987  0.4918E+01  0.4313E+02
   6.997  0.4607E+01  0.4318E+02
   7.007  0.4245E+01  0.4322E+02
   7.017  0.4231E+01  0.4326E+02
   7.027  0.4797E+01  0.4331E+02
   7.037  0.5656E+01  0.4336E+02
   7.047  0.6490E+01  0.4342E+02
   7.057  0.7181E+01  0.4349E+02
   7.067  0.7725E+01  0.4356E+02
   7.077  0.8073E+01  0.4364E+02
   7.087  0.7702E+01  0.4372E+02
   7.097  0.7554E+01  0.4380E+02
   7.107  0.7327E+01  0.4387E+02
   7.117  0.6940E+01  0.4394E+02
   7.127  0.6504E+01  0.4401E+02
   7.137  0.6118E+01  0.4408E+02
   7.147  0.5778E+01  0.4413E+02
   7.157  0.5483E+01  0.4419E+02
   7.167  0.5294E+01  0.4424E+02
   7.177  0.5140E+01  0.4430E+02
   7.187  0.5009E+01  0.4435E+02
   7.197  0.4900E+01  0.4440E+02
   7.207  0.4851E+01  0.4445E+02
   7.217  0.4842E+01  0.4449E+02
   7.227  0.4818E+01  0.4454E+02
   7.237  0.4781E+01  0.4459E+02
   7.247  0.4731E+01  0.4464E+02
   7.257  0.4668E+01  0.4469E+02
   7.267  0.4595E+01  0.4473E+02
   7.277  0.4540E+01  0.4478E+02
   7.287  0.4518E+01  0.4482E+02
   7.297  0.4589E+01  0.4487E+02
   7.307  0.4809E+01  0.4491E+02
   7.317  0.5050E+01  0.4496E+02
   7.327  0.5263E+01  0.4502E+02
   7.337  0.5497E+01  0.4507E+02
   7.347  0.5725E+01  0.4513E+02
   7.357  0.5936E+01  0.4518E+02
   7.367  0.6143E+01  0.4524E+02
   7.377  0.6333E+01  0.4531E+02
   7.387  0.6521E+01  0.4537E+02
   7.397  0.6709E+01  0.4544E+02
   7.407  0.6893E+01  0.4550E+02
   7.417  0.7201E+01  0.4558E+02
   7.427  0.7266E+01  0.4565E+02
   7.437  0.7079E+01  0.4572E+02
   7.447  0.6863E+01  0.4579E+02
   7.457  0.6899E+01  0.4586E+02
   7.467  0.7338E+01  0.4593E+02
   7.477  0.7620E+01  0.4600E+02
   7.487  0.6650E+01  0.4608E+02
   7.497  0.6277E+01  0.4614E+02
   7.507  0.5924E+01  0.4620E+02
   7.517  0.5681E+01  0.4626E+02
   7.527  0.5455E+01  0.4631E+02
   7.537  0.5245E+01  0.4637E+02
   7.547  0.5051E+01  0.4642E+02
   7.557  0.4873E+01  0.4647E+02
   7.567  0.4714E+01  0.4652E+02
   7.577  0.4576E+01  0.4656E+02
   7.587  0.4459E+01  0.4661E+02
   7.597  0.4374E+01  0.4665E+02
   7.607  0.4308E+01  0.4670E+02
   7.617  0.4249E+01  0.4674E+02
   7.627  0.4196E+01  0.4678E+02
   7.637  0.4158E+01  0.4682E+02
   7.647  0.4132E+01  0.4686E+02
   7.657  0.4111E+01  0.4691E+02
   7.667  0.4467E+01  0.4696E+02
   7.677  0.3994E+01  0.4700E+02
   7.687  0.3975E+01  0.4704E+02
   7.697  0.3959E+01  0.4708E+02
   7.707  0.3946E+01  0.4712E+02
   7.717  0.3936E+01  0.4716E+02
   7.727  0.3929E+01  0.4720E+02
   7.737  0.3929E+01  0.4724E+02
   7.747  0.3966E+01  0.4728E+02
   7.757  0.4033E+01  0.4732E+02
   7.767  0.4110E+01  0.4736E+02
   7.777  0.4194E+01  0.4740E+02
   7.787  0.4290E+01  0.4744E+02
   7.797  0.4540E+01  0.4749E+02
   7.807  0.4659E+01  0.4753E+02
   7.817  0.4776E+01  0.4758E+02
   7.827  0.4902E+01  0.4763E+02
   7.837  0.5044E+01  0.4768E+02
   7.847  0.5225E+01  0.4773E+02
   7.857  0.5456E+01  0.4778E+02
   7.867  0.5738E+01  0.4784E+02
   7.877  0.6055E+01  0.4790E+02
   7.887  0.6401E+01  0.4796E+02
   7.897  0.6777E+01  0.4803E+02
   7.907  0.7180E+01  0.4810E+02
   7.917  0.7610E+01  0.4817E+02
   7.927  0.1003E+02  0.4826E+02
   7.937  0.1057E+02  0.4837E+02
   7.947  0.1127E+02  0.4847E+02
   7.957  0.1133E+02  0.4859E+02
   7.967  0.1065E+02  0.4870E+02
   7.977  0.1012E+02  0.4880E+02
   7.987  0.9778E+01  0.4890E+02
   7.997  0.9446E+01  0.4900E+02
   8.007  0.9122E+01  0.4909E+02
   8.017  0.8804E+01  0.4918E+02
   8.027  0.8491E+01  0.4927E+02
   8.037  0.8210E+01  0.4935E+02
   8.047  0.7900E+01  0.4943E+02
   8.057  0.7891E+01  0.4951E+02
   8.067  0.8086E+01  0.4959E+02
   8.077  0.8300E+01  0.4967E+02
   8.087  0.8525E+01  0.4976E+02
   8.097  0.8765E+01  0.4984E+02
   8.107  0.9020E+01  0.4993E+02
   8.117  0.9422E+01  0.5002E+02
   8.127  0.9808E+01  0.5012E+02
   8.137  0.1012E+02  0.5022E+02
   8.147  0.1023E+02  0.5032E+02
   8.157  0.1031E+02  0.5042E+02
   8.167  0.1037E+02  0.5053E+02
   8.177  0.1193E+02  0.5063E+02
   8.187  0.8370E+01  0.5073E+02
   8.197  0.7655E+01  0.5081E+02
   8.207  0.7173E+01  0.5088E+02
   8.217  0.7012E+01  0.5096E+02
   8.227  0.7470E+01  0.5103E+02
   8.237  0.6985E+01  0.5110E+02
   8.247  0.6568E+01  0.5117E+02
   8.257  0.6165E+01  0.5123E+02
   8.267  0.5807E+01  0.5129E+02
   8.277  0.5495E+01  0.5135E+02
   8.287  0.5229E+01  0.5140E+02
   8.297  0.5008E+01  0.5145E+02
   8.307  0.4833E+01  0.5150E+02
   8.317  0.4704E+01  0.5155E+02
   8.327  0.4860E+01  0.5160E+02
   8.337  0.6083E+01  0.5165E+02
   8.347  0.5658E+01  0.5171E+02
   8.357  0.6168E+01  0.5177E+02
   8.367  0.6563E+01  0.5183E+02
   8.377  0.6580E+01  0.5190E+02
   8.387  0.6586E+01  0.5197E+02
   8.397  0.6562E+01  0.5203E+02
   8.407  0.6586E+01  0.5210E+02
   8.417  0.6373E+01  0.5216E+02
   8.427  0.6410E+01  0.5223E+02
   8.437  0.6391E+01  0.5229E+02
   8.447  0.6336E+01  0.5235E+02
   8.457  0.6236E+01  0.5242E+02
   8.467  0.6109E+01  0.5248E+02
   8.477  0.6074E+01  0.5254E+02
   8.487  0.6118E+01  0.5260E+02
   8.497  0.6302E+01  0.5266E+02
   8.507  0.6629E+01  0.5273E+02
   8.517  0.1124E+02  0.5280E+02
   8.527  0.6707E+01  0.5287E+02
   8.537  0.7049E+01  0.5294E+02
   8.547  0.6916E+01  0.5301E+02
   8.557  0.6423E+01  0.5307E+02
   8.567  0.6226E+01  0.5314E+02
   8.577  0.6139E+01  0.5320E+02
   8.587  0.5780E+01  0.5326E+02
   8.597  0.5712E+01  0.5332E+02
   8.607  0.5873E+01  0.5337E+02
   8.617  0.6080E+01  0.5343E+02
   8.627  0.6348E+01  0.5349E+02
   8.637  0.6675E+01  0.5356E+02
   8.647  0.6896E+01  0.5363E+02
   8.657  0.7040E+01  0.5370E+02
   8.667  0.7157E+01  0.5377E+02
   8.677  0.7157E+01  0.5384E+02
   8.687  0.7142E+01  0.5391E+02
   8.697  0.7116E+01  0.5398E+02
   8.707  0.7077E+01  0.5405E+02
   8.717  0.7016E+01  0.5412E+02
   8.727  0.6919E+01  0.5419E+02
   8.737  0.6819E+01  0.5426E+02
   8.747  0.6720E+01  0.5433E+02
   8.757  0.6620E+01  0.5440E+02
   8.767  0.6521E+01  0.5446E+02
   8.777  0.6422E+01  0.5453E+02
   8.787  0.6323E+01  0.5459E+02
   8.797  0.6224E+01  0.5465E+02
   8.807  0.6087E+01  0.5472E+02
   8.817  0.5950E+01  0.5478E+02
   8.827  0.5839E+01  0.5483E+02
   8.837  0.5708E+01  0.5489E+02
   8.847  0.5559E+01  0.5495E+02
   8.857  0.5397E+01  0.5500E+02
   8.867  0.5217E+01  0.5506E+02
   8.877  0.4923E+01  0.5511E+02
   8.887  0.4635E+01  0.5516E+02
   8.897  0.4361E+01  0.5520E+02
   8.907  0.4125E+01  0.5524E+02
   8.917  0.3917E+01  0.5528E+02
   8.927  0.3730E+01  0.5532E+02
   8.937  0.3564E+01  0.5536E+02
   8.947  0.3453E+01  0.5539E+02
   8.957  0.3447E+01  0.5543E+02
   8.967  0.3442E+01  0.5546E+02
   8.977  0.3429E+01  0.5550E+02
   8.987  0.3410E+01  0.5553E+02
   8.997  0.3383E+01  0.5556E+02
   9.007  0.3350E+01  0.5560E+02
   9.017  0.3312E+01  0.5563E+02
   9.027  0.3271E+01  0.5566E+02
   9.037  0.3234E+01  0.5570E+02
   9.047  0.3223E+01  0.5573E+02
   9.057  0.3246E+01  0.5576E+02
   9.067  0.3297E+01  0.5579E+02
   9.077  0.3379E+01  0.5583E+02
   9.087  0.3491E+01  0.5586E+02
   9.097  0.3613E+01  0.5590E+02
   9.107  0.3754E+01  0.5593E+02
   9.117  0.4151E+01  0.5597E+02
   9.127  0.4513E+01  0.5602E+02
   9.137  0.4582E+01  0.5606E+02
   9.147  0.4655E+01  0.5611E+02
   9.157  0.4951E+01  0.5616E+02
   9.167  0.5188E+01  0.5621E+02
   9.177  0.5474E+01  0.5626E+02
   9.187  0.5764E+01  0.5632E+02
   9.197  0.5963E+01  0.5638E+02
   9.207  0.6073E+01  0.5644E+02
   9.217  0.6097E+01  0.5650E+02
   9.227  0.6072E+01  0.5656E+02
   9.237  0.6016E+01  0.5662E+02
   9.247  0.5933E+01  0.5668E+02
   9.257  0.5836E+01  0.5674E+02
   9.267  0.5732E+01  0.5679E+02
   9.277  0.5619E+01  0.5685E+02
   9.287  0.5498E+01  0.5691E+02
   9.297  0.5370E+01  0.5696E+02
   9.307  0.5241E+01  0.5701E+02
   9.317  0.5107E+01  0.5707E+02
   9.327  0.4962E+01  0.5712E+02
   9.337  0.4807E+01  0.5716E+02
   9.347  0.4642E+01  0.5721E+02
   9.357  0.4471E+01  0.5726E+02
   9.367  0.4331E+01  0.5730E+02
   9.377  0.4186E+01  0.5734E+02
   9.387  0.4016E+01  0.5739E+02
   9.397  0.3846E+01  0.5742E+02
   9.407  0.3683E+01  0.5746E+02
   9.417  0.3544E+01  0.5750E+02
   9.427  0.3416E+01  0.5753E+02
   9.437  0.3250E+01  0.5757E+02
   9.447  0.3079E+01  0.5760E+02
   9.457  0.2909E+01  0.5763E+02
   9.467  0.2746E+01  0.5766E+02
   9.477  0.2590E+01  0.5768E+02
   9.487  0.2428E+01  0.5771E+02
   9.497  0.2298E+01  0.5773E+02
   9.507  0.2182E+01  0.5775E+02
   9.517  0.2073E+01  0.5778E+02
   9.527  0.2049E+01  0.5780E+02
   9.537  0.2124E+01  0.5782E+02
   9.547  0.2531E+01  0.5784E+02
   9.557  0.2667E+01  0.5787E+02
   9.567  0.2779E+01  0.5789E+02
   9.577  0.2864E+01  0.5792E+02
   9.587  0.2969E+01  0.5795E+02
   9.597  0.3098E+01  0.5798E+02
   9.607  0.3237E+01  0.5801E+02
   9.617  0.3384E+01  0.5805E+02
   9.627  0.3533E+01  0.5808E+02
   9.637  0.3666E+01  0.5812E+02
   9.647  0.3784E+01  0.5815E+02
   9.657  0.3885E+01  0.5819E+02
   9.667  0.3971E+01  0.5823E+02
   9.677  0.4041E+01  0.5827E+02
   9.687  0.4095E+01  0.5831E+02
   9.697  0.4134E+01  0.5835E+02
   9.707  0.4156E+01  0.5840E+02
   9.717  0.4163E+01  0.5844E+02
   9.727  0.4154E+01  0.5848E+02
   9.737  0.4129E+01  0.5852E+02
   9.747  0.4088E+01  0.5856E+02
   9.757  0.4039E+01  0.5860E+02
   9.767  0.3990E+01  0.5864E+02
   9.777  0.3924E+01  0.5868E+02
   9.787  0.3839E+01  0.5872E+02
   9.797  0.3743E+01  0.5876E+02
   9.807  0.3641E+01  0.5879E+02
   9.817  0.3532E+01  0.5883E+02
   9.827  0.3417E+01  0.5887E+02
   9.837  0.3296E+01  0.5890E+02
   9.847  0.3168E+01  0.5893E+02
   9.857  0.3053E+01  0.5896E+02
   9.867  0.2977E+01  0.5899E+02
   9.877  0.2947E+01  0.5902E+02
   9.887  0.2922E+01  0.5905E+02
   9.897  0.2899E+01  0.5908E+02
   9.907  0.2879E+01  0.5911E+02
   9.917  0.2866E+01  0.5914E+02
   9.927  0.2859E+01  0.5917E+02
   9.937  0.2877E+01  0.5920E+02
   9.947  0.2883E+01  0.5922E+02
   9.957  0.2887E+01  0.5925E+02
   9.967  0.2890E+01  0.5928E+02
   9.977  0.3030E+01  0.5931E+02
   9.987  0.3147E+01  0.5934E+02
   9.997  0.3206E+01  0.5937E+02
  10.007  0.3206E+01  0.5941E+02
  10.017  0.3175E+01  0.5944E+02
  10.027  0.3160E+01  0.5947E+02
  10.037  0.3159E+01  0.5950E+02
  10.047  0.3172E+01  0.5953E+02
  10.057  0.3182E+01  0.5956E+02
  10.067  0.3232E+01  0.5960E+02
  10.077  0.3322E+01  0.5963E+02
  10.087  0.3452E+01  0.5966E+02
  10.097  0.3624E+01  0.5970E+02
  10.107  0.4188E+01  0.5974E+02
  10.117  0.4447E+01  0.5978E+02
  10.127  0.4194E+01  0.5982E+02
  10.137  0.4455E+01  0.5987E+02
  10.147  0.5051E+01  0.5992E+02
  10.157  0.4203E+01  0.5996E+02
  10.167  0.4031E+01  0.6000E+02
  10.177  0.3812E+01  0.6004E+02
  10.187  0.3544E+01  0.6008E+02
  10.197  0.3229E+01  0.6011E+02
  10.207  0.2866E+01  0.6014E+02
  10.217  0.2195E+01  0.6017E+02
  10.227  0.1824E+01  0.6019E+02
  10.237  0.1822E+01  0.6021E+02
  10.247  0.1906E+01  0.6022E+02
  10.257  0.1994E+01  0.6024E+02
  10.267  0.2085E+01  0.6026E+02
  10.277  0.2180E+01  0.6029E+02
  10.287  0.2303E+01  0.6031E+02
  10.297  0.2515E+01  0.6033E+02
  10.307  0.2779E+01  0.6036E+02
  10.317  0.3094E+01  0.6039E+02
  10.327  0.3462E+01  0.6042E+02
  10.337  0.3904E+01  0.6046E+02
  10.347  0.4407E+01  0.6050E+02
  10.357  0.4870E+01  0.6055E+02
  10.367  0.5375E+01  0.6060E+02
  10.377  0.5809E+01  0.6065E+02
  10.387  0.6101E+01  0.6071E+02
  10.397  0.6250E+01  0.6077E+02
  10.407  0.6268E+01  0.6084E+02
  10.417  0.6242E+01  0.6090E+02
  10.427  0.6195E+01  0.6096E+02
  10.437  0.6168E+01  0.6102E+02
  10.447  0.6093E+01  0.6108E+02
  10.457  0.6261E+01  0.6115E+02
  10.467  0.5950E+01  0.6121E+02
  10.477  0.5285E+01  0.6126E+02
  10.487  0.4693E+01  0.6131E+02
  10.497  0.4237E+01  0.6136E+02
  10.507  0.3822E+01  0.6140E+02
  10.517  0.3485E+01  0.6143E+02
  10.527  0.3321E+01  0.6147E+02
  10.537  0.3204E+01  0.6150E+02
  10.547  0.3129E+01  0.6153E+02
  10.557  0.3070E+01  0.6156E+02
  10.567  0.3018E+01  0.6159E+02
  10.577  0.2968E+01  0.6162E+02
  10.587  0.2923E+01  0.6165E+02
  10.597  0.2885E+01  0.6168E+02
  10.607  0.2854E+01  0.6171E+02
  10.617  0.2830E+01  0.6174E+02
  10.627  0.2813E+01  0.6177E+02
  10.637  0.2802E+01  0.6180E+02
  10.647  0.2799E+01  0.6182E+02
  10.657  0.2803E+01  0.6185E+02
  10.667  0.2814E+01  0.6188E+02
  10.677  0.2822E+01  0.6191E+02
  10.687  0.2825E+01  0.6194E+02
  10.697  0.2832E+01  0.6196E+02
  10.707  0.2839E+01  0.6199E+02
  10.717  0.2845E+01  0.6202E+02
  10.727  0.2851E+01  0.6205E+02
  10.737  0.2858E+01  0.6208E+02
  10.747  0.2866E+01  0.6211E+02
  10.757  0.2879E+01  0.6214E+02
  10.767  0.2897E+01  0.6216E+02
  10.777  0.2920E+01  0.6219E+02
  10.787  0.2948E+01  0.6222E+02
  10.797  0.2982E+01  0.6225E+02
  10.807  0.3027E+01  0.6228E+02
  10.817  0.3082E+01  0.6231E+02
  10.827  0.3177E+01  0.6234E+02
  10.837  0.3288E+01  0.6238E+02
  10.847  0.3478E+01  0.6241E+02
  10.857  0.3802E+01  0.6245E+02
  10.867  0.4001E+01  0.6249E+02
  10.877  0.4581E+01  0.6253E+02
  10.887  0.4815E+01  0.6258E+02
  10.897  0.4885E+01  0.6262E+02
  10.907  0.4955E+01  0.6267E+02
  10.917  0.5024E+01  0.6272E+02
  10.927  0.5094E+01  0.6277E+02
  10.937  0.5164E+01  0.6282E+02
  10.947  0.5235E+01  0.6288E+02
  10.957  0.5310E+01  0.6293E+02
  10.967  0.5388E+01  0.6298E+02
  10.977  0.5466E+01  0.6304E+02
  10.987  0.5594E+01  0.6309E+02
  10.997  0.5899E+01  0.6315E+02
  11.007  0.6118E+01  0.6321E+02
  11.017  0.6338E+01  0.6327E+02
  11.027  0.6647E+01  0.6334E+02
  11.037  0.7076E+01  0.6341E+02
  11.047  0.7633E+01  0.6348E+02
  11.057  0.8276E+01  0.6356E+02
  11.067  0.9505E+01  0.6365E+02
  11.077  0.9680E+01  0.6374E+02
  11.087  0.9400E+01  0.6384E+02
  11.097  0.9083E+01  0.6393E+02
  11.107  0.9030E+01  0.6402E+02
  11.117  0.8587E+01  0.6411E+02
  11.127  0.8424E+01  0.6420E+02
  11.137  0.8406E+01  0.6428E+02
  11.147  0.8462E+01  0.6436E+02
  11.157  0.8440E+01  0.6445E+02
  11.167  0.8282E+01  0.6453E+02
  11.177  0.7990E+01  0.6461E+02
  11.187  0.7582E+01  0.6469E+02
  11.197  0.7302E+01  0.6477E+02
  11.207  0.7232E+01  0.6484E+02
  11.217  0.7393E+01  0.6491E+02
  11.227  0.7626E+01  0.6499E+02
  11.237  0.7897E+01  0.6506E+02
  11.247  0.8194E+01  0.6514E+02
  11.257  0.8514E+01  0.6523E+02
  11.267  0.8859E+01  0.6532E+02
  11.277  0.9253E+01  0.6541E+02
  11.287  0.9569E+01  0.6550E+02
  11.297  0.9665E+01  0.6560E+02
  11.307  0.9617E+01  0.6569E+02
  11.317  0.9587E+01  0.6579E+02
  11.327  0.9642E+01  0.6588E+02
  11.337  0.9691E+01  0.6598E+02
  11.347  0.9721E+01  0.6608E+02
  11.357  0.9731E+01  0.6618E+02
  11.367  0.9732E+01  0.6627E+02
  11.377  0.9596E+01  0.6637E+02
  11.387  0.9438E+01  0.6647E+02
  11.397  0.9319E+01  0.6656E+02
  11.407  0.9370E+01  0.6665E+02
  11.417  0.9555E+01  0.6675E+02
  11.427  0.9788E+01  0.6684E+02
  11.437  0.9864E+01  0.6694E+02
  11.447  0.9915E+01  0.6704E+02
  11.457  0.1011E+02  0.6714E+02
  11.467  0.1026E+02  0.6724E+02
  11.477  0.1013E+02  0.6734E+02
  11.487  0.9791E+01  0.6744E+02
  11.497  0.9514E+01  0.6754E+02
  11.507  0.9239E+01  0.6763E+02
  11.517  0.8958E+01  0.6773E+02
  11.527  0.8694E+01  0.6781E+02
  11.537  0.8444E+01  0.6790E+02
  11.547  0.8179E+01  0.6798E+02
  11.557  0.8054E+01  0.6806E+02
  11.567  0.7988E+01  0.6814E+02
  11.577  0.7841E+01  0.6822E+02
  11.587  0.7738E+01  0.6830E+02
  11.597  0.7653E+01  0.6838E+02
  11.607  0.7576E+01  0.6845E+02
  11.617  0.7511E+01  0.6853E+02
  11.627  0.7467E+01  0.6860E+02
  11.637  0.7421E+01  0.6868E+02
  11.647  0.7370E+01  0.6875E+02
  11.657  0.7314E+01  0.6883E+02
  11.667  0.7257E+01  0.6890E+02
  11.677  0.7197E+01  0.6897E+02
  11.687  0.7129E+01  0.6904E+02
  11.697  0.7054E+01  0.6911E+02
  11.707  0.6974E+01  0.6918E+02
  11.717  0.6888E+01  0.6925E+02
  11.727  0.6795E+01  0.6932E+02
  11.737  0.6384E+01  0.6939E+02
  11.747  0.5877E+01  0.6945E+02
  11.757  0.5643E+01  0.6951E+02
  11.767  0.5728E+01  0.6956E+02
  11.777  0.5914E+01  0.6962E+02
  11.787  0.5636E+01  0.6968E+02
  11.797  0.6018E+01  0.6974E+02
  11.807  0.6182E+01  0.6980E+02
  11.817  0.6309E+01  0.6986E+02
  11.827  0.6446E+01  0.6993E+02
  11.837  0.6594E+01  0.6999E+02
  11.847  0.6833E+01  0.7006E+02
  11.857  0.7112E+01  0.7013E+02
  11.867  0.7428E+01  0.7020E+02
  11.877  0.7871E+01  0.7028E+02
  11.887  0.8413E+01  0.7036E+02
  11.897  0.8994E+01  0.7045E+02
  11.907  0.9618E+01  0.7054E+02
  11.917  0.1016E+02  0.7064E+02
  11.927  0.1046E+02  0.7074E+02
  11.937  0.1030E+02  0.7084E+02
  11.947  0.9653E+01  0.7094E+02
  11.957  0.9123E+01  0.7104E+02
  11.967  0.9018E+01  0.7113E+02
  11.977  0.8877E+01  0.7122E+02
  11.987  0.8750E+01  0.7131E+02
  11.997  0.8694E+01  0.7139E+02
  12.007  0.8640E+01  0.7148E+02
  12.017  0.8589E+01  0.7157E+02
  12.027  0.8541E+01  0.7165E+02
  12.037  0.8510E+01  0.7174E+02
  12.047  0.8500E+01  0.7182E+02
  12.057  0.8411E+01  0.7191E+02
  12.067  0.8243E+01  0.7199E+02
  12.077  0.8010E+01  0.7207E+02
  12.087  0.7812E+01  0.7215E+02
  12.097  0.7602E+01  0.7223E+02
  12.107  0.7332E+01  0.7230E+02
  12.117  0.7185E+01  0.7237E+02
  12.127  0.7173E+01  0.7245E+02
  12.137  0.7287E+01  0.7252E+02
  12.147  0.7440E+01  0.7259E+02
  12.157  0.7594E+01  0.7267E+02
  12.167  0.7751E+01  0.7274E+02
  12.177  0.7898E+01  0.7282E+02
  12.187  0.8032E+01  0.7290E+02
  12.197  0.8159E+01  0.7298E+02
  12.207  0.8564E+01  0.7307E+02
  12.217  0.8909E+01  0.7315E+02
  12.227  0.9245E+01  0.7324E+02
  12.237  0.9428E+01  0.7334E+02
  12.247  0.9532E+01  0.7343E+02
  12.257  0.9722E+01  0.7353E+02
  12.267  0.9715E+01  0.7363E+02
  12.277  0.9674E+01  0.7372E+02
  12.287  0.9547E+01  0.7382E+02
  12.297  0.9366E+01  0.7391E+02
  12.307  0.1127E+02  0.7401E+02
  12.317  0.8709E+01  0.7411E+02
  12.327  0.8505E+01  0.7420E+02
  12.337  0.8144E+01  0.7428E+02
  12.347  0.8056E+01  0.7436E+02
  12.357  0.8181E+01  0.7444E+02
  12.367  0.8625E+01  0.7453E+02
  12.377  0.8670E+01  0.7461E+02
  12.387  0.8722E+01  0.7470E+02
  12.397  0.8854E+01  0.7479E+02
  12.407  0.8816E+01  0.7487E+02
  12.417  0.8748E+01  0.7496E+02
  12.427  0.8692E+01  0.7505E+02
  12.437  0.8647E+01  0.7514E+02
  12.447  0.8614E+01  0.7522E+02
  12.457  0.8556E+01  0.7531E+02
  12.467  0.8277E+01  0.7539E+02
  12.477  0.8140E+01  0.7548E+02
  12.487  0.8194E+01  0.7556E+02
  12.497  0.8265E+01  0.7564E+02
  12.507  0.8494E+01  0.7572E+02
  12.517  0.8877E+01  0.7581E+02
  12.527  0.9268E+01  0.7590E+02
  12.537  0.9316E+01  0.7599E+02
  12.547  0.9181E+01  0.7609E+02
  12.557  0.8934E+01  0.7618E+02
  12.567  0.8563E+01  0.7626E+02
  12.577  0.7971E+01  0.7635E+02
  12.587  0.7213E+01  0.7642E+02
  12.597  0.6680E+01  0.7649E+02
  12.607  0.6389E+01  0.7656E+02
  12.617  0.6281E+01  0.7662E+02
  12.627  0.6202E+01  0.7668E+02
  12.637  0.6113E+01  0.7674E+02
  12.647  0.6002E+01  0.7681E+02
  12.657  0.5871E+01  0.7686E+02
  12.667  0.5742E+01  0.7692E+02
  12.677  0.5631E+01  0.7698E+02
  12.687  0.5531E+01  0.7704E+02
  12.697  0.5430E+01  0.7709E+02
  12.707  0.5330E+01  0.7714E+02
  12.717  0.5230E+01  0.7720E+02
  12.727  0.5129E+01  0.7725E+02
  12.737  0.5029E+01  0.7730E+02
  12.747  0.4935E+01  0.7735E+02
  12.757  0.4859E+01  0.7740E+02
  12.767  0.4802E+01  0.7745E+02
  12.777  0.4751E+01  0.7749E+02
  12.787  0.4701E+01  0.7754E+02
  12.797  0.4651E+01  0.7759E+02
  12.807  0.4607E+01  0.7763E+02
  12.817  0.4360E+01  0.7768E+02
  12.827  0.4220E+01  0.7772E+02
  12.837  0.4209E+01  0.7776E+02
  12.847  0.4244E+01  0.7781E+02
  12.857  0.4326E+01  0.7785E+02
  12.867  0.4457E+01  0.7789E+02
  12.877  0.4663E+01  0.7794E+02
  12.887  0.4926E+01  0.7799E+02
  12.897  0.5169E+01  0.7804E+02
  12.907  0.5384E+01  0.7809E+02
  12.917  0.5572E+01  0.7814E+02
  12.927  0.5730E+01  0.7820E+02
  12.937  0.5858E+01  0.7826E+02
  12.947  0.5957E+01  0.7832E+02
  12.957  0.6313E+01  0.7838E+02
  12.967  0.6122E+01  0.7844E+02
  12.977  0.5426E+01  0.7850E+02
  12.987  0.4879E+01  0.7855E+02
  12.997  0.4669E+01  0.7860E+02
  13.007  0.4566E+01  0.7865E+02
  13.017  0.4447E+01  0.7869E+02
  13.027  0.4314E+01  0.7873E+02
  13.037  0.4158E+01  0.7878E+02
  13.047  0.4018E+01  0.7882E+02
  13.057  0.3893E+01  0.7886E+02
  13.067  0.3855E+01  0.7890E+02
  13.077  0.3828E+01  0.7893E+02
  13.087  0.3812E+01  0.7897E+02
  13.097  0.3806E+01  0.7901E+02
  13.107  0.3812E+01  0.7905E+02
  13.117  0.3915E+01  0.7909E+02
  13.127  0.4035E+01  0.7913E+02
  13.137  0.4157E+01  0.7917E+02
  13.147  0.4282E+01  0.7921E+02
  13.157  0.4432E+01  0.7925E+02
  13.167  0.4607E+01  0.7930E+02
  13.177  0.4593E+01  0.7935E+02
  13.187  0.4577E+01  0.7939E+02
  13.197  0.4587E+01  0.7944E+02
  13.207  0.4620E+01  0.7948E+02
  13.217  0.4660E+01  0.7953E+02
  13.227  0.4696E+01  0.7958E+02
  13.237  0.4722E+01  0.7962E+02
  13.247  0.4705E+01  0.7967E+02
  13.257  0.5657E+01  0.7973E+02
  13.267  0.1765E+01  0.7976E+02
  13.277  0.1688E+01  0.7977E+02
  13.287  0.1611E+01  0.7979E+02
  13.297  0.1534E+01  0.7981E+02
  13.307  0.1458E+01  0.7982E+02
  13.317  0.1383E+01  0.7984E+02
  13.327  0.1309E+01  0.7985E+02
  13.337  0.1237E+01  0.7986E+02
  13.347  0.1166E+01  0.7987E+02
  13.357  0.1098E+01  0.7989E+02
  13.367  0.1031E+01  0.7990E+02
  13.377  0.9665E+00  0.7991E+02
  13.387  0.9035E+00  0.7992E+02
  13.397  0.8424E+00  0.7992E+02
  13.407  0.7831E+00  0.7993E+02
  13.417  0.7257E+00  0.7994E+02
  13.427  0.6700E+00  0.7995E+02
  13.437  0.6163E+00  0.7995E+02
  13.447  0.5643E+00  0.7996E+02
  13.457  0.5142E+00  0.7996E+02
  13.467  0.4659E+00  0.7997E+02
  13.477  0.4194E+00  0.7997E+02
  13.487  0.3748E+00  0.7998E+02
  13.497  0.3320E+00  0.7998E+02
  13.507  0.2919E+00  0.7998E+02
  13.517  0.2546E+00  0.7999E+02
  13.527  0.2204E+00  0.7999E+02
  13.537  0.1890E+00  0.7999E+02
  13.547  0.1606E+00  0.7999E+02
  13.557  0.1351E+00  0.7999E+02
  13.567  0.1127E+00  0.8000E+02
  13.577  0.9302E-01  0.8000E+02
  13.587  0.7512E-01  0.8000E+02
  13.597  0.5900E-01  0.8000E+02
  13.607  0.4465E-01  0.8000E+02
  13.617  0.3207E-01  0.8000E+02
  13.627  0.2126E-01  0.8000E+02
  13.637  0.1222E-01  0.8000E+02
  13.647  0.4959E-02  0.8000E+02
