#  E (eV)   dos(E)     Int dos(E) EFermi =    2.033 eV
 -11.423  0.0000E+00  0.0000E+00
 -11.413  0.7603E+00  0.4736E-02
 -11.403  0.1123E+01  0.1436E-01
 -11.393  0.1414E+01  0.2719E-01
 -11.383  0.1678E+01  0.4272E-01
 -11.373  0.1916E+01  0.6067E-01
 -11.363  0.2137E+01  0.8097E-01
 -11.353  0.2370E+01  0.1035E+00
 -11.343  0.2581E+01  0.1282E+00
 -11.333  0.2807E+01  0.1552E+00
 -11.323  0.3030E+01  0.1844E+00
 -11.313  0.3265E+01  0.2158E+00
 -11.303  0.3507E+01  0.2497E+00
 -11.293  0.3765E+01  0.2860E+00
 -11.283  0.4045E+01  0.3251E+00
 -11.273  0.4348E+01  0.3670E+00
 -11.263  0.4697E+01  0.4122E+00
 -11.253  0.5114E+01  0.4611E+00
 -11.243  0.5614E+01  0.5147E+00
 -11.233  0.6559E+01  0.5750E+00
 -11.223  0.7182E+01  0.6467E+00
 -11.213  0.7063E+01  0.7180E+00
 -11.203  0.6925E+01  0.7880E+00
 -11.193  0.6793E+01  0.8567E+00
 -11.183  0.6677E+01  0.9240E+00
 -11.173  0.6532E+01  0.9900E+00
 -11.163  0.6396E+01  0.1055E+01
 -11.153  0.6263E+01  0.1118E+01
 -11.143  0.6120E+01  0.1180E+01
 -11.133  0.5984E+01  0.1240E+01
 -11.123  0.5837E+01  0.1300E+01
 -11.113  0.5691E+01  0.1357E+01
 -11.103  0.5540E+01  0.1413E+01
 -11.093  0.5380E+01  0.1468E+01
 -11.083  0.5218E+01  0.1521E+01
 -11.073  0.5044E+01  0.1572E+01
 -11.063  0.4864E+01  0.1622E+01
 -11.053  0.4683E+01  0.1670E+01
 -11.043  0.4470E+01  0.1715E+01
 -11.033  0.4288E+01  0.1759E+01
 -11.023  0.4021E+01  0.1801E+01
 -11.013  0.3516E+01  0.1839E+01
 -11.003  0.2885E+01  0.1871E+01
 -10.993  0.2469E+01  0.1898E+01
 -10.983  0.2134E+01  0.1921E+01
 -10.973  0.1841E+01  0.1940E+01
 -10.963  0.1569E+01  0.1957E+01
 -10.953  0.1303E+01  0.1972E+01
 -10.943  0.1043E+01  0.1983E+01
 -10.933  0.7773E+00  0.1993E+01
 -10.923  0.4068E+00  0.1999E+01
 -10.913  0.4778E+02  0.2524E+01
 -10.903  0.3012E+02  0.2907E+01
 -10.893  0.2453E+02  0.3184E+01
 -10.883  0.2225E+02  0.3417E+01
 -10.873  0.2042E+02  0.3629E+01
 -10.863  0.1938E+02  0.3827E+01
 -10.853  0.1825E+02  0.4016E+01
 -10.843  0.1803E+02  0.4198E+01
 -10.833  0.1759E+02  0.4377E+01
 -10.823  0.1755E+02  0.4553E+01
 -10.813  0.1742E+02  0.4728E+01
 -10.803  0.1762E+02  0.4903E+01
 -10.793  0.1764E+02  0.5078E+01
 -10.783  0.1767E+02  0.5256E+01
 -10.773  0.1822E+02  0.5437E+01
 -10.763  0.1859E+02  0.5621E+01
 -10.753  0.1920E+02  0.5812E+01
 -10.743  0.5380E+01  0.5998E+01
 -10.733  0.0000E+00  0.6000E+01
 -10.723  0.0000E+00  0.6000E+01
 -10.713  0.0000E+00  0.6000E+01
 -10.703  0.0000E+00  0.6000E+01
 -10.693  0.0000E+00  0.6000E+01
 -10.683  0.0000E+00  0.6000E+01
 -10.673  0.0000E+00  0.6000E+01
 -10.663  0.0000E+00  0.6000E+01
 -10.653  0.0000E+00  0.6000E+01
 -10.643  0.0000E+00  0.6000E+01
 -10.633  0.0000E+00  0.6000E+01
 -10.623  0.0000E+00  0.6000E+01
 -10.613  0.0000E+00  0.6000E+01
 -10.603  0.0000E+00  0.6000E+01
 -10.593  0.0000E+00  0.6000E+01
 -10.583  0.0000E+00  0.6000E+01
 -10.573  0.0000E+00  0.6000E+01
 -10.563  0.0000E+00  0.6000E+01
 -10.553  0.0000E+00  0.6000E+01
 -10.543  0.0000E+00  0.6000E+01
 -10.533  0.0000E+00  0.6000E+01
 -10.523  0.0000E+00  0.6000E+01
 -10.513  0.0000E+00  0.6000E+01
 -10.503  0.0000E+00  0.6000E+01
 -10.493  0.0000E+00  0.6000E+01
 -10.483  0.0000E+00  0.6000E+01
 -10.473  0.0000E+00  0.6000E+01
 -10.463  0.0000E+00  0.6000E+01
 -10.453  0.0000E+00  0.6000E+01
 -10.443  0.0000E+00  0.6000E+01
 -10.433  0.0000E+00  0.6000E+01
 -10.423  0.0000E+00  0.6000E+01
 -10.413  0.0000E+00  0.6000E+01
 -10.403  0.0000E+00  0.6000E+01
 -10.393  0.0000E+00  0.6000E+01
 -10.383  0.0000E+00  0.6000E+01
 -10.373  0.0000E+00  0.6000E+01
 -10.363  0.0000E+00  0.6000E+01
 -10.353  0.0000E+00  0.6000E+01
 -10.343  0.0000E+00  0.6000E+01
 -10.333  0.0000E+00  0.6000E+01
 -10.323  0.0000E+00  0.6000E+01
 -10.313  0.0000E+00  0.6000E+01
 -10.303  0.0000E+00  0.6000E+01
 -10.293  0.0000E+00  0.6000E+01
 -10.283  0.0000E+00  0.6000E+01
 -10.273  0.0000E+00  0.6000E+01
 -10.263  0.0000E+00  0.6000E+01
 -10.253  0.0000E+00  0.6000E+01
 -10.243  0.0000E+00  0.6000E+01
 -10.233  0.0000E+00  0.6000E+01
 -10.223  0.0000E+00  0.6000E+01
 -10.213  0.0000E+00  0.6000E+01
 -10.203  0.0000E+00  0.6000E+01
 -10.193  0.0000E+00  0.6000E+01
 -10.183  0.0000E+00  0.6000E+01
 -10.173  0.0000E+00  0.6000E+01
 -10.163  0.0000E+00  0.6000E+01
 -10.153  0.0000E+00  0.6000E+01
 -10.143  0.0000E+00  0.6000E+01
 -10.133  0.0000E+00  0.6000E+01
 -10.123  0.0000E+00  0.6000E+01
 -10.113  0.0000E+00  0.6000E+01
 -10.103  0.0000E+00  0.6000E+01
 -10.093  0.0000E+00  0.6000E+01
 -10.083  0.0000E+00  0.6000E+01
 -10.073  0.0000E+00  0.6000E+01
 -10.063  0.0000E+00  0.6000E+01
 -10.053  0.0000E+00  0.6000E+01
 -10.043  0.0000E+00  0.6000E+01
 -10.033  0.0000E+00  0.6000E+01
 -10.023  0.0000E+00  0.6000E+01
 -10.013  0.0000E+00  0.6000E+01
 -10.003  0.0000E+00  0.6000E+01
  -9.993  0.0000E+00  0.6000E+01
  -9.983  0.0000E+00  0.6000E+01
  -9.973  0.0000E+00  0.6000E+01
  -9.963  0.0000E+00  0.6000E+01
  -9.953  0.0000E+00  0.6000E+01
  -9.943  0.0000E+00  0.6000E+01
  -9.933  0.0000E+00  0.6000E+01
  -9.923  0.0000E+00  0.6000E+01
  -9.913  0.0000E+00  0.6000E+01
  -9.903  0.0000E+00  0.6000E+01
  -9.893  0.0000E+00  0.6000E+01
  -9.883  0.0000E+00  0.6000E+01
  -9.873  0.0000E+00  0.6000E+01
  -9.863  0.0000E+00  0.6000E+01
  -9.853  0.0000E+00  0.6000E+01
  -9.843  0.0000E+00  0.6000E+01
  -9.833  0.0000E+00  0.6000E+01
  -9.823  0.0000E+00  0.6000E+01
  -9.813  0.0000E+00  0.6000E+01
  -9.803  0.0000E+00  0.6000E+01
  -9.793  0.0000E+00  0.6000E+01
  -9.783  0.0000E+00  0.6000E+01
  -9.773  0.0000E+00  0.6000E+01
  -9.763  0.0000E+00  0.6000E+01
  -9.753  0.0000E+00  0.6000E+01
  -9.743  0.0000E+00  0.6000E+01
  -9.733  0.0000E+00  0.6000E+01
  -9.723  0.0000E+00  0.6000E+01
  -9.713  0.0000E+00  0.6000E+01
  -9.703  0.0000E+00  0.6000E+01
  -9.693  0.0000E+00  0.6000E+01
  -9.683  0.0000E+00  0.6000E+01
  -9.673  0.0000E+00  0.6000E+01
  -9.663  0.0000E+00  0.6000E+01
  -9.653  0.0000E+00  0.6000E+01
  -9.643  0.0000E+00  0.6000E+01
  -9.633  0.0000E+00  0.6000E+01
  -9.623  0.0000E+00  0.6000E+01
  -9.613  0.0000E+00  0.6000E+01
  -9.603  0.0000E+00  0.6000E+01
  -9.593  0.0000E+00  0.6000E+01
  -9.583  0.0000E+00  0.6000E+01
  -9.573  0.0000E+00  0.6000E+01
  -9.563  0.0000E+00  0.6000E+01
  -9.553  0.0000E+00  0.6000E+01
  -9.543  0.0000E+00  0.6000E+01
  -9.533  0.0000E+00  0.6000E+01
  -9.523  0.0000E+00  0.6000E+01
  -9.513  0.0000E+00  0.6000E+01
  -9.503  0.0000E+00  0.6000E+01
  -9.493  0.0000E+00  0.6000E+01
  -9.483  0.0000E+00  0.6000E+01
  -9.473  0.0000E+00  0.6000E+01
  -9.463  0.0000E+00  0.6000E+01
  -9.453  0.0000E+00  0.6000E+01
  -9.443  0.0000E+00  0.6000E+01
  -9.433  0.0000E+00  0.6000E+01
  -9.423  0.0000E+00  0.6000E+01
  -9.413  0.0000E+00  0.6000E+01
  -9.403  0.0000E+00  0.6000E+01
  -9.393  0.0000E+00  0.6000E+01
  -9.383  0.0000E+00  0.6000E+01
  -9.373  0.0000E+00  0.6000E+01
  -9.363  0.0000E+00  0.6000E+01
  -9.353  0.0000E+00  0.6000E+01
  -9.343  0.0000E+00  0.6000E+01
  -9.333  0.0000E+00  0.6000E+01
  -9.323  0.0000E+00  0.6000E+01
  -9.313  0.0000E+00  0.6000E+01
  -9.303  0.0000E+00  0.6000E+01
  -9.293  0.0000E+00  0.6000E+01
  -9.283  0.0000E+00  0.6000E+01
  -9.273  0.0000E+00  0.6000E+01
  -9.263  0.0000E+00  0.6000E+01
  -9.253  0.0000E+00  0.6000E+01
  -9.243  0.0000E+00  0.6000E+01
  -9.233  0.0000E+00  0.6000E+01
  -9.223  0.0000E+00  0.6000E+01
  -9.213  0.0000E+00  0.6000E+01
  -9.203  0.0000E+00  0.6000E+01
  -9.193  0.0000E+00  0.6000E+01
  -9.183  0.0000E+00  0.6000E+01
  -9.173  0.0000E+00  0.6000E+01
  -9.163  0.0000E+00  0.6000E+01
  -9.153  0.0000E+00  0.6000E+01
  -9.143  0.0000E+00  0.6000E+01
  -9.133  0.0000E+00  0.6000E+01
  -9.123  0.0000E+00  0.6000E+01
  -9.113  0.0000E+00  0.6000E+01
  -9.103  0.0000E+00  0.6000E+01
  -9.093  0.0000E+00  0.6000E+01
  -9.083  0.0000E+00  0.6000E+01
  -9.073  0.0000E+00  0.6000E+01
  -9.063  0.0000E+00  0.6000E+01
  -9.053  0.0000E+00  0.6000E+01
  -9.043  0.0000E+00  0.6000E+01
  -9.033  0.0000E+00  0.6000E+01
  -9.023  0.0000E+00  0.6000E+01
  -9.013  0.0000E+00  0.6000E+01
  -9.003  0.0000E+00  0.6000E+01
  -8.993  0.0000E+00  0.6000E+01
  -8.983  0.0000E+00  0.6000E+01
  -8.973  0.0000E+00  0.6000E+01
  -8.963  0.0000E+00  0.6000E+01
  -8.953  0.0000E+00  0.6000E+01
  -8.943  0.0000E+00  0.6000E+01
  -8.933  0.0000E+00  0.6000E+01
  -8.923  0.0000E+00  0.6000E+01
  -8.913  0.0000E+00  0.6000E+01
  -8.903  0.0000E+00  0.6000E+01
  -8.893  0.0000E+00  0.6000E+01
  -8.883  0.0000E+00  0.6000E+01
  -8.873  0.0000E+00  0.6000E+01
  -8.863  0.0000E+00  0.6000E+01
  -8.853  0.0000E+00  0.6000E+01
  -8.843  0.0000E+00  0.6000E+01
  -8.833  0.0000E+00  0.6000E+01
  -8.823  0.0000E+00  0.6000E+01
  -8.813  0.0000E+00  0.6000E+01
  -8.803  0.0000E+00  0.6000E+01
  -8.793  0.0000E+00  0.6000E+01
  -8.783  0.0000E+00  0.6000E+01
  -8.773  0.0000E+00  0.6000E+01
  -8.763  0.0000E+00  0.6000E+01
  -8.753  0.0000E+00  0.6000E+01
  -8.743  0.0000E+00  0.6000E+01
  -8.733  0.0000E+00  0.6000E+01
  -8.723  0.0000E+00  0.6000E+01
  -8.713  0.0000E+00  0.6000E+01
  -8.703  0.0000E+00  0.6000E+01
  -8.693  0.0000E+00  0.6000E+01
  -8.683  0.0000E+00  0.6000E+01
  -8.673  0.0000E+00  0.6000E+01
  -8.663  0.0000E+00  0.6000E+01
  -8.653  0.0000E+00  0.6000E+01
  -8.643  0.0000E+00  0.6000E+01
  -8.633  0.0000E+00  0.6000E+01
  -8.623  0.0000E+00  0.6000E+01
  -8.613  0.0000E+00  0.6000E+01
  -8.603  0.0000E+00  0.6000E+01
  -8.593  0.0000E+00  0.6000E+01
  -8.583  0.0000E+00  0.6000E+01
  -8.573  0.0000E+00  0.6000E+01
  -8.563  0.0000E+00  0.6000E+01
  -8.553  0.0000E+00  0.6000E+01
  -8.543  0.0000E+00  0.6000E+01
  -8.533  0.0000E+00  0.6000E+01
  -8.523  0.0000E+00  0.6000E+01
  -8.513  0.0000E+00  0.6000E+01
  -8.503  0.0000E+00  0.6000E+01
  -8.493  0.0000E+00  0.6000E+01
  -8.483  0.0000E+00  0.6000E+01
  -8.473  0.0000E+00  0.6000E+01
  -8.463  0.0000E+00  0.6000E+01
  -8.453  0.0000E+00  0.6000E+01
  -8.443  0.0000E+00  0.6000E+01
  -8.433  0.0000E+00  0.6000E+01
  -8.423  0.0000E+00  0.6000E+01
  -8.413  0.0000E+00  0.6000E+01
  -8.403  0.0000E+00  0.6000E+01
  -8.393  0.0000E+00  0.6000E+01
  -8.383  0.0000E+00  0.6000E+01
  -8.373  0.0000E+00  0.6000E+01
  -8.363  0.0000E+00  0.6000E+01
  -8.353  0.0000E+00  0.6000E+01
  -8.343  0.0000E+00  0.6000E+01
  -8.333  0.0000E+00  0.6000E+01
  -8.323  0.0000E+00  0.6000E+01
  -8.313  0.0000E+00  0.6000E+01
  -8.303  0.0000E+00  0.6000E+01
  -8.293  0.0000E+00  0.6000E+01
  -8.283  0.0000E+00  0.6000E+01
  -8.273  0.0000E+00  0.6000E+01
  -8.263  0.0000E+00  0.6000E+01
  -8.253  0.0000E+00  0.6000E+01
  -8.243  0.0000E+00  0.6000E+01
  -8.233  0.0000E+00  0.6000E+01
  -8.223  0.0000E+00  0.6000E+01
  -8.213  0.0000E+00  0.6000E+01
  -8.203  0.0000E+00  0.6000E+01
  -8.193  0.0000E+00  0.6000E+01
  -8.183  0.0000E+00  0.6000E+01
  -8.173  0.0000E+00  0.6000E+01
  -8.163  0.0000E+00  0.6000E+01
  -8.153  0.0000E+00  0.6000E+01
  -8.143  0.0000E+00  0.6000E+01
  -8.133  0.0000E+00  0.6000E+01
  -8.123  0.0000E+00  0.6000E+01
  -8.113  0.0000E+00  0.6000E+01
  -8.103  0.0000E+00  0.6000E+01
  -8.093  0.0000E+00  0.6000E+01
  -8.083  0.0000E+00  0.6000E+01
  -8.073  0.0000E+00  0.6000E+01
  -8.063  0.0000E+00  0.6000E+01
  -8.053  0.0000E+00  0.6000E+01
  -8.043  0.0000E+00  0.6000E+01
  -8.033  0.0000E+00  0.6000E+01
  -8.023  0.0000E+00  0.6000E+01
  -8.013  0.0000E+00  0.6000E+01
  -8.003  0.0000E+00  0.6000E+01
  -7.993  0.0000E+00  0.6000E+01
  -7.983  0.0000E+00  0.6000E+01
  -7.973  0.0000E+00  0.6000E+01
  -7.963  0.0000E+00  0.6000E+01
  -7.953  0.0000E+00  0.6000E+01
  -7.943  0.0000E+00  0.6000E+01
  -7.933  0.0000E+00  0.6000E+01
  -7.923  0.0000E+00  0.6000E+01
  -7.913  0.0000E+00  0.6000E+01
  -7.903  0.0000E+00  0.6000E+01
  -7.893  0.0000E+00  0.6000E+01
  -7.883  0.0000E+00  0.6000E+01
  -7.873  0.0000E+00  0.6000E+01
  -7.863  0.0000E+00  0.6000E+01
  -7.853  0.0000E+00  0.6000E+01
  -7.843  0.0000E+00  0.6000E+01
  -7.833  0.0000E+00  0.6000E+01
  -7.823  0.0000E+00  0.6000E+01
  -7.813  0.8185E-03  0.6000E+01
  -7.803  0.1184E+00  0.6001E+01
  -7.793  0.1844E+00  0.6002E+01
  -7.783  0.2185E+00  0.6004E+01
  -7.773  0.2616E+00  0.6007E+01
  -7.763  0.2996E+00  0.6009E+01
  -7.753  0.3285E+00  0.6013E+01
  -7.743  0.3600E+00  0.6016E+01
  -7.733  0.3955E+00  0.6020E+01
  -7.723  0.4189E+00  0.6024E+01
  -7.713  0.4450E+00  0.6028E+01
  -7.703  0.4746E+00  0.6033E+01
  -7.693  0.5044E+00  0.6038E+01
  -7.683  0.5279E+00  0.6043E+01
  -7.673  0.5529E+00  0.6048E+01
  -7.663  0.5795E+00  0.6054E+01
  -7.653  0.6069E+00  0.6060E+01
  -7.643  0.6337E+00  0.6066E+01
  -7.633  0.6587E+00  0.6072E+01
  -7.623  0.6840E+00  0.6079E+01
  -7.613  0.7106E+00  0.6086E+01
  -7.603  0.7381E+00  0.6093E+01
  -7.593  0.7658E+00  0.6101E+01
  -7.583  0.7922E+00  0.6109E+01
  -7.573  0.8193E+00  0.6117E+01
  -7.563  0.8474E+00  0.6125E+01
  -7.553  0.8761E+00  0.6134E+01
  -7.543  0.9054E+00  0.6143E+01
  -7.533  0.9350E+00  0.6152E+01
  -7.523  0.9654E+00  0.6161E+01
  -7.513  0.9965E+00  0.6171E+01
  -7.503  0.1028E+01  0.6181E+01
  -7.493  0.1060E+01  0.6192E+01
  -7.483  0.1094E+01  0.6202E+01
  -7.473  0.1130E+01  0.6214E+01
  -7.463  0.1166E+01  0.6225E+01
  -7.453  0.1202E+01  0.6237E+01
  -7.443  0.1239E+01  0.6249E+01
  -7.433  0.1280E+01  0.6262E+01
  -7.423  0.1324E+01  0.6275E+01
  -7.413  0.1369E+01  0.6288E+01
  -7.403  0.1414E+01  0.6302E+01
  -7.393  0.1460E+01  0.6316E+01
  -7.383  0.1516E+01  0.6331E+01
  -7.373  0.1575E+01  0.6347E+01
  -7.363  0.1634E+01  0.6363E+01
  -7.353  0.1694E+01  0.6379E+01
  -7.343  0.1776E+01  0.6397E+01
  -7.333  0.1862E+01  0.6415E+01
  -7.323  0.1948E+01  0.6434E+01
  -7.313  0.2090E+01  0.6454E+01
  -7.303  0.2256E+01  0.6476E+01
  -7.293  0.2517E+01  0.6500E+01
  -7.283  0.2534E+01  0.6525E+01
  -7.273  0.2502E+01  0.6551E+01
  -7.263  0.2508E+01  0.6576E+01
  -7.253  0.2483E+01  0.6601E+01
  -7.243  0.2480E+01  0.6625E+01
  -7.233  0.2479E+01  0.6650E+01
  -7.223  0.2458E+01  0.6675E+01
  -7.213  0.2452E+01  0.6699E+01
  -7.203  0.2449E+01  0.6724E+01
  -7.193  0.2442E+01  0.6748E+01
  -7.183  0.2426E+01  0.6773E+01
  -7.173  0.2419E+01  0.6797E+01
  -7.163  0.2414E+01  0.6821E+01
  -7.153  0.2407E+01  0.6845E+01
  -7.143  0.2395E+01  0.6869E+01
  -7.133  0.2386E+01  0.6893E+01
  -7.123  0.2379E+01  0.6917E+01
  -7.113  0.2373E+01  0.6941E+01
  -7.103  0.2366E+01  0.6964E+01
  -7.093  0.2355E+01  0.6988E+01
  -7.083  0.2346E+01  0.7012E+01
  -7.073  0.2340E+01  0.7035E+01
  -7.063  0.2333E+01  0.7058E+01
  -7.053  0.2325E+01  0.7082E+01
  -7.043  0.2317E+01  0.7105E+01
  -7.033  0.2309E+01  0.7128E+01
  -7.023  0.2301E+01  0.7151E+01
  -7.013  0.2293E+01  0.7174E+01
  -7.003  0.2286E+01  0.7197E+01
  -6.993  0.2279E+01  0.7220E+01
  -6.983  0.2272E+01  0.7242E+01
  -6.973  0.2264E+01  0.7265E+01
  -6.963  0.2255E+01  0.7288E+01
  -6.953  0.2247E+01  0.7310E+01
  -6.943  0.2243E+01  0.7333E+01
  -6.933  0.2237E+01  0.7355E+01
  -6.923  0.2227E+01  0.7377E+01
  -6.913  0.2217E+01  0.7400E+01
  -6.903  0.2210E+01  0.7422E+01
  -6.893  0.2211E+01  0.7444E+01
  -6.883  0.2200E+01  0.7466E+01
  -6.873  0.2188E+01  0.7488E+01
  -6.863  0.2180E+01  0.7510E+01
  -6.853  0.2185E+01  0.7532E+01
  -6.843  0.2170E+01  0.7553E+01
  -6.833  0.2153E+01  0.7575E+01
  -6.823  0.2168E+01  0.7597E+01
  -6.813  0.2141E+01  0.7618E+01
  -6.803  0.1995E+01  0.7639E+01
  -6.793  0.1791E+01  0.7658E+01
  -6.783  0.1660E+01  0.7675E+01
  -6.773  0.1565E+01  0.7691E+01
  -6.763  0.1477E+01  0.7707E+01
  -6.753  0.1408E+01  0.7721E+01
  -6.743  0.1341E+01  0.7735E+01
  -6.733  0.1279E+01  0.7748E+01
  -6.723  0.1228E+01  0.7760E+01
  -6.713  0.1177E+01  0.7772E+01
  -6.703  0.1126E+01  0.7784E+01
  -6.693  0.1081E+01  0.7795E+01
  -6.683  0.1041E+01  0.7806E+01
  -6.673  0.1001E+01  0.7816E+01
  -6.663  0.9619E+00  0.7826E+01
  -6.653  0.9236E+00  0.7835E+01
  -6.643  0.8901E+00  0.7844E+01
  -6.633  0.8575E+00  0.7853E+01
  -6.623  0.8251E+00  0.7861E+01
  -6.613  0.7934E+00  0.7869E+01
  -6.603  0.7628E+00  0.7877E+01
  -6.593  0.7346E+00  0.7885E+01
  -6.583  0.7072E+00  0.7892E+01
  -6.573  0.6802E+00  0.7899E+01
  -6.563  0.6537E+00  0.7905E+01
  -6.553  0.6276E+00  0.7912E+01
  -6.543  0.6030E+00  0.7918E+01
  -6.533  0.5791E+00  0.7924E+01
  -6.523  0.5556E+00  0.7930E+01
  -6.513  0.5326E+00  0.7935E+01
  -6.503  0.5101E+00  0.7940E+01
  -6.493  0.4879E+00  0.7945E+01
  -6.483  0.4660E+00  0.7950E+01
  -6.473  0.4446E+00  0.7955E+01
  -6.463  0.4239E+00  0.7959E+01
  -6.453  0.4043E+00  0.7963E+01
  -6.443  0.3835E+00  0.7967E+01
  -6.433  0.3620E+00  0.7971E+01
  -6.423  0.3418E+00  0.7974E+01
  -6.413  0.3226E+00  0.7977E+01
  -6.403  0.3050E+00  0.7981E+01
  -6.393  0.2827E+00  0.7984E+01
  -6.383  0.2609E+00  0.7986E+01
  -6.373  0.2412E+00  0.7989E+01
  -6.363  0.2232E+00  0.7991E+01
  -6.353  0.1994E+00  0.7993E+01
  -6.343  0.1741E+00  0.7995E+01
  -6.333  0.1517E+00  0.7997E+01
  -6.323  0.1261E+00  0.7998E+01
  -6.313  0.8827E-01  0.7999E+01
  -6.303  0.3527E-01  0.8000E+01
  -6.293  0.0000E+00  0.8000E+01
  -6.283  0.0000E+00  0.8000E+01
  -6.273  0.0000E+00  0.8000E+01
  -6.263  0.0000E+00  0.8000E+01
  -6.253  0.0000E+00  0.8000E+01
  -6.243  0.0000E+00  0.8000E+01
  -6.233  0.0000E+00  0.8000E+01
  -6.223  0.0000E+00  0.8000E+01
  -6.213  0.0000E+00  0.8000E+01
  -6.203  0.0000E+00  0.8000E+01
  -6.193  0.0000E+00  0.8000E+01
  -6.183  0.0000E+00  0.8000E+01
  -6.173  0.0000E+00  0.8000E+01
  -6.163  0.0000E+00  0.8000E+01
  -6.153  0.0000E+00  0.8000E+01
  -6.143  0.0000E+00  0.8000E+01
  -6.133  0.0000E+00  0.8000E+01
  -6.123  0.0000E+00  0.8000E+01
  -6.113  0.0000E+00  0.8000E+01
  -6.103  0.0000E+00  0.8000E+01
  -6.093  0.0000E+00  0.8000E+01
  -6.083  0.0000E+00  0.8000E+01
  -6.073  0.0000E+00  0.8000E+01
  -6.063  0.0000E+00  0.8000E+01
  -6.053  0.0000E+00  0.8000E+01
  -6.043  0.0000E+00  0.8000E+01
  -6.033  0.0000E+00  0.8000E+01
  -6.023  0.0000E+00  0.8000E+01
  -6.013  0.0000E+00  0.8000E+01
  -6.003  0.0000E+00  0.8000E+01
  -5.993  0.0000E+00  0.8000E+01
  -5.983  0.0000E+00  0.8000E+01
  -5.973  0.0000E+00  0.8000E+01
  -5.963  0.0000E+00  0.8000E+01
  -5.953  0.0000E+00  0.8000E+01
  -5.943  0.0000E+00  0.8000E+01
  -5.933  0.0000E+00  0.8000E+01
  -5.923  0.0000E+00  0.8000E+01
  -5.913  0.0000E+00  0.8000E+01
  -5.903  0.0000E+00  0.8000E+01
  -5.893  0.0000E+00  0.8000E+01
  -5.883  0.0000E+00  0.8000E+01
  -5.873  0.0000E+00  0.8000E+01
  -5.863  0.0000E+00  0.8000E+01
  -5.853  0.0000E+00  0.8000E+01
  -5.843  0.0000E+00  0.8000E+01
  -5.833  0.0000E+00  0.8000E+01
  -5.823  0.0000E+00  0.8000E+01
  -5.813  0.0000E+00  0.8000E+01
  -5.803  0.0000E+00  0.8000E+01
  -5.793  0.0000E+00  0.8000E+01
  -5.783  0.0000E+00  0.8000E+01
  -5.773  0.0000E+00  0.8000E+01
  -5.763  0.0000E+00  0.8000E+01
  -5.753  0.0000E+00  0.8000E+01
  -5.743  0.0000E+00  0.8000E+01
  -5.733  0.0000E+00  0.8000E+01
  -5.723  0.0000E+00  0.8000E+01
  -5.713  0.0000E+00  0.8000E+01
  -5.703  0.0000E+00  0.8000E+01
  -5.693  0.0000E+00  0.8000E+01
  -5.683  0.0000E+00  0.8000E+01
  -5.673  0.0000E+00  0.8000E+01
  -5.663  0.0000E+00  0.8000E+01
  -5.653  0.0000E+00  0.8000E+01
  -5.643  0.0000E+00  0.8000E+01
  -5.633  0.0000E+00  0.8000E+01
  -5.623  0.0000E+00  0.8000E+01
  -5.613  0.0000E+00  0.8000E+01
  -5.603  0.0000E+00  0.8000E+01
  -5.593  0.0000E+00  0.8000E+01
  -5.583  0.0000E+00  0.8000E+01
  -5.573  0.0000E+00  0.8000E+01
  -5.563  0.0000E+00  0.8000E+01
  -5.553  0.0000E+00  0.8000E+01
  -5.543  0.0000E+00  0.8000E+01
  -5.533  0.0000E+00  0.8000E+01
  -5.523  0.0000E+00  0.8000E+01
  -5.513  0.0000E+00  0.8000E+01
  -5.503  0.0000E+00  0.8000E+01
  -5.493  0.0000E+00  0.8000E+01
  -5.483  0.0000E+00  0.8000E+01
  -5.473  0.0000E+00  0.8000E+01
  -5.463  0.0000E+00  0.8000E+01
  -5.453  0.0000E+00  0.8000E+01
  -5.443  0.0000E+00  0.8000E+01
  -5.433  0.0000E+00  0.8000E+01
  -5.423  0.0000E+00  0.8000E+01
  -5.413  0.0000E+00  0.8000E+01
  -5.403  0.0000E+00  0.8000E+01
  -5.393  0.0000E+00  0.8000E+01
  -5.383  0.0000E+00  0.8000E+01
  -5.373  0.0000E+00  0.8000E+01
  -5.363  0.0000E+00  0.8000E+01
  -5.353  0.0000E+00  0.8000E+01
  -5.343  0.0000E+00  0.8000E+01
  -5.333  0.0000E+00  0.8000E+01
  -5.323  0.0000E+00  0.8000E+01
  -5.313  0.0000E+00  0.8000E+01
  -5.303  0.0000E+00  0.8000E+01
  -5.293  0.0000E+00  0.8000E+01
  -5.283  0.0000E+00  0.8000E+01
  -5.273  0.0000E+00  0.8000E+01
  -5.263  0.0000E+00  0.8000E+01
  -5.253  0.0000E+00  0.8000E+01
  -5.243  0.0000E+00  0.8000E+01
  -5.233  0.0000E+00  0.8000E+01
  -5.223  0.0000E+00  0.8000E+01
  -5.213  0.0000E+00  0.8000E+01
  -5.203  0.0000E+00  0.8000E+01
  -5.193  0.0000E+00  0.8000E+01
  -5.183  0.0000E+00  0.8000E+01
  -5.173  0.0000E+00  0.8000E+01
  -5.163  0.0000E+00  0.8000E+01
  -5.153  0.0000E+00  0.8000E+01
  -5.143  0.0000E+00  0.8000E+01
  -5.133  0.0000E+00  0.8000E+01
  -5.123  0.0000E+00  0.8000E+01
  -5.113  0.0000E+00  0.8000E+01
  -5.103  0.0000E+00  0.8000E+01
  -5.093  0.0000E+00  0.8000E+01
  -5.083  0.0000E+00  0.8000E+01
  -5.073  0.0000E+00  0.8000E+01
  -5.063  0.0000E+00  0.8000E+01
  -5.053  0.0000E+00  0.8000E+01
  -5.043  0.0000E+00  0.8000E+01
  -5.033  0.0000E+00  0.8000E+01
  -5.023  0.0000E+00  0.8000E+01
  -5.013  0.0000E+00  0.8000E+01
  -5.003  0.0000E+00  0.8000E+01
  -4.993  0.0000E+00  0.8000E+01
  -4.983  0.0000E+00  0.8000E+01
  -4.973  0.0000E+00  0.8000E+01
  -4.963  0.0000E+00  0.8000E+01
  -4.953  0.0000E+00  0.8000E+01
  -4.943  0.0000E+00  0.8000E+01
  -4.933  0.0000E+00  0.8000E+01
  -4.923  0.0000E+00  0.8000E+01
  -4.913  0.0000E+00  0.8000E+01
  -4.903  0.0000E+00  0.8000E+01
  -4.893  0.0000E+00  0.8000E+01
  -4.883  0.0000E+00  0.8000E+01
  -4.873  0.0000E+00  0.8000E+01
  -4.863  0.0000E+00  0.8000E+01
  -4.853  0.0000E+00  0.8000E+01
  -4.843  0.0000E+00  0.8000E+01
  -4.833  0.0000E+00  0.8000E+01
  -4.823  0.0000E+00  0.8000E+01
  -4.813  0.0000E+00  0.8000E+01
  -4.803  0.0000E+00  0.8000E+01
  -4.793  0.0000E+00  0.8000E+01
  -4.783  0.0000E+00  0.8000E+01
  -4.773  0.0000E+00  0.8000E+01
  -4.763  0.0000E+00  0.8000E+01
  -4.753  0.0000E+00  0.8000E+01
  -4.743  0.0000E+00  0.8000E+01
  -4.733  0.0000E+00  0.8000E+01
  -4.723  0.0000E+00  0.8000E+01
  -4.713  0.0000E+00  0.8000E+01
  -4.703  0.0000E+00  0.8000E+01
  -4.693  0.0000E+00  0.8000E+01
  -4.683  0.0000E+00  0.8000E+01
  -4.673  0.0000E+00  0.8000E+01
  -4.663  0.0000E+00  0.8000E+01
  -4.653  0.0000E+00  0.8000E+01
  -4.643  0.0000E+00  0.8000E+01
  -4.633  0.0000E+00  0.8000E+01
  -4.623  0.0000E+00  0.8000E+01
  -4.613  0.0000E+00  0.8000E+01
  -4.603  0.0000E+00  0.8000E+01
  -4.593  0.0000E+00  0.8000E+01
  -4.583  0.0000E+00  0.8000E+01
  -4.573  0.0000E+00  0.8000E+01
  -4.563  0.0000E+00  0.8000E+01
  -4.553  0.0000E+00  0.8000E+01
  -4.543  0.0000E+00  0.8000E+01
  -4.533  0.0000E+00  0.8000E+01
  -4.523  0.0000E+00  0.8000E+01
  -4.513  0.0000E+00  0.8000E+01
  -4.503  0.0000E+00  0.8000E+01
  -4.493  0.0000E+00  0.8000E+01
  -4.483  0.0000E+00  0.8000E+01
  -4.473  0.0000E+00  0.8000E+01
  -4.463  0.0000E+00  0.8000E+01
  -4.453  0.0000E+00  0.8000E+01
  -4.443  0.0000E+00  0.8000E+01
  -4.433  0.0000E+00  0.8000E+01
  -4.423  0.0000E+00  0.8000E+01
  -4.413  0.0000E+00  0.8000E+01
  -4.403  0.0000E+00  0.8000E+01
  -4.393  0.0000E+00  0.8000E+01
  -4.383  0.0000E+00  0.8000E+01
  -4.373  0.0000E+00  0.8000E+01
  -4.363  0.0000E+00  0.8000E+01
  -4.353  0.0000E+00  0.8000E+01
  -4.343  0.0000E+00  0.8000E+01
  -4.333  0.0000E+00  0.8000E+01
  -4.323  0.0000E+00  0.8000E+01
  -4.313  0.0000E+00  0.8000E+01
  -4.303  0.0000E+00  0.8000E+01
  -4.293  0.0000E+00  0.8000E+01
  -4.283  0.0000E+00  0.8000E+01
  -4.273  0.0000E+00  0.8000E+01
  -4.263  0.0000E+00  0.8000E+01
  -4.253  0.0000E+00  0.8000E+01
  -4.243  0.0000E+00  0.8000E+01
  -4.233  0.0000E+00  0.8000E+01
  -4.223  0.0000E+00  0.8000E+01
  -4.213  0.0000E+00  0.8000E+01
  -4.203  0.0000E+00  0.8000E+01
  -4.193  0.0000E+00  0.8000E+01
  -4.183  0.0000E+00  0.8000E+01
  -4.173  0.0000E+00  0.8000E+01
  -4.163  0.0000E+00  0.8000E+01
  -4.153  0.0000E+00  0.8000E+01
  -4.143  0.0000E+00  0.8000E+01
  -4.133  0.0000E+00  0.8000E+01
  -4.123  0.0000E+00  0.8000E+01
  -4.113  0.0000E+00  0.8000E+01
  -4.103  0.0000E+00  0.8000E+01
  -4.093  0.0000E+00  0.8000E+01
  -4.083  0.0000E+00  0.8000E+01
  -4.073  0.0000E+00  0.8000E+01
  -4.063  0.0000E+00  0.8000E+01
  -4.053  0.0000E+00  0.8000E+01
  -4.043  0.0000E+00  0.8000E+01
  -4.033  0.0000E+00  0.8000E+01
  -4.023  0.0000E+00  0.8000E+01
  -4.013  0.0000E+00  0.8000E+01
  -4.003  0.0000E+00  0.8000E+01
  -3.993  0.0000E+00  0.8000E+01
  -3.983  0.0000E+00  0.8000E+01
  -3.973  0.0000E+00  0.8000E+01
  -3.963  0.0000E+00  0.8000E+01
  -3.953  0.0000E+00  0.8000E+01
  -3.943  0.0000E+00  0.8000E+01
  -3.933  0.0000E+00  0.8000E+01
  -3.923  0.0000E+00  0.8000E+01
  -3.913  0.0000E+00  0.8000E+01
  -3.903  0.0000E+00  0.8000E+01
  -3.893  0.0000E+00  0.8000E+01
  -3.883  0.0000E+00  0.8000E+01
  -3.873  0.0000E+00  0.8000E+01
  -3.863  0.0000E+00  0.8000E+01
  -3.853  0.0000E+00  0.8000E+01
  -3.843  0.0000E+00  0.8000E+01
  -3.833  0.0000E+00  0.8000E+01
  -3.823  0.0000E+00  0.8000E+01
  -3.813  0.0000E+00  0.8000E+01
  -3.803  0.0000E+00  0.8000E+01
  -3.793  0.0000E+00  0.8000E+01
  -3.783  0.0000E+00  0.8000E+01
  -3.773  0.0000E+00  0.8000E+01
  -3.763  0.0000E+00  0.8000E+01
  -3.753  0.0000E+00  0.8000E+01
  -3.743  0.0000E+00  0.8000E+01
  -3.733  0.0000E+00  0.8000E+01
  -3.723  0.0000E+00  0.8000E+01
  -3.713  0.0000E+00  0.8000E+01
  -3.703  0.0000E+00  0.8000E+01
  -3.693  0.0000E+00  0.8000E+01
  -3.683  0.0000E+00  0.8000E+01
  -3.673  0.0000E+00  0.8000E+01
  -3.663  0.0000E+00  0.8000E+01
  -3.653  0.0000E+00  0.8000E+01
  -3.643  0.0000E+00  0.8000E+01
  -3.633  0.0000E+00  0.8000E+01
  -3.623  0.0000E+00  0.8000E+01
  -3.613  0.0000E+00  0.8000E+01
  -3.603  0.0000E+00  0.8000E+01
  -3.593  0.0000E+00  0.8000E+01
  -3.583  0.0000E+00  0.8000E+01
  -3.573  0.0000E+00  0.8000E+01
  -3.563  0.0000E+00  0.8000E+01
  -3.553  0.0000E+00  0.8000E+01
  -3.543  0.0000E+00  0.8000E+01
  -3.533  0.0000E+00  0.8000E+01
  -3.523  0.0000E+00  0.8000E+01
  -3.513  0.0000E+00  0.8000E+01
  -3.503  0.0000E+00  0.8000E+01
  -3.493  0.0000E+00  0.8000E+01
  -3.483  0.0000E+00  0.8000E+01
  -3.473  0.0000E+00  0.8000E+01
  -3.463  0.0000E+00  0.8000E+01
  -3.453  0.0000E+00  0.8000E+01
  -3.443  0.0000E+00  0.8000E+01
  -3.433  0.0000E+00  0.8000E+01
  -3.423  0.0000E+00  0.8000E+01
  -3.413  0.0000E+00  0.8000E+01
  -3.403  0.0000E+00  0.8000E+01
  -3.393  0.0000E+00  0.8000E+01
  -3.383  0.0000E+00  0.8000E+01
  -3.373  0.0000E+00  0.8000E+01
  -3.363  0.0000E+00  0.8000E+01
  -3.353  0.0000E+00  0.8000E+01
  -3.343  0.0000E+00  0.8000E+01
  -3.333  0.0000E+00  0.8000E+01
  -3.323  0.0000E+00  0.8000E+01
  -3.313  0.0000E+00  0.8000E+01
  -3.303  0.0000E+00  0.8000E+01
  -3.293  0.0000E+00  0.8000E+01
  -3.283  0.0000E+00  0.8000E+01
  -3.273  0.0000E+00  0.8000E+01
  -3.263  0.0000E+00  0.8000E+01
  -3.253  0.0000E+00  0.8000E+01
  -3.243  0.0000E+00  0.8000E+01
  -3.233  0.0000E+00  0.8000E+01
  -3.223  0.0000E+00  0.8000E+01
  -3.213  0.0000E+00  0.8000E+01
  -3.203  0.0000E+00  0.8000E+01
  -3.193  0.0000E+00  0.8000E+01
  -3.183  0.0000E+00  0.8000E+01
  -3.173  0.0000E+00  0.8000E+01
  -3.163  0.0000E+00  0.8000E+01
  -3.153  0.0000E+00  0.8000E+01
  -3.143  0.0000E+00  0.8000E+01
  -3.133  0.0000E+00  0.8000E+01
  -3.123  0.0000E+00  0.8000E+01
  -3.113  0.0000E+00  0.8000E+01
  -3.103  0.0000E+00  0.8000E+01
  -3.093  0.0000E+00  0.8000E+01
  -3.083  0.0000E+00  0.8000E+01
  -3.073  0.0000E+00  0.8000E+01
  -3.063  0.0000E+00  0.8000E+01
  -3.053  0.0000E+00  0.8000E+01
  -3.043  0.0000E+00  0.8000E+01
  -3.033  0.0000E+00  0.8000E+01
  -3.023  0.0000E+00  0.8000E+01
  -3.013  0.0000E+00  0.8000E+01
  -3.003  0.0000E+00  0.8000E+01
  -2.993  0.0000E+00  0.8000E+01
  -2.983  0.0000E+00  0.8000E+01
  -2.973  0.0000E+00  0.8000E+01
  -2.963  0.0000E+00  0.8000E+01
  -2.953  0.0000E+00  0.8000E+01
  -2.943  0.0000E+00  0.8000E+01
  -2.933  0.0000E+00  0.8000E+01
  -2.923  0.0000E+00  0.8000E+01
  -2.913  0.0000E+00  0.8000E+01
  -2.903  0.0000E+00  0.8000E+01
  -2.893  0.0000E+00  0.8000E+01
  -2.883  0.0000E+00  0.8000E+01
  -2.873  0.0000E+00  0.8000E+01
  -2.863  0.0000E+00  0.8000E+01
  -2.853  0.0000E+00  0.8000E+01
  -2.843  0.0000E+00  0.8000E+01
  -2.833  0.0000E+00  0.8000E+01
  -2.823  0.0000E+00  0.8000E+01
  -2.813  0.0000E+00  0.8000E+01
  -2.803  0.0000E+00  0.8000E+01
  -2.793  0.0000E+00  0.8000E+01
  -2.783  0.0000E+00  0.8000E+01
  -2.773  0.0000E+00  0.8000E+01
  -2.763  0.0000E+00  0.8000E+01
  -2.753  0.0000E+00  0.8000E+01
  -2.743  0.0000E+00  0.8000E+01
  -2.733  0.0000E+00  0.8000E+01
  -2.723  0.0000E+00  0.8000E+01
  -2.713  0.0000E+00  0.8000E+01
  -2.703  0.0000E+00  0.8000E+01
  -2.693  0.0000E+00  0.8000E+01
  -2.683  0.0000E+00  0.8000E+01
  -2.673  0.4562E+00  0.8001E+01
  -2.663  0.1180E+01  0.8009E+01
  -2.653  0.1668E+01  0.8024E+01
  -2.643  0.1977E+01  0.8043E+01
  -2.633  0.2319E+01  0.8064E+01
  -2.623  0.2682E+01  0.8089E+01
  -2.613  0.3116E+01  0.8118E+01
  -2.603  0.3515E+01  0.8151E+01
  -2.593  0.3919E+01  0.8188E+01
  -2.583  0.4417E+01  0.8230E+01
  -2.573  0.5117E+01  0.8277E+01
  -2.563  0.6273E+01  0.8335E+01
  -2.553  0.6583E+01  0.8400E+01
  -2.543  0.6227E+01  0.8464E+01
  -2.533  0.6228E+01  0.8526E+01
  -2.523  0.6183E+01  0.8588E+01
  -2.513  0.6177E+01  0.8650E+01
  -2.503  0.6113E+01  0.8711E+01
  -2.493  0.5933E+01  0.8772E+01
  -2.483  0.5848E+01  0.8830E+01
  -2.473  0.5801E+01  0.8889E+01
  -2.463  0.5759E+01  0.8947E+01
  -2.453  0.5726E+01  0.9004E+01
  -2.443  0.5703E+01  0.9061E+01
  -2.433  0.5633E+01  0.9118E+01
  -2.423  0.5047E+01  0.9171E+01
  -2.413  0.4638E+01  0.9219E+01
  -2.403  0.4452E+01  0.9265E+01
  -2.393  0.4274E+01  0.9308E+01
  -2.383  0.4114E+01  0.9350E+01
  -2.373  0.3963E+01  0.9391E+01
  -2.363  0.3857E+01  0.9430E+01
  -2.353  0.3774E+01  0.9468E+01
  -2.343  0.3694E+01  0.9505E+01
  -2.333  0.3625E+01  0.9542E+01
  -2.323  0.3552E+01  0.9578E+01
  -2.313  0.3461E+01  0.9613E+01
  -2.303  0.3374E+01  0.9647E+01
  -2.293  0.3311E+01  0.9680E+01
  -2.283  0.3248E+01  0.9713E+01
  -2.273  0.3199E+01  0.9745E+01
  -2.263  0.3153E+01  0.9777E+01
  -2.253  0.3107E+01  0.9809E+01
  -2.243  0.3072E+01  0.9839E+01
  -2.233  0.3038E+01  0.9870E+01
  -2.223  0.3001E+01  0.9900E+01
  -2.213  0.2965E+01  0.9930E+01
  -2.203  0.2925E+01  0.9959E+01
  -2.193  0.2883E+01  0.9988E+01
  -2.183  0.2833E+01  0.1002E+02
  -2.173  0.2792E+01  0.1005E+02
  -2.163  0.2777E+01  0.1007E+02
  -2.153  0.2770E+01  0.1010E+02
  -2.143  0.2745E+01  0.1013E+02
  -2.133  0.2713E+01  0.1016E+02
  -2.123  0.2686E+01  0.1018E+02
  -2.113  0.2662E+01  0.1021E+02
  -2.103  0.2641E+01  0.1024E+02
  -2.093  0.2618E+01  0.1026E+02
  -2.083  0.2595E+01  0.1029E+02
  -2.073  0.2579E+01  0.1031E+02
  -2.063  0.2566E+01  0.1034E+02
  -2.053  0.2547E+01  0.1037E+02
  -2.043  0.2529E+01  0.1039E+02
  -2.033  0.2509E+01  0.1042E+02
  -2.023  0.2489E+01  0.1044E+02
  -2.013  0.2465E+01  0.1047E+02
  -2.003  0.2459E+01  0.1049E+02
  -1.993  0.2454E+01  0.1051E+02
  -1.983  0.2448E+01  0.1054E+02
  -1.973  0.2435E+01  0.1056E+02
  -1.963  0.2417E+01  0.1059E+02
  -1.953  0.2403E+01  0.1061E+02
  -1.943  0.2392E+01  0.1064E+02
  -1.933  0.2381E+01  0.1066E+02
  -1.923  0.2371E+01  0.1068E+02
  -1.913  0.2360E+01  0.1071E+02
  -1.903  0.2350E+01  0.1073E+02
  -1.893  0.2341E+01  0.1075E+02
  -1.883  0.2343E+01  0.1078E+02
  -1.873  0.2337E+01  0.1080E+02
  -1.863  0.2328E+01  0.1082E+02
  -1.853  0.2320E+01  0.1085E+02
  -1.843  0.2311E+01  0.1087E+02
  -1.833  0.2302E+01  0.1089E+02
  -1.823  0.2301E+01  0.1092E+02
  -1.813  0.2301E+01  0.1094E+02
  -1.803  0.2299E+01  0.1096E+02
  -1.793  0.2299E+01  0.1099E+02
  -1.783  0.2294E+01  0.1101E+02
  -1.773  0.2291E+01  0.1103E+02
  -1.763  0.2289E+01  0.1105E+02
  -1.753  0.2287E+01  0.1108E+02
  -1.743  0.2286E+01  0.1110E+02
  -1.733  0.2284E+01  0.1112E+02
  -1.723  0.2284E+01  0.1115E+02
  -1.713  0.2284E+01  0.1117E+02
  -1.703  0.2295E+01  0.1119E+02
  -1.693  0.2299E+01  0.1122E+02
  -1.683  0.2302E+01  0.1124E+02
  -1.673  0.2305E+01  0.1126E+02
  -1.663  0.2308E+01  0.1128E+02
  -1.653  0.2307E+01  0.1131E+02
  -1.643  0.2307E+01  0.1133E+02
  -1.633  0.2321E+01  0.1135E+02
  -1.623  0.2337E+01  0.1138E+02
  -1.613  0.2348E+01  0.1140E+02
  -1.603  0.2366E+01  0.1142E+02
  -1.593  0.2380E+01  0.1145E+02
  -1.583  0.2395E+01  0.1147E+02
  -1.573  0.2412E+01  0.1150E+02
  -1.563  0.2426E+01  0.1152E+02
  -1.553  0.2440E+01  0.1154E+02
  -1.543  0.2454E+01  0.1157E+02
  -1.533  0.2493E+01  0.1159E+02
  -1.523  0.2526E+01  0.1162E+02
  -1.513  0.2556E+01  0.1164E+02
  -1.503  0.2582E+01  0.1167E+02
  -1.493  0.2606E+01  0.1170E+02
  -1.483  0.2644E+01  0.1172E+02
  -1.473  0.2701E+01  0.1175E+02
  -1.463  0.2768E+01  0.1178E+02
  -1.453  0.2843E+01  0.1180E+02
  -1.443  0.2927E+01  0.1183E+02
  -1.433  0.3029E+01  0.1186E+02
  -1.423  0.3145E+01  0.1189E+02
  -1.413  0.3271E+01  0.1193E+02
  -1.403  0.3494E+01  0.1196E+02
  -1.393  0.4168E+01  0.1200E+02
  -1.383  0.5896E+01  0.1205E+02
  -1.373  0.7202E+01  0.1211E+02
  -1.363  0.8905E+01  0.1219E+02
  -1.353  0.1230E+02  0.1230E+02
  -1.343  0.1034E+02  0.1241E+02
  -1.333  0.9908E+01  0.1251E+02
  -1.323  0.9897E+01  0.1260E+02
  -1.313  0.1206E+02  0.1271E+02
  -1.303  0.1448E+02  0.1284E+02
  -1.293  0.1078E+02  0.1299E+02
  -1.283  0.1108E+02  0.1311E+02
  -1.273  0.9131E+01  0.1321E+02
  -1.263  0.8551E+01  0.1330E+02
  -1.253  0.9544E+01  0.1338E+02
  -1.243  0.7201E+01  0.1347E+02
  -1.233  0.6202E+01  0.1354E+02
  -1.223  0.5070E+01  0.1360E+02
  -1.213  0.4436E+01  0.1364E+02
  -1.203  0.4041E+01  0.1369E+02
  -1.193  0.4146E+01  0.1373E+02
  -1.183  0.4763E+01  0.1377E+02
  -1.173  0.4967E+01  0.1382E+02
  -1.163  0.4838E+01  0.1387E+02
  -1.153  0.4353E+01  0.1392E+02
  -1.143  0.4170E+01  0.1396E+02
  -1.133  0.3882E+01  0.1400E+02
  -1.123  0.3535E+01  0.1404E+02
  -1.113  0.3585E+01  0.1407E+02
  -1.103  0.3548E+01  0.1411E+02
  -1.093  0.3567E+01  0.1414E+02
  -1.083  0.3590E+01  0.1418E+02
  -1.073  0.3598E+01  0.1421E+02
  -1.063  0.3633E+01  0.1425E+02
  -1.053  0.3721E+01  0.1429E+02
  -1.043  0.3846E+01  0.1433E+02
  -1.033  0.3953E+01  0.1436E+02
  -1.023  0.4098E+01  0.1440E+02
  -1.013  0.4307E+01  0.1445E+02
  -1.003  0.4528E+01  0.1449E+02
  -0.993  0.4804E+01  0.1454E+02
  -0.983  0.5169E+01  0.1459E+02
  -0.973  0.5714E+01  0.1464E+02
  -0.963  0.6574E+01  0.1470E+02
  -0.953  0.6687E+01  0.1477E+02
  -0.943  0.6812E+01  0.1484E+02
  -0.933  0.6894E+01  0.1491E+02
  -0.923  0.7109E+01  0.1498E+02
  -0.913  0.7632E+01  0.1505E+02
  -0.903  0.7626E+01  0.1513E+02
  -0.893  0.7644E+01  0.1520E+02
  -0.883  0.7768E+01  0.1528E+02
  -0.873  0.7789E+01  0.1536E+02
  -0.863  0.7837E+01  0.1543E+02
  -0.853  0.7870E+01  0.1551E+02
  -0.843  0.7830E+01  0.1559E+02
  -0.833  0.8083E+01  0.1567E+02
  -0.823  0.7870E+01  0.1575E+02
  -0.813  0.7211E+01  0.1583E+02
  -0.803  0.6695E+01  0.1590E+02
  -0.793  0.6613E+01  0.1596E+02
  -0.783  0.6635E+01  0.1603E+02
  -0.773  0.6633E+01  0.1609E+02
  -0.763  0.6649E+01  0.1616E+02
  -0.753  0.6724E+01  0.1623E+02
  -0.743  0.6777E+01  0.1630E+02
  -0.733  0.6892E+01  0.1636E+02
  -0.723  0.7008E+01  0.1643E+02
  -0.713  0.7175E+01  0.1650E+02
  -0.703  0.7440E+01  0.1658E+02
  -0.693  0.7837E+01  0.1665E+02
  -0.683  0.9296E+01  0.1673E+02
  -0.673  0.9658E+01  0.1684E+02
  -0.663  0.1035E+02  0.1693E+02
  -0.653  0.1182E+02  0.1704E+02
  -0.643  0.1430E+02  0.1717E+02
  -0.633  0.1524E+02  0.1732E+02
  -0.623  0.1509E+02  0.1747E+02
  -0.613  0.1155E+02  0.1760E+02
  -0.603  0.1091E+02  0.1771E+02
  -0.593  0.1066E+02  0.1782E+02
  -0.583  0.1099E+02  0.1793E+02
  -0.573  0.1276E+02  0.1805E+02
  -0.563  0.1228E+02  0.1817E+02
  -0.553  0.1227E+02  0.1829E+02
  -0.543  0.1253E+02  0.1842E+02
  -0.533  0.1271E+02  0.1854E+02
  -0.523  0.1268E+02  0.1867E+02
  -0.513  0.1169E+02  0.1879E+02
  -0.503  0.1133E+02  0.1891E+02
  -0.493  0.1128E+02  0.1902E+02
  -0.483  0.1139E+02  0.1913E+02
  -0.473  0.1216E+02  0.1925E+02
  -0.463  0.1282E+02  0.1938E+02
  -0.453  0.1352E+02  0.1951E+02
  -0.443  0.1346E+02  0.1965E+02
  -0.433  0.1523E+02  0.1979E+02
  -0.423  0.1842E+02  0.1996E+02
  -0.413  0.1607E+02  0.2013E+02
  -0.403  0.1889E+02  0.2031E+02
  -0.393  0.1986E+02  0.2051E+02
  -0.383  0.1824E+02  0.2070E+02
  -0.373  0.1749E+02  0.2088E+02
  -0.363  0.1732E+02  0.2105E+02
  -0.353  0.1728E+02  0.2123E+02
  -0.343  0.1743E+02  0.2140E+02
  -0.333  0.1637E+02  0.2157E+02
  -0.323  0.1557E+02  0.2173E+02
  -0.313  0.1443E+02  0.2188E+02
  -0.303  0.1392E+02  0.2202E+02
  -0.293  0.1355E+02  0.2216E+02
  -0.283  0.1314E+02  0.2229E+02
  -0.273  0.1275E+02  0.2242E+02
  -0.263  0.1251E+02  0.2255E+02
  -0.253  0.1225E+02  0.2267E+02
  -0.243  0.1200E+02  0.2279E+02
  -0.233  0.1177E+02  0.2291E+02
  -0.223  0.1156E+02  0.2303E+02
  -0.213  0.1145E+02  0.2314E+02
  -0.203  0.1139E+02  0.2326E+02
  -0.193  0.1131E+02  0.2337E+02
  -0.183  0.1115E+02  0.2348E+02
  -0.173  0.1111E+02  0.2360E+02
  -0.163  0.1151E+02  0.2371E+02
  -0.153  0.1167E+02  0.2383E+02
  -0.143  0.1143E+02  0.2394E+02
  -0.133  0.1115E+02  0.2405E+02
  -0.123  0.1081E+02  0.2416E+02
  -0.113  0.1054E+02  0.2427E+02
  -0.103  0.1013E+02  0.2437E+02
  -0.093  0.9838E+01  0.2447E+02
  -0.083  0.9554E+01  0.2457E+02
  -0.073  0.9238E+01  0.2466E+02
  -0.063  0.8970E+01  0.2476E+02
  -0.053  0.8645E+01  0.2484E+02
  -0.043  0.8364E+01  0.2493E+02
  -0.033  0.8111E+01  0.2501E+02
  -0.023  0.7507E+01  0.2509E+02
  -0.013  0.7356E+01  0.2516E+02
  -0.003  0.7408E+01  0.2524E+02
   0.007  0.7259E+01  0.2531E+02
   0.017  0.7196E+01  0.2538E+02
   0.027  0.6822E+01  0.2545E+02
   0.037  0.6640E+01  0.2552E+02
   0.047  0.6340E+01  0.2559E+02
   0.057  0.5027E+01  0.2565E+02
   0.067  0.3102E+01  0.2569E+02
   0.077  0.1529E+01  0.2571E+02
   0.087  0.1459E+01  0.2572E+02
   0.097  0.1404E+01  0.2574E+02
   0.107  0.1358E+01  0.2575E+02
   0.117  0.1316E+01  0.2576E+02
   0.127  0.1277E+01  0.2578E+02
   0.137  0.1239E+01  0.2579E+02
   0.147  0.1203E+01  0.2580E+02
   0.157  0.1167E+01  0.2581E+02
   0.167  0.1133E+01  0.2582E+02
   0.177  0.1100E+01  0.2584E+02
   0.187  0.1068E+01  0.2585E+02
   0.197  0.1038E+01  0.2586E+02
   0.207  0.1022E+01  0.2587E+02
   0.217  0.1010E+01  0.2588E+02
   0.227  0.9797E+00  0.2589E+02
   0.237  0.9419E+00  0.2590E+02
   0.247  0.9043E+00  0.2591E+02
   0.257  0.9096E+00  0.2592E+02
   0.267  0.9154E+00  0.2592E+02
   0.277  0.7874E+00  0.2593E+02
   0.287  0.6169E+00  0.2594E+02
   0.297  0.5200E+00  0.2595E+02
   0.307  0.4513E+00  0.2595E+02
   0.317  0.3984E+00  0.2595E+02
   0.327  0.3561E+00  0.2596E+02
   0.337  0.3201E+00  0.2596E+02
   0.347  0.2905E+00  0.2596E+02
   0.357  0.2649E+00  0.2597E+02
   0.367  0.2428E+00  0.2597E+02
   0.377  0.2234E+00  0.2597E+02
   0.387  0.2062E+00  0.2597E+02
   0.397  0.1909E+00  0.2598E+02
   0.407  0.1765E+00  0.2598E+02
   0.417  0.1638E+00  0.2598E+02
   0.427  0.1529E+00  0.2598E+02
   0.437  0.1433E+00  0.2598E+02
   0.447  0.1338E+00  0.2598E+02
   0.457  0.1244E+00  0.2599E+02
   0.467  0.1157E+00  0.2599E+02
   0.477  0.1082E+00  0.2599E+02
   0.487  0.1017E+00  0.2599E+02
   0.497  0.9559E-01  0.2599E+02
   0.507  0.8959E-01  0.2599E+02
   0.517  0.8365E-01  0.2599E+02
   0.527  0.7783E-01  0.2599E+02
   0.537  0.7244E-01  0.2599E+02
   0.547  0.6758E-01  0.2599E+02
   0.557  0.6314E-01  0.2599E+02
   0.567  0.5884E-01  0.2600E+02
   0.577  0.5470E-01  0.2600E+02
   0.587  0.5080E-01  0.2600E+02
   0.597  0.4713E-01  0.2600E+02
   0.607  0.4350E-01  0.2600E+02
   0.617  0.3969E-01  0.2600E+02
   0.627  0.3570E-01  0.2600E+02
   0.637  0.3175E-01  0.2600E+02
   0.647  0.2822E-01  0.2600E+02
   0.657  0.2538E-01  0.2600E+02
   0.667  0.2322E-01  0.2600E+02
   0.677  0.2011E-01  0.2600E+02
   0.687  0.1510E-01  0.2600E+02
   0.697  0.8407E-02  0.2600E+02
   0.707  0.3156E-02  0.2600E+02
   0.717  0.4269E-03  0.2600E+02
   0.727  0.0000E+00  0.2600E+02
   0.737  0.0000E+00  0.2600E+02
   0.747  0.0000E+00  0.2600E+02
   0.757  0.0000E+00  0.2600E+02
   0.767  0.0000E+00  0.2600E+02
   0.777  0.0000E+00  0.2600E+02
   0.787  0.0000E+00  0.2600E+02
   0.797  0.0000E+00  0.2600E+02
   0.807  0.0000E+00  0.2600E+02
   0.817  0.0000E+00  0.2600E+02
   0.827  0.0000E+00  0.2600E+02
   0.837  0.0000E+00  0.2600E+02
   0.847  0.0000E+00  0.2600E+02
   0.857  0.0000E+00  0.2600E+02
   0.867  0.0000E+00  0.2600E+02
   0.877  0.0000E+00  0.2600E+02
   0.887  0.0000E+00  0.2600E+02
   0.897  0.0000E+00  0.2600E+02
   0.907  0.0000E+00  0.2600E+02
   0.917  0.0000E+00  0.2600E+02
   0.927  0.0000E+00  0.2600E+02
   0.937  0.0000E+00  0.2600E+02
   0.947  0.0000E+00  0.2600E+02
   0.957  0.0000E+00  0.2600E+02
   0.967  0.0000E+00  0.2600E+02
   0.977  0.0000E+00  0.2600E+02
   0.987  0.0000E+00  0.2600E+02
   0.997  0.0000E+00  0.2600E+02
   1.007  0.0000E+00  0.2600E+02
   1.017  0.0000E+00  0.2600E+02
   1.027  0.0000E+00  0.2600E+02
   1.037  0.0000E+00  0.2600E+02
   1.047  0.0000E+00  0.2600E+02
   1.057  0.0000E+00  0.2600E+02
   1.067  0.0000E+00  0.2600E+02
   1.077  0.0000E+00  0.2600E+02
   1.087  0.0000E+00  0.2600E+02
   1.097  0.0000E+00  0.2600E+02
   1.107  0.0000E+00  0.2600E+02
   1.117  0.0000E+00  0.2600E+02
   1.127  0.0000E+00  0.2600E+02
   1.137  0.0000E+00  0.2600E+02
   1.147  0.0000E+00  0.2600E+02
   1.157  0.0000E+00  0.2600E+02
   1.167  0.0000E+00  0.2600E+02
   1.177  0.0000E+00  0.2600E+02
   1.187  0.0000E+00  0.2600E+02
   1.197  0.0000E+00  0.2600E+02
   1.207  0.0000E+00  0.2600E+02
   1.217  0.0000E+00  0.2600E+02
   1.227  0.0000E+00  0.2600E+02
   1.237  0.0000E+00  0.2600E+02
   1.247  0.0000E+00  0.2600E+02
   1.257  0.0000E+00  0.2600E+02
   1.267  0.0000E+00  0.2600E+02
   1.277  0.0000E+00  0.2600E+02
   1.287  0.0000E+00  0.2600E+02
   1.297  0.0000E+00  0.2600E+02
   1.307  0.0000E+00  0.2600E+02
   1.317  0.0000E+00  0.2600E+02
   1.327  0.0000E+00  0.2600E+02
   1.337  0.0000E+00  0.2600E+02
   1.347  0.0000E+00  0.2600E+02
   1.357  0.0000E+00  0.2600E+02
   1.367  0.0000E+00  0.2600E+02
   1.377  0.0000E+00  0.2600E+02
   1.387  0.0000E+00  0.2600E+02
   1.397  0.0000E+00  0.2600E+02
   1.407  0.0000E+00  0.2600E+02
   1.417  0.0000E+00  0.2600E+02
   1.427  0.0000E+00  0.2600E+02
   1.437  0.0000E+00  0.2600E+02
   1.447  0.0000E+00  0.2600E+02
   1.457  0.0000E+00  0.2600E+02
   1.467  0.0000E+00  0.2600E+02
   1.477  0.0000E+00  0.2600E+02
   1.487  0.0000E+00  0.2600E+02
   1.497  0.0000E+00  0.2600E+02
   1.507  0.0000E+00  0.2600E+02
   1.517  0.0000E+00  0.2600E+02
   1.527  0.0000E+00  0.2600E+02
   1.537  0.0000E+00  0.2600E+02
   1.547  0.0000E+00  0.2600E+02
   1.557  0.0000E+00  0.2600E+02
   1.567  0.0000E+00  0.2600E+02
   1.577  0.0000E+00  0.2600E+02
   1.587  0.0000E+00  0.2600E+02
   1.597  0.0000E+00  0.2600E+02
   1.607  0.0000E+00  0.2600E+02
   1.617  0.0000E+00  0.2600E+02
   1.627  0.0000E+00  0.2600E+02
   1.637  0.0000E+00  0.2600E+02
   1.647  0.0000E+00  0.2600E+02
   1.657  0.0000E+00  0.2600E+02
   1.667  0.0000E+00  0.2600E+02
   1.677  0.0000E+00  0.2600E+02
   1.687  0.0000E+00  0.2600E+02
   1.697  0.0000E+00  0.2600E+02
   1.707  0.0000E+00  0.2600E+02
   1.717  0.0000E+00  0.2600E+02
   1.727  0.0000E+00  0.2600E+02
   1.737  0.0000E+00  0.2600E+02
   1.747  0.0000E+00  0.2600E+02
   1.757  0.0000E+00  0.2600E+02
   1.767  0.0000E+00  0.2600E+02
   1.777  0.0000E+00  0.2600E+02
   1.787  0.0000E+00  0.2600E+02
   1.797  0.0000E+00  0.2600E+02
   1.807  0.0000E+00  0.2600E+02
   1.817  0.0000E+00  0.2600E+02
   1.827  0.0000E+00  0.2600E+02
   1.837  0.0000E+00  0.2600E+02
   1.847  0.0000E+00  0.2600E+02
   1.857  0.0000E+00  0.2600E+02
   1.867  0.0000E+00  0.2600E+02
   1.877  0.0000E+00  0.2600E+02
   1.887  0.0000E+00  0.2600E+02
   1.897  0.0000E+00  0.2600E+02
   1.907  0.0000E+00  0.2600E+02
   1.917  0.0000E+00  0.2600E+02
   1.927  0.0000E+00  0.2600E+02
   1.937  0.0000E+00  0.2600E+02
   1.947  0.0000E+00  0.2600E+02
   1.957  0.0000E+00  0.2600E+02
   1.967  0.0000E+00  0.2600E+02
   1.977  0.0000E+00  0.2600E+02
   1.987  0.0000E+00  0.2600E+02
   1.997  0.0000E+00  0.2600E+02
   2.007  0.0000E+00  0.2600E+02
   2.017  0.0000E+00  0.2600E+02
   2.027  0.0000E+00  0.2600E+02
   2.037  0.2490E-01  0.2600E+02
   2.047  0.6732E-01  0.2600E+02
   2.057  0.1062E+00  0.2600E+02
   2.067  0.1386E+00  0.2600E+02
   2.077  0.1804E+00  0.2600E+02
   2.087  0.2200E+00  0.2601E+02
   2.097  0.2755E+00  0.2601E+02
   2.107  0.3273E+00  0.2601E+02
   2.117  0.3491E+00  0.2602E+02
   2.127  0.3573E+00  0.2602E+02
   2.137  0.3810E+00  0.2602E+02
   2.147  0.4017E+00  0.2603E+02
   2.157  0.4243E+00  0.2603E+02
   2.167  0.4494E+00  0.2603E+02
   2.177  0.4736E+00  0.2604E+02
   2.187  0.4990E+00  0.2604E+02
   2.197  0.5261E+00  0.2605E+02
   2.207  0.5540E+00  0.2605E+02
   2.217  0.5818E+00  0.2606E+02
   2.227  0.6107E+00  0.2607E+02
   2.237  0.6410E+00  0.2607E+02
   2.247  0.6725E+00  0.2608E+02
   2.257  0.7082E+00  0.2609E+02
   2.267  0.7453E+00  0.2609E+02
   2.277  0.7951E+00  0.2610E+02
   2.287  0.8336E+00  0.2611E+02
   2.297  0.8625E+00  0.2612E+02
   2.307  0.8901E+00  0.2613E+02
   2.317  0.9237E+00  0.2614E+02
   2.327  0.9585E+00  0.2615E+02
   2.337  0.9964E+00  0.2615E+02
   2.347  0.1037E+01  0.2617E+02
   2.357  0.1079E+01  0.2618E+02
   2.367  0.1123E+01  0.2619E+02
   2.377  0.1172E+01  0.2620E+02
   2.387  0.1225E+01  0.2621E+02
   2.397  0.1279E+01  0.2622E+02
   2.407  0.1341E+01  0.2624E+02
   2.417  0.1408E+01  0.2625E+02
   2.427  0.1480E+01  0.2626E+02
   2.437  0.1569E+01  0.2628E+02
   2.447  0.1670E+01  0.2630E+02
   2.457  0.1810E+01  0.2631E+02
   2.467  0.1965E+01  0.2633E+02
   2.477  0.2084E+01  0.2635E+02
   2.487  0.2158E+01  0.2637E+02
   2.497  0.2215E+01  0.2640E+02
   2.507  0.2273E+01  0.2642E+02
   2.517  0.2186E+01  0.2644E+02
   2.527  0.2159E+01  0.2646E+02
   2.537  0.2177E+01  0.2648E+02
   2.547  0.2189E+01  0.2651E+02
   2.557  0.2191E+01  0.2653E+02
   2.567  0.2200E+01  0.2655E+02
   2.577  0.2215E+01  0.2657E+02
   2.587  0.2229E+01  0.2659E+02
   2.597  0.2244E+01  0.2662E+02
   2.607  0.2256E+01  0.2664E+02
   2.617  0.2269E+01  0.2666E+02
   2.627  0.2280E+01  0.2668E+02
   2.637  0.2294E+01  0.2671E+02
   2.647  0.2312E+01  0.2673E+02
   2.657  0.2297E+01  0.2675E+02
   2.667  0.2279E+01  0.2678E+02
   2.677  0.2264E+01  0.2680E+02
   2.687  0.2274E+01  0.2682E+02
   2.697  0.2285E+01  0.2684E+02
   2.707  0.2295E+01  0.2687E+02
   2.717  0.2307E+01  0.2689E+02
   2.727  0.2320E+01  0.2691E+02
   2.737  0.2330E+01  0.2694E+02
   2.747  0.2345E+01  0.2696E+02
   2.757  0.2356E+01  0.2698E+02
   2.767  0.2371E+01  0.2701E+02
   2.777  0.2385E+01  0.2703E+02
   2.787  0.2394E+01  0.2705E+02
   2.797  0.2301E+01  0.2708E+02
   2.807  0.2207E+01  0.2710E+02
   2.817  0.2129E+01  0.2712E+02
   2.827  0.2040E+01  0.2714E+02
   2.837  0.2011E+01  0.2716E+02
   2.847  0.1980E+01  0.2718E+02
   2.857  0.1967E+01  0.2720E+02
   2.867  0.1924E+01  0.2722E+02
   2.877  0.1882E+01  0.2724E+02
   2.887  0.1833E+01  0.2726E+02
   2.897  0.1798E+01  0.2728E+02
   2.907  0.1775E+01  0.2730E+02
   2.917  0.1752E+01  0.2731E+02
   2.927  0.1727E+01  0.2733E+02
   2.937  0.1703E+01  0.2735E+02
   2.947  0.1679E+01  0.2736E+02
   2.957  0.1668E+01  0.2738E+02
   2.967  0.1658E+01  0.2740E+02
   2.977  0.1649E+01  0.2741E+02
   2.987  0.1640E+01  0.2743E+02
   2.997  0.1631E+01  0.2745E+02
   3.007  0.1622E+01  0.2746E+02
   3.017  0.1614E+01  0.2748E+02
   3.027  0.1605E+01  0.2750E+02
   3.037  0.1596E+01  0.2751E+02
   3.047  0.1587E+01  0.2753E+02
   3.057  0.1578E+01  0.2754E+02
   3.067  0.1569E+01  0.2756E+02
   3.077  0.1560E+01  0.2757E+02
   3.087  0.1550E+01  0.2759E+02
   3.097  0.1539E+01  0.2761E+02
   3.107  0.1534E+01  0.2762E+02
   3.117  0.1533E+01  0.2764E+02
   3.127  0.1536E+01  0.2765E+02
   3.137  0.1533E+01  0.2767E+02
   3.147  0.1526E+01  0.2768E+02
   3.157  0.1505E+01  0.2770E+02
   3.167  0.1491E+01  0.2771E+02
   3.177  0.1480E+01  0.2773E+02
   3.187  0.1471E+01  0.2774E+02
   3.197  0.1462E+01  0.2776E+02
   3.207  0.1454E+01  0.2777E+02
   3.217  0.1447E+01  0.2779E+02
   3.227  0.1443E+01  0.2780E+02
   3.237  0.1440E+01  0.2781E+02
   3.247  0.1436E+01  0.2783E+02
   3.257  0.1432E+01  0.2784E+02
   3.267  0.1427E+01  0.2786E+02
   3.277  0.1422E+01  0.2787E+02
   3.287  0.1418E+01  0.2789E+02
   3.297  0.1413E+01  0.2790E+02
   3.307  0.1409E+01  0.2791E+02
   3.317  0.1405E+01  0.2793E+02
   3.327  0.1401E+01  0.2794E+02
   3.337  0.1396E+01  0.2796E+02
   3.347  0.1392E+01  0.2797E+02
   3.357  0.1388E+01  0.2798E+02
   3.367  0.1383E+01  0.2800E+02
   3.377  0.1380E+01  0.2801E+02
   3.387  0.1379E+01  0.2803E+02
   3.397  0.1379E+01  0.2804E+02
   3.407  0.1381E+01  0.2805E+02
   3.417  0.1389E+01  0.2807E+02
   3.427  0.1390E+01  0.2808E+02
   3.437  0.1380E+01  0.2810E+02
   3.447  0.1369E+01  0.2811E+02
   3.457  0.1358E+01  0.2812E+02
   3.467  0.1362E+01  0.2814E+02
   3.477  0.1368E+01  0.2815E+02
   3.487  0.1373E+01  0.2816E+02
   3.497  0.1377E+01  0.2818E+02
   3.507  0.1365E+01  0.2819E+02
   3.517  0.1357E+01  0.2820E+02
   3.527  0.1351E+01  0.2822E+02
   3.537  0.1344E+01  0.2823E+02
   3.547  0.1339E+01  0.2825E+02
   3.557  0.1335E+01  0.2826E+02
   3.567  0.1330E+01  0.2827E+02
   3.577  0.1328E+01  0.2829E+02
   3.587  0.1327E+01  0.2830E+02
   3.597  0.1325E+01  0.2831E+02
   3.607  0.1324E+01  0.2832E+02
   3.617  0.1322E+01  0.2834E+02
   3.627  0.1320E+01  0.2835E+02
   3.637  0.1318E+01  0.2836E+02
   3.647  0.1316E+01  0.2838E+02
   3.657  0.1316E+01  0.2839E+02
   3.667  0.1315E+01  0.2840E+02
   3.677  0.1314E+01  0.2842E+02
   3.687  0.1313E+01  0.2843E+02
   3.697  0.1314E+01  0.2844E+02
   3.707  0.1315E+01  0.2846E+02
   3.717  0.1317E+01  0.2847E+02
   3.727  0.1321E+01  0.2848E+02
   3.737  0.1332E+01  0.2850E+02
   3.747  0.1333E+01  0.2851E+02
   3.757  0.1325E+01  0.2852E+02
   3.767  0.1315E+01  0.2854E+02
   3.777  0.1302E+01  0.2855E+02
   3.787  0.1283E+01  0.2856E+02
   3.797  0.1302E+01  0.2857E+02
   3.807  0.1315E+01  0.2859E+02
   3.817  0.1324E+01  0.2860E+02
   3.827  0.1330E+01  0.2861E+02
   3.837  0.1336E+01  0.2863E+02
   3.847  0.1324E+01  0.2864E+02
   3.857  0.1315E+01  0.2865E+02
   3.867  0.1310E+01  0.2867E+02
   3.877  0.1308E+01  0.2868E+02
   3.887  0.1306E+01  0.2869E+02
   3.897  0.1303E+01  0.2871E+02
   3.907  0.1328E+01  0.2872E+02
   3.917  0.1353E+01  0.2873E+02
   3.927  0.1360E+01  0.2875E+02
   3.937  0.1379E+01  0.2876E+02
   3.947  0.1393E+01  0.2877E+02
   3.957  0.1399E+01  0.2879E+02
   3.967  0.1410E+01  0.2880E+02
   3.977  0.1421E+01  0.2882E+02
   3.987  0.1433E+01  0.2883E+02
   3.997  0.1444E+01  0.2885E+02
   4.007  0.1450E+01  0.2886E+02
   4.017  0.1458E+01  0.2887E+02
   4.027  0.1467E+01  0.2889E+02
   4.037  0.1477E+01  0.2890E+02
   4.047  0.1490E+01  0.2892E+02
   4.057  0.1504E+01  0.2893E+02
   4.067  0.1526E+01  0.2895E+02
   4.077  0.1532E+01  0.2896E+02
   4.087  0.1532E+01  0.2898E+02
   4.097  0.1531E+01  0.2899E+02
   4.107  0.1529E+01  0.2901E+02
   4.117  0.1519E+01  0.2902E+02
   4.127  0.1538E+01  0.2904E+02
   4.137  0.1564E+01  0.2906E+02
   4.147  0.1583E+01  0.2907E+02
   4.157  0.1600E+01  0.2909E+02
   4.167  0.1614E+01  0.2910E+02
   4.177  0.1632E+01  0.2912E+02
   4.187  0.1632E+01  0.2914E+02
   4.197  0.1632E+01  0.2915E+02
   4.207  0.1640E+01  0.2917E+02
   4.217  0.1650E+01  0.2918E+02
   4.227  0.1666E+01  0.2920E+02
   4.237  0.1681E+01  0.2922E+02
   4.247  0.1704E+01  0.2924E+02
   4.257  0.1724E+01  0.2925E+02
   4.267  0.1732E+01  0.2927E+02
   4.277  0.1739E+01  0.2929E+02
   4.287  0.1747E+01  0.2930E+02
   4.297  0.1761E+01  0.2932E+02
   4.307  0.1774E+01  0.2934E+02
   4.317  0.1788E+01  0.2936E+02
   4.327  0.1806E+01  0.2938E+02
   4.337  0.1825E+01  0.2939E+02
   4.347  0.1845E+01  0.2941E+02
   4.357  0.1867E+01  0.2943E+02
   4.367  0.1895E+01  0.2945E+02
   4.377  0.1900E+01  0.2947E+02
   4.387  0.1916E+01  0.2949E+02
   4.397  0.1943E+01  0.2951E+02
   4.407  0.1951E+01  0.2953E+02
   4.417  0.2004E+01  0.2955E+02
   4.427  0.2116E+01  0.2957E+02
   4.437  0.2268E+01  0.2959E+02
   4.447  0.2375E+01  0.2961E+02
   4.457  0.1768E+01  0.2963E+02
   4.467  0.1675E+01  0.2965E+02
   4.477  0.1583E+01  0.2966E+02
   4.487  0.1495E+01  0.2968E+02
   4.497  0.1427E+01  0.2969E+02
   4.507  0.1382E+01  0.2971E+02
   4.517  0.1381E+01  0.2972E+02
   4.527  0.1386E+01  0.2974E+02
   4.537  0.1358E+01  0.2975E+02
   4.547  0.1466E+01  0.2976E+02
   4.557  0.1630E+01  0.2978E+02
   4.567  0.2240E+01  0.2980E+02
   4.577  0.1839E+01  0.2982E+02
   4.587  0.1820E+01  0.2984E+02
   4.597  0.1886E+01  0.2986E+02
   4.607  0.2059E+01  0.2988E+02
   4.617  0.2354E+01  0.2990E+02
   4.627  0.2305E+01  0.2992E+02
   4.637  0.2320E+01  0.2994E+02
   4.647  0.2312E+01  0.2997E+02
   4.657  0.2207E+01  0.2999E+02
   4.667  0.2086E+01  0.3001E+02
   4.677  0.2014E+01  0.3003E+02
   4.687  0.1962E+01  0.3005E+02
   4.697  0.1917E+01  0.3007E+02
   4.707  0.1886E+01  0.3009E+02
   4.717  0.1861E+01  0.3011E+02
   4.727  0.1836E+01  0.3013E+02
   4.737  0.1813E+01  0.3015E+02
   4.747  0.1795E+01  0.3016E+02
   4.757  0.1785E+01  0.3018E+02
   4.767  0.1815E+01  0.3020E+02
   4.777  0.1857E+01  0.3022E+02
   4.787  0.1885E+01  0.3024E+02
   4.797  0.1877E+01  0.3026E+02
   4.807  0.1888E+01  0.3027E+02
   4.817  0.2073E+01  0.3029E+02
   4.827  0.2597E+01  0.3032E+02
   4.837  0.2251E+01  0.3034E+02
   4.847  0.2211E+01  0.3036E+02
   4.857  0.2276E+01  0.3039E+02
   4.867  0.2298E+01  0.3041E+02
   4.877  0.2248E+01  0.3043E+02
   4.887  0.2256E+01  0.3045E+02
   4.897  0.2291E+01  0.3048E+02
   4.907  0.2307E+01  0.3050E+02
   4.917  0.2319E+01  0.3052E+02
   4.927  0.2335E+01  0.3055E+02
   4.937  0.2363E+01  0.3057E+02
   4.947  0.2401E+01  0.3059E+02
   4.957  0.2433E+01  0.3062E+02
   4.967  0.2459E+01  0.3064E+02
   4.977  0.2493E+01  0.3067E+02
   4.987  0.2551E+01  0.3069E+02
   4.997  0.2609E+01  0.3072E+02
   5.007  0.2657E+01  0.3074E+02
   5.017  0.2714E+01  0.3077E+02
   5.027  0.2761E+01  0.3080E+02
   5.037  0.2802E+01  0.3083E+02
   5.047  0.2859E+01  0.3085E+02
   5.057  0.2925E+01  0.3088E+02
   5.067  0.2902E+01  0.3091E+02
   5.077  0.2948E+01  0.3094E+02
   5.087  0.2990E+01  0.3097E+02
   5.097  0.3048E+01  0.3100E+02
   5.107  0.3101E+01  0.3103E+02
   5.117  0.3160E+01  0.3106E+02
   5.127  0.3193E+01  0.3110E+02
   5.137  0.3254E+01  0.3113E+02
   5.147  0.3358E+01  0.3116E+02
   5.157  0.3460E+01  0.3119E+02
   5.167  0.3562E+01  0.3123E+02
   5.177  0.3686E+01  0.3127E+02
   5.187  0.3809E+01  0.3130E+02
   5.197  0.4021E+01  0.3134E+02
   5.207  0.4271E+01  0.3138E+02
   5.217  0.4682E+01  0.3143E+02
   5.227  0.4765E+01  0.3148E+02
   5.237  0.4798E+01  0.3152E+02
   5.247  0.4881E+01  0.3157E+02
   5.257  0.4911E+01  0.3162E+02
   5.267  0.4986E+01  0.3167E+02
   5.277  0.5012E+01  0.3172E+02
   5.287  0.5018E+01  0.3177E+02
   5.297  0.5064E+01  0.3182E+02
   5.307  0.5132E+01  0.3187E+02
   5.317  0.5259E+01  0.3192E+02
   5.327  0.5453E+01  0.3198E+02
   5.337  0.5817E+01  0.3203E+02
   5.347  0.5571E+01  0.3209E+02
   5.357  0.5659E+01  0.3215E+02
   5.367  0.5624E+01  0.3220E+02
   5.377  0.5465E+01  0.3226E+02
   5.387  0.5333E+01  0.3231E+02
   5.397  0.5250E+01  0.3237E+02
   5.407  0.5237E+01  0.3242E+02
   5.417  0.6705E+01  0.3248E+02
   5.427  0.7043E+01  0.3255E+02
   5.437  0.6969E+01  0.3262E+02
   5.447  0.6987E+01  0.3269E+02
   5.457  0.6855E+01  0.3276E+02
   5.467  0.6861E+01  0.3283E+02
   5.477  0.6812E+01  0.3290E+02
   5.487  0.6924E+01  0.3296E+02
   5.497  0.6845E+01  0.3303E+02
   5.507  0.6526E+01  0.3310E+02
   5.517  0.6966E+01  0.3317E+02
   5.527  0.7379E+01  0.3324E+02
   5.537  0.7276E+01  0.3331E+02
   5.547  0.6745E+01  0.3338E+02
   5.557  0.6908E+01  0.3345E+02
   5.567  0.8060E+01  0.3352E+02
   5.577  0.7826E+01  0.3361E+02
   5.587  0.7328E+01  0.3368E+02
   5.597  0.7616E+01  0.3375E+02
   5.607  0.7926E+01  0.3383E+02
   5.617  0.7304E+01  0.3391E+02
   5.627  0.6297E+01  0.3398E+02
   5.637  0.5909E+01  0.3404E+02
   5.647  0.5656E+01  0.3410E+02
   5.657  0.5480E+01  0.3415E+02
   5.667  0.5423E+01  0.3421E+02
   5.677  0.5034E+01  0.3426E+02
   5.687  0.5121E+01  0.3431E+02
   5.697  0.4927E+01  0.3436E+02
   5.707  0.4793E+01  0.3441E+02
   5.717  0.5094E+01  0.3446E+02
   5.727  0.5782E+01  0.3451E+02
   5.737  0.6528E+01  0.3458E+02
   5.747  0.5629E+01  0.3464E+02
   5.757  0.5181E+01  0.3469E+02
   5.767  0.4511E+01  0.3474E+02
   5.777  0.4463E+01  0.3479E+02
   5.787  0.4440E+01  0.3483E+02
   5.797  0.4439E+01  0.3487E+02
   5.807  0.4455E+01  0.3492E+02
   5.817  0.4460E+01  0.3496E+02
   5.827  0.4476E+01  0.3501E+02
   5.837  0.4481E+01  0.3505E+02
   5.847  0.4489E+01  0.3510E+02
   5.857  0.4516E+01  0.3514E+02
   5.867  0.4551E+01  0.3519E+02
   5.877  0.4579E+01  0.3523E+02
   5.887  0.4615E+01  0.3528E+02
   5.897  0.4715E+01  0.3533E+02
   5.907  0.4823E+01  0.3537E+02
   5.917  0.4964E+01  0.3542E+02
   5.927  0.5082E+01  0.3547E+02
   5.937  0.5127E+01  0.3552E+02
   5.947  0.5172E+01  0.3558E+02
   5.957  0.5281E+01  0.3563E+02
   5.967  0.5797E+01  0.3568E+02
   5.977  0.6114E+01  0.3574E+02
   5.987  0.6518E+01  0.3581E+02
   5.997  0.6894E+01  0.3587E+02
   6.007  0.7314E+01  0.3594E+02
   6.017  0.7593E+01  0.3602E+02
   6.027  0.8112E+01  0.3610E+02
   6.037  0.8692E+01  0.3618E+02
   6.047  0.9873E+01  0.3627E+02
   6.057  0.1000E+02  0.3637E+02
   6.067  0.1007E+02  0.3647E+02
   6.077  0.1002E+02  0.3657E+02
   6.087  0.1012E+02  0.3667E+02
   6.097  0.1021E+02  0.3678E+02
   6.107  0.9778E+01  0.3688E+02
   6.117  0.9599E+01  0.3697E+02
   6.127  0.9142E+01  0.3707E+02
   6.137  0.8895E+01  0.3716E+02
   6.147  0.8794E+01  0.3724E+02
   6.157  0.8703E+01  0.3733E+02
   6.167  0.8607E+01  0.3742E+02
   6.177  0.8631E+01  0.3751E+02
   6.187  0.8670E+01  0.3759E+02
   6.197  0.8700E+01  0.3768E+02
   6.207  0.8772E+01  0.3777E+02
   6.217  0.8704E+01  0.3785E+02
   6.227  0.8831E+01  0.3794E+02
   6.237  0.9064E+01  0.3803E+02
   6.247  0.9462E+01  0.3812E+02
   6.257  0.9396E+01  0.3822E+02
   6.267  0.9414E+01  0.3831E+02
   6.277  0.8900E+01  0.3840E+02
   6.287  0.8585E+01  0.3849E+02
   6.297  0.8199E+01  0.3858E+02
   6.307  0.7976E+01  0.3866E+02
   6.317  0.7795E+01  0.3874E+02
   6.327  0.7615E+01  0.3881E+02
   6.337  0.7505E+01  0.3889E+02
   6.347  0.7501E+01  0.3896E+02
   6.357  0.7512E+01  0.3904E+02
   6.367  0.7544E+01  0.3911E+02
   6.377  0.7612E+01  0.3919E+02
   6.387  0.7757E+01  0.3927E+02
   6.397  0.7853E+01  0.3934E+02
   6.407  0.8010E+01  0.3942E+02
   6.417  0.8032E+01  0.3950E+02
   6.427  0.8136E+01  0.3958E+02
   6.437  0.8469E+01  0.3967E+02
   6.447  0.8913E+01  0.3975E+02
   6.457  0.9433E+01  0.3985E+02
   6.467  0.8843E+01  0.3994E+02
   6.477  0.8369E+01  0.4002E+02
   6.487  0.7704E+01  0.4010E+02
   6.497  0.7440E+01  0.4018E+02
   6.507  0.7142E+01  0.4025E+02
   6.517  0.6801E+01  0.4032E+02
   6.527  0.6567E+01  0.4039E+02
   6.537  0.6324E+01  0.4045E+02
   6.547  0.5777E+01  0.4051E+02
   6.557  0.5530E+01  0.4057E+02
   6.567  0.5255E+01  0.4062E+02
   6.577  0.5065E+01  0.4068E+02
   6.587  0.4830E+01  0.4073E+02
   6.597  0.4638E+01  0.4077E+02
