#  E (eV)   dos(E)     Int dos(E) EFermi =    1.612 eV
 -11.423  0.0000E+00  0.0000E+00
 -11.413  0.7410E+00  0.3490E-02
 -11.403  0.1094E+01  0.1220E-01
 -11.393  0.1354E+01  0.2481E-01
 -11.383  0.1633E+01  0.3974E-01
 -11.373  0.1911E+01  0.5751E-01
 -11.363  0.2108E+01  0.7753E-01
 -11.353  0.2326E+01  0.9969E-01
 -11.343  0.2582E+01  0.1242E+00
 -11.333  0.2788E+01  0.1511E+00
 -11.323  0.3008E+01  0.1800E+00
 -11.313  0.3249E+01  0.2113E+00
 -11.303  0.3500E+01  0.2450E+00
 -11.293  0.3765E+01  0.2814E+00
 -11.283  0.4044E+01  0.3204E+00
 -11.273  0.4331E+01  0.3623E+00
 -11.263  0.4717E+01  0.4073E+00
 -11.253  0.5150E+01  0.4566E+00
 -11.243  0.5600E+01  0.5104E+00
 -11.233  0.6798E+01  0.5714E+00
 -11.223  0.7206E+01  0.6433E+00
 -11.213  0.7144E+01  0.7153E+00
 -11.203  0.6959E+01  0.7855E+00
 -11.193  0.6887E+01  0.8549E+00
 -11.183  0.6686E+01  0.9228E+00
 -11.173  0.6569E+01  0.9890E+00
 -11.163  0.6481E+01  0.1054E+01
 -11.153  0.6298E+01  0.1118E+01
 -11.143  0.6156E+01  0.1180E+01
 -11.133  0.6037E+01  0.1241E+01
 -11.123  0.5901E+01  0.1301E+01
 -11.113  0.5737E+01  0.1359E+01
 -11.103  0.5581E+01  0.1416E+01
 -11.093  0.5427E+01  0.1471E+01
 -11.083  0.5268E+01  0.1524E+01
 -11.073  0.5117E+01  0.1576E+01
 -11.063  0.4931E+01  0.1627E+01
 -11.053  0.4718E+01  0.1675E+01
 -11.043  0.4540E+01  0.1721E+01
 -11.033  0.4459E+01  0.1766E+01
 -11.023  0.4035E+01  0.1809E+01
 -11.013  0.3352E+01  0.1846E+01
 -11.003  0.2795E+01  0.1876E+01
 -10.993  0.2431E+01  0.1902E+01
 -10.983  0.2074E+01  0.1925E+01
 -10.973  0.1792E+01  0.1944E+01
 -10.963  0.1515E+01  0.1961E+01
 -10.953  0.1244E+01  0.1974E+01
 -10.943  0.9769E+00  0.1986E+01
 -10.933  0.7004E+00  0.1994E+01
 -10.923  0.3109E+00  0.1999E+01
 -10.913  0.6854E+02  0.2458E+01
 -10.903  0.2920E+02  0.2891E+01
 -10.893  0.2585E+02  0.3173E+01
 -10.883  0.2152E+02  0.3420E+01
 -10.873  0.2030E+02  0.3627E+01
 -10.863  0.1970E+02  0.3826E+01
 -10.853  0.1852E+02  0.4020E+01
 -10.843  0.1801E+02  0.4202E+01
 -10.833  0.1776E+02  0.4380E+01
 -10.823  0.1800E+02  0.4559E+01
 -10.813  0.1742E+02  0.4734E+01
 -10.803  0.1747E+02  0.4909E+01
 -10.793  0.1821E+02  0.5087E+01
 -10.783  0.1764E+02  0.5265E+01
 -10.773  0.1894E+02  0.5446E+01
 -10.763  0.1840E+02  0.5633E+01
 -10.753  0.1915E+02  0.5827E+01
 -10.743  0.1517E+01  0.6000E+01
 -10.733  0.0000E+00  0.6000E+01
 -10.723  0.0000E+00  0.6000E+01
 -10.713  0.0000E+00  0.6000E+01
 -10.703  0.0000E+00  0.6000E+01
 -10.693  0.0000E+00  0.6000E+01
 -10.683  0.0000E+00  0.6000E+01
 -10.673  0.0000E+00  0.6000E+01
 -10.663  0.0000E+00  0.6000E+01
 -10.653  0.0000E+00  0.6000E+01
 -10.643  0.0000E+00  0.6000E+01
 -10.633  0.0000E+00  0.6000E+01
 -10.623  0.0000E+00  0.6000E+01
 -10.613  0.0000E+00  0.6000E+01
 -10.603  0.0000E+00  0.6000E+01
 -10.593  0.0000E+00  0.6000E+01
 -10.583  0.0000E+00  0.6000E+01
 -10.573  0.0000E+00  0.6000E+01
 -10.563  0.0000E+00  0.6000E+01
 -10.553  0.0000E+00  0.6000E+01
 -10.543  0.0000E+00  0.6000E+01
 -10.533  0.0000E+00  0.6000E+01
 -10.523  0.0000E+00  0.6000E+01
 -10.513  0.0000E+00  0.6000E+01
 -10.503  0.0000E+00  0.6000E+01
 -10.493  0.0000E+00  0.6000E+01
 -10.483  0.0000E+00  0.6000E+01
 -10.473  0.0000E+00  0.6000E+01
 -10.463  0.0000E+00  0.6000E+01
 -10.453  0.0000E+00  0.6000E+01
 -10.443  0.0000E+00  0.6000E+01
 -10.433  0.0000E+00  0.6000E+01
 -10.423  0.0000E+00  0.6000E+01
 -10.413  0.0000E+00  0.6000E+01
 -10.403  0.0000E+00  0.6000E+01
 -10.393  0.0000E+00  0.6000E+01
 -10.383  0.0000E+00  0.6000E+01
 -10.373  0.0000E+00  0.6000E+01
 -10.363  0.0000E+00  0.6000E+01
 -10.353  0.0000E+00  0.6000E+01
 -10.343  0.0000E+00  0.6000E+01
 -10.333  0.0000E+00  0.6000E+01
 -10.323  0.0000E+00  0.6000E+01
 -10.313  0.0000E+00  0.6000E+01
 -10.303  0.0000E+00  0.6000E+01
 -10.293  0.0000E+00  0.6000E+01
 -10.283  0.0000E+00  0.6000E+01
 -10.273  0.0000E+00  0.6000E+01
 -10.263  0.0000E+00  0.6000E+01
 -10.253  0.0000E+00  0.6000E+01
 -10.243  0.0000E+00  0.6000E+01
 -10.233  0.0000E+00  0.6000E+01
 -10.223  0.0000E+00  0.6000E+01
 -10.213  0.0000E+00  0.6000E+01
 -10.203  0.0000E+00  0.6000E+01
 -10.193  0.0000E+00  0.6000E+01
 -10.183  0.0000E+00  0.6000E+01
 -10.173  0.0000E+00  0.6000E+01
 -10.163  0.0000E+00  0.6000E+01
 -10.153  0.0000E+00  0.6000E+01
 -10.143  0.0000E+00  0.6000E+01
 -10.133  0.0000E+00  0.6000E+01
 -10.123  0.0000E+00  0.6000E+01
 -10.113  0.0000E+00  0.6000E+01
 -10.103  0.0000E+00  0.6000E+01
 -10.093  0.0000E+00  0.6000E+01
 -10.083  0.0000E+00  0.6000E+01
 -10.073  0.0000E+00  0.6000E+01
 -10.063  0.0000E+00  0.6000E+01
 -10.053  0.0000E+00  0.6000E+01
 -10.043  0.0000E+00  0.6000E+01
 -10.033  0.0000E+00  0.6000E+01
 -10.023  0.0000E+00  0.6000E+01
 -10.013  0.0000E+00  0.6000E+01
 -10.003  0.0000E+00  0.6000E+01
  -9.993  0.0000E+00  0.6000E+01
  -9.983  0.0000E+00  0.6000E+01
  -9.973  0.0000E+00  0.6000E+01
  -9.963  0.0000E+00  0.6000E+01
  -9.953  0.0000E+00  0.6000E+01
  -9.943  0.0000E+00  0.6000E+01
  -9.933  0.0000E+00  0.6000E+01
  -9.923  0.0000E+00  0.6000E+01
  -9.913  0.0000E+00  0.6000E+01
  -9.903  0.0000E+00  0.6000E+01
  -9.893  0.0000E+00  0.6000E+01
  -9.883  0.0000E+00  0.6000E+01
  -9.873  0.0000E+00  0.6000E+01
  -9.863  0.0000E+00  0.6000E+01
  -9.853  0.0000E+00  0.6000E+01
  -9.843  0.0000E+00  0.6000E+01
  -9.833  0.0000E+00  0.6000E+01
  -9.823  0.0000E+00  0.6000E+01
  -9.813  0.0000E+00  0.6000E+01
  -9.803  0.0000E+00  0.6000E+01
  -9.793  0.0000E+00  0.6000E+01
  -9.783  0.0000E+00  0.6000E+01
  -9.773  0.0000E+00  0.6000E+01
  -9.763  0.0000E+00  0.6000E+01
  -9.753  0.0000E+00  0.6000E+01
  -9.743  0.0000E+00  0.6000E+01
  -9.733  0.0000E+00  0.6000E+01
  -9.723  0.0000E+00  0.6000E+01
  -9.713  0.0000E+00  0.6000E+01
  -9.703  0.0000E+00  0.6000E+01
  -9.693  0.0000E+00  0.6000E+01
  -9.683  0.0000E+00  0.6000E+01
  -9.673  0.0000E+00  0.6000E+01
  -9.663  0.0000E+00  0.6000E+01
  -9.653  0.0000E+00  0.6000E+01
  -9.643  0.0000E+00  0.6000E+01
  -9.633  0.0000E+00  0.6000E+01
  -9.623  0.0000E+00  0.6000E+01
  -9.613  0.0000E+00  0.6000E+01
  -9.603  0.0000E+00  0.6000E+01
  -9.593  0.0000E+00  0.6000E+01
  -9.583  0.0000E+00  0.6000E+01
  -9.573  0.0000E+00  0.6000E+01
  -9.563  0.0000E+00  0.6000E+01
  -9.553  0.0000E+00  0.6000E+01
  -9.543  0.0000E+00  0.6000E+01
  -9.533  0.0000E+00  0.6000E+01
  -9.523  0.0000E+00  0.6000E+01
  -9.513  0.0000E+00  0.6000E+01
  -9.503  0.0000E+00  0.6000E+01
  -9.493  0.0000E+00  0.6000E+01
  -9.483  0.0000E+00  0.6000E+01
  -9.473  0.0000E+00  0.6000E+01
  -9.463  0.0000E+00  0.6000E+01
  -9.453  0.0000E+00  0.6000E+01
  -9.443  0.0000E+00  0.6000E+01
  -9.433  0.0000E+00  0.6000E+01
  -9.423  0.0000E+00  0.6000E+01
  -9.413  0.0000E+00  0.6000E+01
  -9.403  0.0000E+00  0.6000E+01
  -9.393  0.0000E+00  0.6000E+01
  -9.383  0.0000E+00  0.6000E+01
  -9.373  0.0000E+00  0.6000E+01
  -9.363  0.0000E+00  0.6000E+01
  -9.353  0.0000E+00  0.6000E+01
  -9.343  0.0000E+00  0.6000E+01
  -9.333  0.0000E+00  0.6000E+01
  -9.323  0.0000E+00  0.6000E+01
  -9.313  0.0000E+00  0.6000E+01
  -9.303  0.0000E+00  0.6000E+01
  -9.293  0.0000E+00  0.6000E+01
  -9.283  0.0000E+00  0.6000E+01
  -9.273  0.0000E+00  0.6000E+01
  -9.263  0.0000E+00  0.6000E+01
  -9.253  0.0000E+00  0.6000E+01
  -9.243  0.0000E+00  0.6000E+01
  -9.233  0.0000E+00  0.6000E+01
  -9.223  0.0000E+00  0.6000E+01
  -9.213  0.0000E+00  0.6000E+01
  -9.203  0.0000E+00  0.6000E+01
  -9.193  0.0000E+00  0.6000E+01
  -9.183  0.0000E+00  0.6000E+01
  -9.173  0.0000E+00  0.6000E+01
  -9.163  0.0000E+00  0.6000E+01
  -9.153  0.0000E+00  0.6000E+01
  -9.143  0.0000E+00  0.6000E+01
  -9.133  0.0000E+00  0.6000E+01
  -9.123  0.0000E+00  0.6000E+01
  -9.113  0.0000E+00  0.6000E+01
  -9.103  0.0000E+00  0.6000E+01
  -9.093  0.0000E+00  0.6000E+01
  -9.083  0.0000E+00  0.6000E+01
  -9.073  0.0000E+00  0.6000E+01
  -9.063  0.0000E+00  0.6000E+01
  -9.053  0.0000E+00  0.6000E+01
  -9.043  0.0000E+00  0.6000E+01
  -9.033  0.0000E+00  0.6000E+01
  -9.023  0.0000E+00  0.6000E+01
  -9.013  0.0000E+00  0.6000E+01
  -9.003  0.0000E+00  0.6000E+01
  -8.993  0.0000E+00  0.6000E+01
  -8.983  0.0000E+00  0.6000E+01
  -8.973  0.0000E+00  0.6000E+01
  -8.963  0.0000E+00  0.6000E+01
  -8.953  0.0000E+00  0.6000E+01
  -8.943  0.0000E+00  0.6000E+01
  -8.933  0.0000E+00  0.6000E+01
  -8.923  0.0000E+00  0.6000E+01
  -8.913  0.0000E+00  0.6000E+01
  -8.903  0.0000E+00  0.6000E+01
  -8.893  0.0000E+00  0.6000E+01
  -8.883  0.0000E+00  0.6000E+01
  -8.873  0.0000E+00  0.6000E+01
  -8.863  0.0000E+00  0.6000E+01
  -8.853  0.0000E+00  0.6000E+01
  -8.843  0.0000E+00  0.6000E+01
  -8.833  0.0000E+00  0.6000E+01
  -8.823  0.0000E+00  0.6000E+01
  -8.813  0.0000E+00  0.6000E+01
  -8.803  0.0000E+00  0.6000E+01
  -8.793  0.0000E+00  0.6000E+01
  -8.783  0.0000E+00  0.6000E+01
  -8.773  0.0000E+00  0.6000E+01
  -8.763  0.0000E+00  0.6000E+01
  -8.753  0.0000E+00  0.6000E+01
  -8.743  0.0000E+00  0.6000E+01
  -8.733  0.0000E+00  0.6000E+01
  -8.723  0.0000E+00  0.6000E+01
  -8.713  0.0000E+00  0.6000E+01
  -8.703  0.0000E+00  0.6000E+01
  -8.693  0.0000E+00  0.6000E+01
  -8.683  0.0000E+00  0.6000E+01
  -8.673  0.0000E+00  0.6000E+01
  -8.663  0.0000E+00  0.6000E+01
  -8.653  0.0000E+00  0.6000E+01
  -8.643  0.0000E+00  0.6000E+01
  -8.633  0.0000E+00  0.6000E+01
  -8.623  0.0000E+00  0.6000E+01
  -8.613  0.0000E+00  0.6000E+01
  -8.603  0.0000E+00  0.6000E+01
  -8.593  0.0000E+00  0.6000E+01
  -8.583  0.0000E+00  0.6000E+01
  -8.573  0.0000E+00  0.6000E+01
  -8.563  0.0000E+00  0.6000E+01
  -8.553  0.0000E+00  0.6000E+01
  -8.543  0.0000E+00  0.6000E+01
  -8.533  0.0000E+00  0.6000E+01
  -8.523  0.0000E+00  0.6000E+01
  -8.513  0.0000E+00  0.6000E+01
  -8.503  0.0000E+00  0.6000E+01
  -8.493  0.0000E+00  0.6000E+01
  -8.483  0.0000E+00  0.6000E+01
  -8.473  0.0000E+00  0.6000E+01
  -8.463  0.0000E+00  0.6000E+01
  -8.453  0.0000E+00  0.6000E+01
  -8.443  0.0000E+00  0.6000E+01
  -8.433  0.0000E+00  0.6000E+01
  -8.423  0.0000E+00  0.6000E+01
  -8.413  0.0000E+00  0.6000E+01
  -8.403  0.0000E+00  0.6000E+01
  -8.393  0.0000E+00  0.6000E+01
  -8.383  0.0000E+00  0.6000E+01
  -8.373  0.0000E+00  0.6000E+01
  -8.363  0.0000E+00  0.6000E+01
  -8.353  0.0000E+00  0.6000E+01
  -8.343  0.0000E+00  0.6000E+01
  -8.333  0.0000E+00  0.6000E+01
  -8.323  0.0000E+00  0.6000E+01
  -8.313  0.0000E+00  0.6000E+01
  -8.303  0.0000E+00  0.6000E+01
  -8.293  0.0000E+00  0.6000E+01
  -8.283  0.0000E+00  0.6000E+01
  -8.273  0.0000E+00  0.6000E+01
  -8.263  0.0000E+00  0.6000E+01
  -8.253  0.0000E+00  0.6000E+01
  -8.243  0.0000E+00  0.6000E+01
  -8.233  0.0000E+00  0.6000E+01
  -8.223  0.0000E+00  0.6000E+01
  -8.213  0.0000E+00  0.6000E+01
  -8.203  0.0000E+00  0.6000E+01
  -8.193  0.0000E+00  0.6000E+01
  -8.183  0.0000E+00  0.6000E+01
  -8.173  0.0000E+00  0.6000E+01
  -8.163  0.0000E+00  0.6000E+01
  -8.153  0.0000E+00  0.6000E+01
  -8.143  0.0000E+00  0.6000E+01
  -8.133  0.0000E+00  0.6000E+01
  -8.123  0.0000E+00  0.6000E+01
  -8.113  0.0000E+00  0.6000E+01
  -8.103  0.0000E+00  0.6000E+01
  -8.093  0.0000E+00  0.6000E+01
  -8.083  0.0000E+00  0.6000E+01
  -8.073  0.0000E+00  0.6000E+01
  -8.063  0.0000E+00  0.6000E+01
  -8.053  0.0000E+00  0.6000E+01
  -8.043  0.0000E+00  0.6000E+01
  -8.033  0.0000E+00  0.6000E+01
  -8.023  0.0000E+00  0.6000E+01
  -8.013  0.0000E+00  0.6000E+01
  -8.003  0.0000E+00  0.6000E+01
  -7.993  0.0000E+00  0.6000E+01
  -7.983  0.0000E+00  0.6000E+01
  -7.973  0.0000E+00  0.6000E+01
  -7.963  0.0000E+00  0.6000E+01
  -7.953  0.0000E+00  0.6000E+01
  -7.943  0.0000E+00  0.6000E+01
  -7.933  0.0000E+00  0.6000E+01
  -7.923  0.0000E+00  0.6000E+01
  -7.913  0.0000E+00  0.6000E+01
  -7.903  0.0000E+00  0.6000E+01
  -7.893  0.0000E+00  0.6000E+01
  -7.883  0.0000E+00  0.6000E+01
  -7.873  0.0000E+00  0.6000E+01
  -7.863  0.0000E+00  0.6000E+01
  -7.853  0.0000E+00  0.6000E+01
  -7.843  0.0000E+00  0.6000E+01
  -7.833  0.0000E+00  0.6000E+01
  -7.823  0.0000E+00  0.6000E+01
  -7.813  0.1271E-03  0.6000E+01
  -7.803  0.4003E-01  0.6000E+01
  -7.793  0.1454E+00  0.6001E+01
  -7.783  0.2171E+00  0.6003E+01
  -7.773  0.2328E+00  0.6005E+01
  -7.763  0.2621E+00  0.6008E+01
  -7.753  0.3086E+00  0.6010E+01
  -7.743  0.3581E+00  0.6014E+01
  -7.733  0.3922E+00  0.6018E+01
  -7.723  0.4066E+00  0.6022E+01
  -7.713  0.4279E+00  0.6026E+01
  -7.703  0.4572E+00  0.6030E+01
  -7.693  0.4866E+00  0.6035E+01
  -7.683  0.5158E+00  0.6040E+01
  -7.673  0.5452E+00  0.6045E+01
  -7.663  0.5771E+00  0.6051E+01
  -7.653  0.6041E+00  0.6057E+01
  -7.643  0.6255E+00  0.6063E+01
  -7.633  0.6500E+00  0.6069E+01
  -7.623  0.6763E+00  0.6076E+01
  -7.613  0.7025E+00  0.6083E+01
  -7.603  0.7284E+00  0.6090E+01
  -7.593  0.7553E+00  0.6097E+01
  -7.583  0.7845E+00  0.6105E+01
  -7.573  0.8146E+00  0.6113E+01
  -7.563  0.8446E+00  0.6121E+01
  -7.553  0.8732E+00  0.6130E+01
  -7.543  0.9020E+00  0.6139E+01
  -7.533  0.9317E+00  0.6148E+01
  -7.523  0.9616E+00  0.6157E+01
  -7.513  0.9923E+00  0.6167E+01
  -7.503  0.1024E+01  0.6177E+01
  -7.493  0.1056E+01  0.6188E+01
  -7.483  0.1089E+01  0.6198E+01
  -7.473  0.1123E+01  0.6209E+01
  -7.463  0.1158E+01  0.6221E+01
  -7.453  0.1200E+01  0.6233E+01
  -7.443  0.1242E+01  0.6245E+01
  -7.433  0.1283E+01  0.6257E+01
  -7.423  0.1326E+01  0.6271E+01
  -7.413  0.1370E+01  0.6284E+01
  -7.403  0.1415E+01  0.6298E+01
  -7.393  0.1460E+01  0.6312E+01
  -7.383  0.1505E+01  0.6327E+01
  -7.373  0.1560E+01  0.6342E+01
  -7.363  0.1636E+01  0.6358E+01
  -7.353  0.1713E+01  0.6375E+01
  -7.343  0.1785E+01  0.6393E+01
  -7.333  0.1861E+01  0.6411E+01
  -7.323  0.1940E+01  0.6430E+01
  -7.313  0.2060E+01  0.6450E+01
  -7.303  0.2301E+01  0.6471E+01
  -7.293  0.2533E+01  0.6496E+01
  -7.283  0.2550E+01  0.6521E+01
  -7.273  0.2492E+01  0.6547E+01
  -7.263  0.2509E+01  0.6571E+01
  -7.253  0.2535E+01  0.6597E+01
  -7.243  0.2526E+01  0.6622E+01
  -7.233  0.2486E+01  0.6647E+01
  -7.223  0.2463E+01  0.6672E+01
  -7.213  0.2463E+01  0.6696E+01
  -7.203  0.2464E+01  0.6721E+01
  -7.193  0.2463E+01  0.6746E+01
  -7.183  0.2462E+01  0.6770E+01
  -7.173  0.2454E+01  0.6795E+01
  -7.163  0.2434E+01  0.6819E+01
  -7.153  0.2416E+01  0.6844E+01
  -7.143  0.2409E+01  0.6868E+01
  -7.133  0.2403E+01  0.6892E+01
  -7.123  0.2397E+01  0.6916E+01
  -7.113  0.2391E+01  0.6940E+01
  -7.103  0.2386E+01  0.6964E+01
  -7.093  0.2382E+01  0.6987E+01
  -7.083  0.2375E+01  0.7011E+01
  -7.073  0.2364E+01  0.7035E+01
  -7.063  0.2352E+01  0.7059E+01
  -7.053  0.2343E+01  0.7082E+01
  -7.043  0.2335E+01  0.7105E+01
  -7.033  0.2328E+01  0.7129E+01
  -7.023  0.2320E+01  0.7152E+01
  -7.013  0.2313E+01  0.7175E+01
  -7.003  0.2305E+01  0.7198E+01
  -6.993  0.2297E+01  0.7221E+01
  -6.983  0.2293E+01  0.7244E+01
  -6.973  0.2291E+01  0.7267E+01
  -6.963  0.2285E+01  0.7290E+01
  -6.953  0.2276E+01  0.7313E+01
  -6.943  0.2266E+01  0.7335E+01
  -6.933  0.2256E+01  0.7358E+01
  -6.923  0.2243E+01  0.7381E+01
  -6.913  0.2230E+01  0.7403E+01
  -6.903  0.2220E+01  0.7425E+01
  -6.893  0.2228E+01  0.7447E+01
  -6.883  0.2244E+01  0.7470E+01
  -6.873  0.2238E+01  0.7492E+01
  -6.863  0.2214E+01  0.7514E+01
  -6.853  0.2186E+01  0.7536E+01
  -6.843  0.2161E+01  0.7558E+01
  -6.833  0.2184E+01  0.7580E+01
  -6.823  0.2232E+01  0.7602E+01
  -6.813  0.2150E+01  0.7624E+01
  -6.803  0.1932E+01  0.7644E+01
  -6.793  0.1747E+01  0.7663E+01
  -6.783  0.1650E+01  0.7680E+01
  -6.773  0.1563E+01  0.7696E+01
  -6.763  0.1470E+01  0.7711E+01
  -6.753  0.1387E+01  0.7725E+01
  -6.743  0.1324E+01  0.7739E+01
  -6.733  0.1273E+01  0.7752E+01
  -6.723  0.1224E+01  0.7764E+01
  -6.713  0.1176E+01  0.7776E+01
  -6.703  0.1128E+01  0.7788E+01
  -6.693  0.1078E+01  0.7799E+01
  -6.683  0.1030E+01  0.7809E+01
  -6.673  0.9896E+00  0.7819E+01
  -6.663  0.9544E+00  0.7829E+01
  -6.653  0.9204E+00  0.7839E+01
  -6.643  0.8873E+00  0.7848E+01
  -6.633  0.8548E+00  0.7856E+01
  -6.623  0.8230E+00  0.7865E+01
  -6.613  0.7914E+00  0.7873E+01
  -6.603  0.7596E+00  0.7880E+01
  -6.593  0.7285E+00  0.7888E+01
  -6.583  0.6996E+00  0.7895E+01
  -6.573  0.6730E+00  0.7902E+01
  -6.563  0.6475E+00  0.7909E+01
  -6.553  0.6228E+00  0.7915E+01
  -6.543  0.5984E+00  0.7921E+01
  -6.533  0.5743E+00  0.7927E+01
  -6.523  0.5505E+00  0.7932E+01
  -6.513  0.5275E+00  0.7938E+01
  -6.503  0.5053E+00  0.7943E+01
  -6.493  0.4833E+00  0.7948E+01
  -6.483  0.4609E+00  0.7953E+01
  -6.473  0.4383E+00  0.7957E+01
  -6.463  0.4162E+00  0.7961E+01
  -6.453  0.3942E+00  0.7966E+01
  -6.443  0.3725E+00  0.7969E+01
  -6.433  0.3510E+00  0.7973E+01
  -6.423  0.3316E+00  0.7976E+01
  -6.413  0.3162E+00  0.7980E+01
  -6.403  0.3018E+00  0.7983E+01
  -6.393  0.2802E+00  0.7986E+01
  -6.383  0.2516E+00  0.7988E+01
  -6.373  0.2227E+00  0.7991E+01
  -6.363  0.1966E+00  0.7993E+01
  -6.353  0.1786E+00  0.7995E+01
  -6.343  0.1688E+00  0.7996E+01
  -6.333  0.1445E+00  0.7998E+01
  -6.323  0.9511E-01  0.7999E+01
  -6.313  0.3714E-01  0.8000E+01
  -6.303  0.5660E-02  0.8000E+01
  -6.293  0.0000E+00  0.8000E+01
  -6.283  0.0000E+00  0.8000E+01
  -6.273  0.0000E+00  0.8000E+01
  -6.263  0.0000E+00  0.8000E+01
  -6.253  0.0000E+00  0.8000E+01
  -6.243  0.0000E+00  0.8000E+01
  -6.233  0.0000E+00  0.8000E+01
  -6.223  0.0000E+00  0.8000E+01
  -6.213  0.0000E+00  0.8000E+01
  -6.203  0.0000E+00  0.8000E+01
  -6.193  0.0000E+00  0.8000E+01
  -6.183  0.0000E+00  0.8000E+01
  -6.173  0.0000E+00  0.8000E+01
  -6.163  0.0000E+00  0.8000E+01
  -6.153  0.0000E+00  0.8000E+01
  -6.143  0.0000E+00  0.8000E+01
  -6.133  0.0000E+00  0.8000E+01
  -6.123  0.0000E+00  0.8000E+01
  -6.113  0.0000E+00  0.8000E+01
  -6.103  0.0000E+00  0.8000E+01
  -6.093  0.0000E+00  0.8000E+01
  -6.083  0.0000E+00  0.8000E+01
  -6.073  0.0000E+00  0.8000E+01
  -6.063  0.0000E+00  0.8000E+01
  -6.053  0.0000E+00  0.8000E+01
  -6.043  0.0000E+00  0.8000E+01
  -6.033  0.0000E+00  0.8000E+01
  -6.023  0.0000E+00  0.8000E+01
  -6.013  0.0000E+00  0.8000E+01
  -6.003  0.0000E+00  0.8000E+01
  -5.993  0.0000E+00  0.8000E+01
  -5.983  0.0000E+00  0.8000E+01
  -5.973  0.0000E+00  0.8000E+01
  -5.963  0.0000E+00  0.8000E+01
  -5.953  0.0000E+00  0.8000E+01
  -5.943  0.0000E+00  0.8000E+01
  -5.933  0.0000E+00  0.8000E+01
  -5.923  0.0000E+00  0.8000E+01
  -5.913  0.0000E+00  0.8000E+01
  -5.903  0.0000E+00  0.8000E+01
  -5.893  0.0000E+00  0.8000E+01
  -5.883  0.0000E+00  0.8000E+01
  -5.873  0.0000E+00  0.8000E+01
  -5.863  0.0000E+00  0.8000E+01
  -5.853  0.0000E+00  0.8000E+01
  -5.843  0.0000E+00  0.8000E+01
  -5.833  0.0000E+00  0.8000E+01
  -5.823  0.0000E+00  0.8000E+01
  -5.813  0.0000E+00  0.8000E+01
  -5.803  0.0000E+00  0.8000E+01
  -5.793  0.0000E+00  0.8000E+01
  -5.783  0.0000E+00  0.8000E+01
  -5.773  0.0000E+00  0.8000E+01
  -5.763  0.0000E+00  0.8000E+01
  -5.753  0.0000E+00  0.8000E+01
  -5.743  0.0000E+00  0.8000E+01
  -5.733  0.0000E+00  0.8000E+01
  -5.723  0.0000E+00  0.8000E+01
  -5.713  0.0000E+00  0.8000E+01
  -5.703  0.0000E+00  0.8000E+01
  -5.693  0.0000E+00  0.8000E+01
  -5.683  0.0000E+00  0.8000E+01
  -5.673  0.0000E+00  0.8000E+01
  -5.663  0.0000E+00  0.8000E+01
  -5.653  0.0000E+00  0.8000E+01
  -5.643  0.0000E+00  0.8000E+01
  -5.633  0.0000E+00  0.8000E+01
  -5.623  0.0000E+00  0.8000E+01
  -5.613  0.0000E+00  0.8000E+01
  -5.603  0.0000E+00  0.8000E+01
  -5.593  0.0000E+00  0.8000E+01
  -5.583  0.0000E+00  0.8000E+01
  -5.573  0.0000E+00  0.8000E+01
  -5.563  0.0000E+00  0.8000E+01
  -5.553  0.0000E+00  0.8000E+01
  -5.543  0.0000E+00  0.8000E+01
  -5.533  0.0000E+00  0.8000E+01
  -5.523  0.0000E+00  0.8000E+01
  -5.513  0.0000E+00  0.8000E+01
  -5.503  0.0000E+00  0.8000E+01
  -5.493  0.0000E+00  0.8000E+01
  -5.483  0.0000E+00  0.8000E+01
  -5.473  0.0000E+00  0.8000E+01
  -5.463  0.0000E+00  0.8000E+01
  -5.453  0.0000E+00  0.8000E+01
  -5.443  0.0000E+00  0.8000E+01
  -5.433  0.0000E+00  0.8000E+01
  -5.423  0.0000E+00  0.8000E+01
  -5.413  0.0000E+00  0.8000E+01
  -5.403  0.0000E+00  0.8000E+01
  -5.393  0.0000E+00  0.8000E+01
  -5.383  0.0000E+00  0.8000E+01
  -5.373  0.0000E+00  0.8000E+01
  -5.363  0.0000E+00  0.8000E+01
  -5.353  0.0000E+00  0.8000E+01
  -5.343  0.0000E+00  0.8000E+01
  -5.333  0.0000E+00  0.8000E+01
  -5.323  0.0000E+00  0.8000E+01
  -5.313  0.0000E+00  0.8000E+01
  -5.303  0.0000E+00  0.8000E+01
  -5.293  0.0000E+00  0.8000E+01
  -5.283  0.0000E+00  0.8000E+01
  -5.273  0.0000E+00  0.8000E+01
  -5.263  0.0000E+00  0.8000E+01
  -5.253  0.0000E+00  0.8000E+01
  -5.243  0.0000E+00  0.8000E+01
  -5.233  0.0000E+00  0.8000E+01
  -5.223  0.0000E+00  0.8000E+01
  -5.213  0.0000E+00  0.8000E+01
  -5.203  0.0000E+00  0.8000E+01
  -5.193  0.0000E+00  0.8000E+01
  -5.183  0.0000E+00  0.8000E+01
  -5.173  0.0000E+00  0.8000E+01
  -5.163  0.0000E+00  0.8000E+01
  -5.153  0.0000E+00  0.8000E+01
  -5.143  0.0000E+00  0.8000E+01
  -5.133  0.0000E+00  0.8000E+01
  -5.123  0.0000E+00  0.8000E+01
  -5.113  0.0000E+00  0.8000E+01
  -5.103  0.0000E+00  0.8000E+01
  -5.093  0.0000E+00  0.8000E+01
  -5.083  0.0000E+00  0.8000E+01
  -5.073  0.0000E+00  0.8000E+01
  -5.063  0.0000E+00  0.8000E+01
  -5.053  0.0000E+00  0.8000E+01
  -5.043  0.0000E+00  0.8000E+01
  -5.033  0.0000E+00  0.8000E+01
  -5.023  0.0000E+00  0.8000E+01
  -5.013  0.0000E+00  0.8000E+01
  -5.003  0.0000E+00  0.8000E+01
  -4.993  0.0000E+00  0.8000E+01
  -4.983  0.0000E+00  0.8000E+01
  -4.973  0.0000E+00  0.8000E+01
  -4.963  0.0000E+00  0.8000E+01
  -4.953  0.0000E+00  0.8000E+01
  -4.943  0.0000E+00  0.8000E+01
  -4.933  0.0000E+00  0.8000E+01
  -4.923  0.0000E+00  0.8000E+01
  -4.913  0.0000E+00  0.8000E+01
  -4.903  0.0000E+00  0.8000E+01
  -4.893  0.0000E+00  0.8000E+01
  -4.883  0.0000E+00  0.8000E+01
  -4.873  0.0000E+00  0.8000E+01
  -4.863  0.0000E+00  0.8000E+01
  -4.853  0.0000E+00  0.8000E+01
  -4.843  0.0000E+00  0.8000E+01
  -4.833  0.0000E+00  0.8000E+01
  -4.823  0.0000E+00  0.8000E+01
  -4.813  0.0000E+00  0.8000E+01
  -4.803  0.0000E+00  0.8000E+01
  -4.793  0.0000E+00  0.8000E+01
  -4.783  0.0000E+00  0.8000E+01
  -4.773  0.0000E+00  0.8000E+01
  -4.763  0.0000E+00  0.8000E+01
  -4.753  0.0000E+00  0.8000E+01
  -4.743  0.0000E+00  0.8000E+01
  -4.733  0.0000E+00  0.8000E+01
  -4.723  0.0000E+00  0.8000E+01
  -4.713  0.0000E+00  0.8000E+01
  -4.703  0.0000E+00  0.8000E+01
  -4.693  0.0000E+00  0.8000E+01
  -4.683  0.0000E+00  0.8000E+01
  -4.673  0.0000E+00  0.8000E+01
  -4.663  0.0000E+00  0.8000E+01
  -4.653  0.0000E+00  0.8000E+01
  -4.643  0.0000E+00  0.8000E+01
  -4.633  0.0000E+00  0.8000E+01
  -4.623  0.0000E+00  0.8000E+01
  -4.613  0.0000E+00  0.8000E+01
  -4.603  0.0000E+00  0.8000E+01
  -4.593  0.0000E+00  0.8000E+01
  -4.583  0.0000E+00  0.8000E+01
  -4.573  0.0000E+00  0.8000E+01
  -4.563  0.0000E+00  0.8000E+01
  -4.553  0.0000E+00  0.8000E+01
  -4.543  0.0000E+00  0.8000E+01
  -4.533  0.0000E+00  0.8000E+01
  -4.523  0.0000E+00  0.8000E+01
  -4.513  0.0000E+00  0.8000E+01
  -4.503  0.0000E+00  0.8000E+01
  -4.493  0.0000E+00  0.8000E+01
  -4.483  0.0000E+00  0.8000E+01
  -4.473  0.0000E+00  0.8000E+01
  -4.463  0.0000E+00  0.8000E+01
  -4.453  0.0000E+00  0.8000E+01
  -4.443  0.0000E+00  0.8000E+01
  -4.433  0.0000E+00  0.8000E+01
  -4.423  0.0000E+00  0.8000E+01
  -4.413  0.0000E+00  0.8000E+01
  -4.403  0.0000E+00  0.8000E+01
  -4.393  0.0000E+00  0.8000E+01
  -4.383  0.0000E+00  0.8000E+01
  -4.373  0.0000E+00  0.8000E+01
  -4.363  0.0000E+00  0.8000E+01
  -4.353  0.0000E+00  0.8000E+01
  -4.343  0.0000E+00  0.8000E+01
  -4.333  0.0000E+00  0.8000E+01
  -4.323  0.0000E+00  0.8000E+01
  -4.313  0.0000E+00  0.8000E+01
  -4.303  0.0000E+00  0.8000E+01
  -4.293  0.0000E+00  0.8000E+01
  -4.283  0.0000E+00  0.8000E+01
  -4.273  0.0000E+00  0.8000E+01
  -4.263  0.0000E+00  0.8000E+01
  -4.253  0.0000E+00  0.8000E+01
  -4.243  0.0000E+00  0.8000E+01
  -4.233  0.0000E+00  0.8000E+01
  -4.223  0.0000E+00  0.8000E+01
  -4.213  0.0000E+00  0.8000E+01
  -4.203  0.0000E+00  0.8000E+01
  -4.193  0.0000E+00  0.8000E+01
  -4.183  0.0000E+00  0.8000E+01
  -4.173  0.0000E+00  0.8000E+01
  -4.163  0.0000E+00  0.8000E+01
  -4.153  0.0000E+00  0.8000E+01
  -4.143  0.0000E+00  0.8000E+01
  -4.133  0.0000E+00  0.8000E+01
  -4.123  0.0000E+00  0.8000E+01
  -4.113  0.0000E+00  0.8000E+01
  -4.103  0.0000E+00  0.8000E+01
  -4.093  0.0000E+00  0.8000E+01
  -4.083  0.0000E+00  0.8000E+01
  -4.073  0.0000E+00  0.8000E+01
  -4.063  0.0000E+00  0.8000E+01
  -4.053  0.0000E+00  0.8000E+01
  -4.043  0.0000E+00  0.8000E+01
  -4.033  0.0000E+00  0.8000E+01
  -4.023  0.0000E+00  0.8000E+01
  -4.013  0.0000E+00  0.8000E+01
  -4.003  0.0000E+00  0.8000E+01
  -3.993  0.0000E+00  0.8000E+01
  -3.983  0.0000E+00  0.8000E+01
  -3.973  0.0000E+00  0.8000E+01
  -3.963  0.0000E+00  0.8000E+01
  -3.953  0.0000E+00  0.8000E+01
  -3.943  0.0000E+00  0.8000E+01
  -3.933  0.0000E+00  0.8000E+01
  -3.923  0.0000E+00  0.8000E+01
  -3.913  0.0000E+00  0.8000E+01
  -3.903  0.0000E+00  0.8000E+01
  -3.893  0.0000E+00  0.8000E+01
  -3.883  0.0000E+00  0.8000E+01
  -3.873  0.0000E+00  0.8000E+01
  -3.863  0.0000E+00  0.8000E+01
  -3.853  0.0000E+00  0.8000E+01
  -3.843  0.0000E+00  0.8000E+01
  -3.833  0.0000E+00  0.8000E+01
  -3.823  0.0000E+00  0.8000E+01
  -3.813  0.0000E+00  0.8000E+01
  -3.803  0.0000E+00  0.8000E+01
  -3.793  0.0000E+00  0.8000E+01
  -3.783  0.0000E+00  0.8000E+01
  -3.773  0.0000E+00  0.8000E+01
  -3.763  0.0000E+00  0.8000E+01
  -3.753  0.0000E+00  0.8000E+01
  -3.743  0.0000E+00  0.8000E+01
  -3.733  0.0000E+00  0.8000E+01
  -3.723  0.0000E+00  0.8000E+01
  -3.713  0.0000E+00  0.8000E+01
  -3.703  0.0000E+00  0.8000E+01
  -3.693  0.0000E+00  0.8000E+01
  -3.683  0.0000E+00  0.8000E+01
  -3.673  0.0000E+00  0.8000E+01
  -3.663  0.0000E+00  0.8000E+01
  -3.653  0.0000E+00  0.8000E+01
  -3.643  0.0000E+00  0.8000E+01
  -3.633  0.0000E+00  0.8000E+01
  -3.623  0.0000E+00  0.8000E+01
  -3.613  0.0000E+00  0.8000E+01
  -3.603  0.0000E+00  0.8000E+01
  -3.593  0.0000E+00  0.8000E+01
  -3.583  0.0000E+00  0.8000E+01
  -3.573  0.0000E+00  0.8000E+01
  -3.563  0.0000E+00  0.8000E+01
  -3.553  0.0000E+00  0.8000E+01
  -3.543  0.0000E+00  0.8000E+01
  -3.533  0.0000E+00  0.8000E+01
  -3.523  0.0000E+00  0.8000E+01
  -3.513  0.0000E+00  0.8000E+01
  -3.503  0.0000E+00  0.8000E+01
  -3.493  0.0000E+00  0.8000E+01
  -3.483  0.0000E+00  0.8000E+01
  -3.473  0.0000E+00  0.8000E+01
  -3.463  0.0000E+00  0.8000E+01
  -3.453  0.0000E+00  0.8000E+01
  -3.443  0.0000E+00  0.8000E+01
  -3.433  0.0000E+00  0.8000E+01
  -3.423  0.0000E+00  0.8000E+01
  -3.413  0.0000E+00  0.8000E+01
  -3.403  0.0000E+00  0.8000E+01
  -3.393  0.0000E+00  0.8000E+01
  -3.383  0.0000E+00  0.8000E+01
  -3.373  0.0000E+00  0.8000E+01
  -3.363  0.0000E+00  0.8000E+01
  -3.353  0.0000E+00  0.8000E+01
  -3.343  0.0000E+00  0.8000E+01
  -3.333  0.0000E+00  0.8000E+01
  -3.323  0.0000E+00  0.8000E+01
  -3.313  0.0000E+00  0.8000E+01
  -3.303  0.0000E+00  0.8000E+01
  -3.293  0.0000E+00  0.8000E+01
  -3.283  0.0000E+00  0.8000E+01
  -3.273  0.0000E+00  0.8000E+01
  -3.263  0.0000E+00  0.8000E+01
  -3.253  0.0000E+00  0.8000E+01
  -3.243  0.0000E+00  0.8000E+01
  -3.233  0.0000E+00  0.8000E+01
  -3.223  0.0000E+00  0.8000E+01
  -3.213  0.0000E+00  0.8000E+01
  -3.203  0.0000E+00  0.8000E+01
  -3.193  0.0000E+00  0.8000E+01
  -3.183  0.0000E+00  0.8000E+01
  -3.173  0.0000E+00  0.8000E+01
  -3.163  0.0000E+00  0.8000E+01
  -3.153  0.0000E+00  0.8000E+01
  -3.143  0.0000E+00  0.8000E+01
  -3.133  0.0000E+00  0.8000E+01
  -3.123  0.0000E+00  0.8000E+01
  -3.113  0.0000E+00  0.8000E+01
  -3.103  0.0000E+00  0.8000E+01
  -3.093  0.0000E+00  0.8000E+01
  -3.083  0.0000E+00  0.8000E+01
  -3.073  0.0000E+00  0.8000E+01
  -3.063  0.0000E+00  0.8000E+01
  -3.053  0.0000E+00  0.8000E+01
  -3.043  0.0000E+00  0.8000E+01
  -3.033  0.0000E+00  0.8000E+01
  -3.023  0.0000E+00  0.8000E+01
  -3.013  0.0000E+00  0.8000E+01
  -3.003  0.0000E+00  0.8000E+01
  -2.993  0.0000E+00  0.8000E+01
  -2.983  0.0000E+00  0.8000E+01
  -2.973  0.0000E+00  0.8000E+01
  -2.963  0.0000E+00  0.8000E+01
  -2.953  0.0000E+00  0.8000E+01
  -2.943  0.0000E+00  0.8000E+01
  -2.933  0.0000E+00  0.8000E+01
  -2.923  0.0000E+00  0.8000E+01
  -2.913  0.0000E+00  0.8000E+01
  -2.903  0.0000E+00  0.8000E+01
  -2.893  0.0000E+00  0.8000E+01
  -2.883  0.0000E+00  0.8000E+01
  -2.873  0.0000E+00  0.8000E+01
  -2.863  0.0000E+00  0.8000E+01
  -2.853  0.0000E+00  0.8000E+01
  -2.843  0.0000E+00  0.8000E+01
  -2.833  0.0000E+00  0.8000E+01
  -2.823  0.0000E+00  0.8000E+01
  -2.813  0.0000E+00  0.8000E+01
  -2.803  0.0000E+00  0.8000E+01
  -2.793  0.0000E+00  0.8000E+01
  -2.783  0.0000E+00  0.8000E+01
  -2.773  0.0000E+00  0.8000E+01
  -2.763  0.0000E+00  0.8000E+01
  -2.753  0.0000E+00  0.8000E+01
  -2.743  0.0000E+00  0.8000E+01
  -2.733  0.0000E+00  0.8000E+01
  -2.723  0.0000E+00  0.8000E+01
  -2.713  0.0000E+00  0.8000E+01
  -2.703  0.0000E+00  0.8000E+01
  -2.693  0.0000E+00  0.8000E+01
  -2.683  0.0000E+00  0.8000E+01
  -2.673  0.6524E+00  0.8001E+01
  -2.663  0.7944E+00  0.8008E+01
  -2.653  0.1148E+01  0.8017E+01
  -2.643  0.1584E+01  0.8031E+01
  -2.633  0.2021E+01  0.8049E+01
  -2.623  0.2538E+01  0.8072E+01
  -2.613  0.3101E+01  0.8100E+01
  -2.603  0.3492E+01  0.8133E+01
  -2.593  0.3779E+01  0.8169E+01
  -2.583  0.4185E+01  0.8209E+01
  -2.573  0.4780E+01  0.8254E+01
  -2.563  0.5461E+01  0.8307E+01
  -2.553  0.5968E+01  0.8365E+01
  -2.543  0.6237E+01  0.8426E+01
  -2.533  0.6402E+01  0.8489E+01
  -2.523  0.6481E+01  0.8554E+01
  -2.513  0.6558E+01  0.8619E+01
  -2.503  0.6183E+01  0.8683E+01
  -2.493  0.5767E+01  0.8742E+01
  -2.483  0.5724E+01  0.8799E+01
  -2.473  0.5735E+01  0.8857E+01
  -2.463  0.5727E+01  0.8914E+01
  -2.453  0.5751E+01  0.8971E+01
  -2.443  0.5737E+01  0.9029E+01
  -2.433  0.5642E+01  0.9086E+01
  -2.423  0.5357E+01  0.9141E+01
  -2.413  0.5078E+01  0.9193E+01
  -2.403  0.4791E+01  0.9243E+01
  -2.393  0.4503E+01  0.9289E+01
  -2.383  0.4237E+01  0.9333E+01
  -2.373  0.4088E+01  0.9374E+01
  -2.363  0.4022E+01  0.9415E+01
  -2.353  0.3946E+01  0.9455E+01
  -2.343  0.3857E+01  0.9494E+01
  -2.333  0.3753E+01  0.9532E+01
  -2.323  0.3570E+01  0.9569E+01
  -2.313  0.3427E+01  0.9603E+01
  -2.303  0.3338E+01  0.9637E+01
  -2.293  0.3264E+01  0.9670E+01
  -2.283  0.3206E+01  0.9703E+01
  -2.273  0.3152E+01  0.9734E+01
  -2.263  0.3100E+01  0.9766E+01
  -2.253  0.3051E+01  0.9796E+01
  -2.243  0.3012E+01  0.9827E+01
  -2.233  0.2985E+01  0.9857E+01
  -2.223  0.2956E+01  0.9886E+01
  -2.213  0.2929E+01  0.9916E+01
  -2.203  0.2937E+01  0.9945E+01
  -2.193  0.2939E+01  0.9974E+01
  -2.183  0.2930E+01  0.1000E+02
  -2.173  0.2857E+01  0.1003E+02
  -2.163  0.2844E+01  0.1006E+02
  -2.153  0.2847E+01  0.1009E+02
  -2.143  0.2849E+01  0.1012E+02
  -2.133  0.2843E+01  0.1015E+02
  -2.123  0.2820E+01  0.1017E+02
  -2.113  0.2795E+01  0.1020E+02
  -2.103  0.2765E+01  0.1023E+02
  -2.093  0.2719E+01  0.1026E+02
  -2.083  0.2685E+01  0.1029E+02
  -2.073  0.2655E+01  0.1031E+02
  -2.063  0.2641E+01  0.1034E+02
  -2.053  0.2548E+01  0.1036E+02
  -2.043  0.2517E+01  0.1039E+02
  -2.033  0.2489E+01  0.1041E+02
  -2.023  0.2461E+01  0.1044E+02
  -2.013  0.2434E+01  0.1046E+02
  -2.003  0.2408E+01  0.1049E+02
  -1.993  0.2386E+01  0.1051E+02
  -1.983  0.2370E+01  0.1054E+02
  -1.973  0.2356E+01  0.1056E+02
  -1.963  0.2342E+01  0.1058E+02
  -1.953  0.2337E+01  0.1061E+02
  -1.943  0.2338E+01  0.1063E+02
  -1.933  0.2342E+01  0.1065E+02
  -1.923  0.2347E+01  0.1068E+02
  -1.913  0.2358E+01  0.1070E+02
  -1.903  0.2367E+01  0.1072E+02
  -1.893  0.2374E+01  0.1075E+02
  -1.883  0.2381E+01  0.1077E+02
  -1.873  0.2391E+01  0.1080E+02
  -1.863  0.2401E+01  0.1082E+02
  -1.853  0.2359E+01  0.1084E+02
  -1.843  0.2338E+01  0.1087E+02
  -1.833  0.2329E+01  0.1089E+02
  -1.823  0.2359E+01  0.1091E+02
  -1.813  0.2369E+01  0.1094E+02
  -1.803  0.2385E+01  0.1096E+02
  -1.793  0.2394E+01  0.1098E+02
  -1.783  0.2395E+01  0.1101E+02
  -1.773  0.2388E+01  0.1103E+02
  -1.763  0.2379E+01  0.1106E+02
  -1.753  0.2372E+01  0.1108E+02
  -1.743  0.2362E+01  0.1110E+02
  -1.733  0.2357E+01  0.1113E+02
  -1.723  0.2356E+01  0.1115E+02
  -1.713  0.2313E+01  0.1117E+02
  -1.703  0.2307E+01  0.1120E+02
  -1.693  0.2302E+01  0.1122E+02
  -1.683  0.2297E+01  0.1124E+02
  -1.673  0.2294E+01  0.1127E+02
  -1.663  0.2290E+01  0.1129E+02
  -1.653  0.2288E+01  0.1131E+02
  -1.643  0.2288E+01  0.1133E+02
  -1.633  0.2291E+01  0.1136E+02
  -1.623  0.2297E+01  0.1138E+02
  -1.613  0.2303E+01  0.1140E+02
  -1.603  0.2315E+01  0.1143E+02
  -1.593  0.2331E+01  0.1145E+02
  -1.583  0.2349E+01  0.1147E+02
  -1.573  0.2384E+01  0.1150E+02
  -1.563  0.2424E+01  0.1152E+02
  -1.553  0.2468E+01  0.1155E+02
  -1.543  0.2520E+01  0.1157E+02
  -1.533  0.2570E+01  0.1160E+02
  -1.523  0.2618E+01  0.1162E+02
  -1.513  0.2666E+01  0.1165E+02
  -1.503  0.2784E+01  0.1168E+02
  -1.493  0.2891E+01  0.1170E+02
  -1.483  0.2999E+01  0.1173E+02
  -1.473  0.3105E+01  0.1176E+02
  -1.463  0.3229E+01  0.1180E+02
  -1.453  0.3453E+01  0.1183E+02
  -1.443  0.3697E+01  0.1186E+02
  -1.433  0.3894E+01  0.1190E+02
  -1.423  0.4078E+01  0.1194E+02
  -1.413  0.4250E+01  0.1198E+02
  -1.403  0.4418E+01  0.1203E+02
  -1.393  0.4694E+01  0.1207E+02
  -1.383  0.6653E+01  0.1213E+02
  -1.373  0.7582E+01  0.1220E+02
  -1.363  0.8999E+01  0.1228E+02
  -1.353  0.9338E+01  0.1238E+02
  -1.343  0.7781E+01  0.1246E+02
  -1.333  0.7602E+01  0.1254E+02
  -1.323  0.1007E+02  0.1262E+02
  -1.313  0.1166E+02  0.1273E+02
  -1.303  0.1210E+02  0.1285E+02
  -1.293  0.1024E+02  0.1298E+02
  -1.283  0.1136E+02  0.1309E+02
  -1.273  0.9783E+01  0.1320E+02
  -1.263  0.9361E+01  0.1329E+02
  -1.253  0.8399E+01  0.1338E+02
  -1.243  0.7277E+01  0.1346E+02
  -1.233  0.6374E+01  0.1353E+02
  -1.223  0.5834E+01  0.1359E+02
  -1.213  0.5147E+01  0.1365E+02
  -1.203  0.4320E+01  0.1369E+02
  -1.193  0.4287E+01  0.1374E+02
  -1.183  0.4565E+01  0.1378E+02
  -1.173  0.4724E+01  0.1383E+02
  -1.163  0.4458E+01  0.1387E+02
  -1.153  0.4221E+01  0.1392E+02
  -1.143  0.3972E+01  0.1396E+02
  -1.133  0.3687E+01  0.1399E+02
  -1.123  0.3664E+01  0.1403E+02
  -1.113  0.3656E+01  0.1407E+02
  -1.103  0.3608E+01  0.1410E+02
  -1.093  0.3589E+01  0.1414E+02
  -1.083  0.3614E+01  0.1418E+02
  -1.073  0.3690E+01  0.1421E+02
  -1.063  0.3683E+01  0.1425E+02
  -1.053  0.3691E+01  0.1429E+02
  -1.043  0.3738E+01  0.1432E+02
  -1.033  0.3821E+01  0.1436E+02
  -1.023  0.3979E+01  0.1440E+02
  -1.013  0.4193E+01  0.1444E+02
  -1.003  0.4493E+01  0.1448E+02
  -0.993  0.4819E+01  0.1453E+02
  -0.983  0.5100E+01  0.1458E+02
  -0.973  0.5435E+01  0.1463E+02
  -0.963  0.6062E+01  0.1469E+02
  -0.953  0.6585E+01  0.1475E+02
  -0.943  0.6936E+01  0.1482E+02
  -0.933  0.7128E+01  0.1489E+02
  -0.923  0.7349E+01  0.1496E+02
  -0.913  0.7402E+01  0.1504E+02
  -0.903  0.7553E+01  0.1511E+02
  -0.893  0.7780E+01  0.1519E+02
  -0.883  0.8070E+01  0.1527E+02
  -0.873  0.8301E+01  0.1535E+02
  -0.863  0.8324E+01  0.1543E+02
  -0.853  0.8272E+01  0.1552E+02
  -0.843  0.8028E+01  0.1560E+02
  -0.833  0.7695E+01  0.1568E+02
  -0.823  0.7380E+01  0.1575E+02
  -0.813  0.6938E+01  0.1582E+02
  -0.803  0.6649E+01  0.1589E+02
  -0.793  0.6627E+01  0.1596E+02
  -0.783  0.6659E+01  0.1602E+02
  -0.773  0.6687E+01  0.1609E+02
  -0.763  0.6713E+01  0.1616E+02
  -0.753  0.6787E+01  0.1623E+02
  -0.743  0.6976E+01  0.1629E+02
  -0.733  0.7100E+01  0.1636E+02
  -0.723  0.7236E+01  0.1644E+02
  -0.713  0.7422E+01  0.1651E+02
  -0.703  0.7754E+01  0.1659E+02
  -0.693  0.9162E+01  0.1667E+02
  -0.683  0.1094E+02  0.1677E+02
  -0.673  0.9673E+01  0.1687E+02
  -0.663  0.9791E+01  0.1697E+02
  -0.653  0.9945E+01  0.1707E+02
  -0.643  0.1199E+02  0.1717E+02
  -0.633  0.1422E+02  0.1731E+02
  -0.623  0.1518E+02  0.1746E+02
  -0.613  0.1261E+02  0.1760E+02
  -0.603  0.1028E+02  0.1771E+02
  -0.593  0.1033E+02  0.1782E+02
  -0.583  0.1076E+02  0.1793E+02
  -0.573  0.1132E+02  0.1804E+02
  -0.563  0.1195E+02  0.1815E+02
  -0.553  0.1244E+02  0.1827E+02
  -0.543  0.1217E+02  0.1840E+02
  -0.533  0.1288E+02  0.1852E+02
  -0.523  0.1343E+02  0.1865E+02
  -0.513  0.1228E+02  0.1878E+02
  -0.503  0.1170E+02  0.1890E+02
  -0.493  0.1157E+02  0.1902E+02
  -0.483  0.1237E+02  0.1914E+02
  -0.473  0.1274E+02  0.1926E+02
  -0.463  0.1331E+02  0.1939E+02
  -0.453  0.1323E+02  0.1953E+02
  -0.443  0.1279E+02  0.1966E+02
  -0.433  0.1481E+02  0.1979E+02
  -0.423  0.1581E+02  0.1995E+02
  -0.413  0.1610E+02  0.2011E+02
  -0.403  0.1856E+02  0.2027E+02
  -0.393  0.2249E+02  0.2049E+02
  -0.383  0.1895E+02  0.2069E+02
  -0.373  0.1788E+02  0.2088E+02
  -0.363  0.1715E+02  0.2105E+02
  -0.353  0.1725E+02  0.2123E+02
  -0.343  0.1735E+02  0.2140E+02
  -0.333  0.1588E+02  0.2157E+02
  -0.323  0.1504E+02  0.2173E+02
  -0.313  0.1509E+02  0.2188E+02
  -0.303  0.1434E+02  0.2203E+02
  -0.293  0.1337E+02  0.2216E+02
  -0.283  0.1295E+02  0.2230E+02
  -0.273  0.1264E+02  0.2242E+02
  -0.263  0.1238E+02  0.2255E+02
  -0.253  0.1234E+02  0.2267E+02
  -0.243  0.1202E+02  0.2279E+02
  -0.233  0.1198E+02  0.2291E+02
  -0.223  0.1166E+02  0.2303E+02
  -0.213  0.1131E+02  0.2315E+02
  -0.203  0.1122E+02  0.2326E+02
  -0.193  0.1143E+02  0.2337E+02
  -0.183  0.1158E+02  0.2349E+02
  -0.173  0.1164E+02  0.2361E+02
  -0.163  0.1153E+02  0.2372E+02
  -0.153  0.1155E+02  0.2384E+02
  -0.143  0.1152E+02  0.2395E+02
  -0.133  0.1109E+02  0.2406E+02
  -0.123  0.1072E+02  0.2417E+02
  -0.113  0.1046E+02  0.2428E+02
  -0.103  0.1021E+02  0.2438E+02
  -0.093  0.1003E+02  0.2448E+02
  -0.083  0.9690E+01  0.2458E+02
  -0.073  0.9318E+01  0.2468E+02
  -0.063  0.8935E+01  0.2477E+02
  -0.053  0.8716E+01  0.2486E+02
  -0.043  0.8205E+01  0.2494E+02
  -0.033  0.7665E+01  0.2502E+02
  -0.023  0.7376E+01  0.2510E+02
  -0.013  0.7294E+01  0.2517E+02
  -0.003  0.7527E+01  0.2524E+02
   0.007  0.7384E+01  0.2532E+02
   0.017  0.7008E+01  0.2539E+02
   0.027  0.6579E+01  0.2546E+02
   0.037  0.7135E+01  0.2553E+02
   0.047  0.6792E+01  0.2560E+02
   0.057  0.4401E+01  0.2566E+02
   0.067  0.2433E+01  0.2569E+02
   0.077  0.1631E+01  0.2571E+02
   0.087  0.1556E+01  0.2572E+02
   0.097  0.1485E+01  0.2574E+02
   0.107  0.1419E+01  0.2575E+02
   0.117  0.1367E+01  0.2577E+02
   0.127  0.1319E+01  0.2578E+02
   0.137  0.1275E+01  0.2579E+02
   0.147  0.1232E+01  0.2581E+02
   0.157  0.1191E+01  0.2582E+02
   0.167  0.1160E+01  0.2583E+02
   0.177  0.1139E+01  0.2584E+02
   0.187  0.1122E+01  0.2585E+02
   0.197  0.1109E+01  0.2586E+02
   0.207  0.1097E+01  0.2587E+02
   0.217  0.1087E+01  0.2589E+02
   0.227  0.1065E+01  0.2590E+02
   0.237  0.1003E+01  0.2591E+02
   0.247  0.9230E+00  0.2592E+02
   0.257  0.8307E+00  0.2593E+02
   0.267  0.7308E+00  0.2593E+02
   0.277  0.6233E+00  0.2594E+02
   0.287  0.5191E+00  0.2595E+02
   0.297  0.4503E+00  0.2595E+02
   0.307  0.3983E+00  0.2595E+02
   0.317  0.3564E+00  0.2596E+02
   0.327  0.3207E+00  0.2596E+02
   0.337  0.2903E+00  0.2596E+02
   0.347  0.2654E+00  0.2597E+02
   0.357  0.2448E+00  0.2597E+02
   0.367  0.2260E+00  0.2597E+02
   0.377  0.2087E+00  0.2597E+02
   0.387  0.1932E+00  0.2598E+02
   0.397  0.1792E+00  0.2598E+02
   0.407  0.1669E+00  0.2598E+02
   0.417  0.1557E+00  0.2598E+02
   0.427  0.1450E+00  0.2598E+02
   0.437  0.1351E+00  0.2598E+02
   0.447  0.1259E+00  0.2599E+02
   0.457  0.1174E+00  0.2599E+02
   0.467  0.1095E+00  0.2599E+02
   0.477  0.1024E+00  0.2599E+02
   0.487  0.9597E-01  0.2599E+02
   0.497  0.9024E-01  0.2599E+02
   0.507  0.8497E-01  0.2599E+02
   0.517  0.7985E-01  0.2599E+02
   0.527  0.7488E-01  0.2599E+02
   0.537  0.7006E-01  0.2599E+02
   0.547  0.6539E-01  0.2600E+02
   0.557  0.6083E-01  0.2600E+02
   0.567  0.5621E-01  0.2600E+02
   0.577  0.5151E-01  0.2600E+02
   0.587  0.4673E-01  0.2600E+02
   0.597  0.4188E-01  0.2600E+02
   0.607  0.3696E-01  0.2600E+02
   0.617  0.3196E-01  0.2600E+02
   0.627  0.2689E-01  0.2600E+02
   0.637  0.2175E-01  0.2600E+02
   0.647  0.1697E-01  0.2600E+02
   0.657  0.1279E-01  0.2600E+02
   0.667  0.9199E-02  0.2600E+02
   0.677  0.6198E-02  0.2600E+02
   0.687  0.3788E-02  0.2600E+02
   0.697  0.1968E-02  0.2600E+02
   0.707  0.7388E-03  0.2600E+02
   0.717  0.9994E-04  0.2600E+02
   0.727  0.0000E+00  0.2600E+02
   0.737  0.0000E+00  0.2600E+02
   0.747  0.0000E+00  0.2600E+02
   0.757  0.0000E+00  0.2600E+02
   0.767  0.0000E+00  0.2600E+02
   0.777  0.0000E+00  0.2600E+02
   0.787  0.0000E+00  0.2600E+02
   0.797  0.0000E+00  0.2600E+02
   0.807  0.0000E+00  0.2600E+02
   0.817  0.0000E+00  0.2600E+02
   0.827  0.0000E+00  0.2600E+02
   0.837  0.0000E+00  0.2600E+02
   0.847  0.0000E+00  0.2600E+02
   0.857  0.0000E+00  0.2600E+02
   0.867  0.0000E+00  0.2600E+02
   0.877  0.0000E+00  0.2600E+02
   0.887  0.0000E+00  0.2600E+02
   0.897  0.0000E+00  0.2600E+02
   0.907  0.0000E+00  0.2600E+02
   0.917  0.0000E+00  0.2600E+02
   0.927  0.0000E+00  0.2600E+02
   0.937  0.0000E+00  0.2600E+02
   0.947  0.0000E+00  0.2600E+02
   0.957  0.0000E+00  0.2600E+02
   0.967  0.0000E+00  0.2600E+02
   0.977  0.0000E+00  0.2600E+02
   0.987  0.0000E+00  0.2600E+02
   0.997  0.0000E+00  0.2600E+02
   1.007  0.0000E+00  0.2600E+02
   1.017  0.0000E+00  0.2600E+02
   1.027  0.0000E+00  0.2600E+02
   1.037  0.0000E+00  0.2600E+02
   1.047  0.0000E+00  0.2600E+02
   1.057  0.0000E+00  0.2600E+02
   1.067  0.0000E+00  0.2600E+02
   1.077  0.0000E+00  0.2600E+02
   1.087  0.0000E+00  0.2600E+02
   1.097  0.0000E+00  0.2600E+02
   1.107  0.0000E+00  0.2600E+02
   1.117  0.0000E+00  0.2600E+02
   1.127  0.0000E+00  0.2600E+02
   1.137  0.0000E+00  0.2600E+02
   1.147  0.0000E+00  0.2600E+02
   1.157  0.0000E+00  0.2600E+02
   1.167  0.0000E+00  0.2600E+02
   1.177  0.0000E+00  0.2600E+02
   1.187  0.0000E+00  0.2600E+02
   1.197  0.0000E+00  0.2600E+02
   1.207  0.0000E+00  0.2600E+02
   1.217  0.0000E+00  0.2600E+02
   1.227  0.0000E+00  0.2600E+02
   1.237  0.0000E+00  0.2600E+02
   1.247  0.0000E+00  0.2600E+02
   1.257  0.0000E+00  0.2600E+02
   1.267  0.0000E+00  0.2600E+02
   1.277  0.0000E+00  0.2600E+02
   1.287  0.0000E+00  0.2600E+02
   1.297  0.0000E+00  0.2600E+02
   1.307  0.0000E+00  0.2600E+02
   1.317  0.0000E+00  0.2600E+02
   1.327  0.0000E+00  0.2600E+02
   1.337  0.0000E+00  0.2600E+02
   1.347  0.0000E+00  0.2600E+02
   1.357  0.0000E+00  0.2600E+02
   1.367  0.0000E+00  0.2600E+02
   1.377  0.0000E+00  0.2600E+02
   1.387  0.0000E+00  0.2600E+02
   1.397  0.0000E+00  0.2600E+02
   1.407  0.0000E+00  0.2600E+02
   1.417  0.0000E+00  0.2600E+02
   1.427  0.0000E+00  0.2600E+02
   1.437  0.0000E+00  0.2600E+02
   1.447  0.0000E+00  0.2600E+02
   1.457  0.0000E+00  0.2600E+02
   1.467  0.0000E+00  0.2600E+02
   1.477  0.0000E+00  0.2600E+02
   1.487  0.0000E+00  0.2600E+02
   1.497  0.0000E+00  0.2600E+02
   1.507  0.0000E+00  0.2600E+02
   1.517  0.0000E+00  0.2600E+02
   1.527  0.0000E+00  0.2600E+02
   1.537  0.0000E+00  0.2600E+02
   1.547  0.0000E+00  0.2600E+02
   1.557  0.0000E+00  0.2600E+02
   1.567  0.0000E+00  0.2600E+02
   1.577  0.0000E+00  0.2600E+02
   1.587  0.0000E+00  0.2600E+02
   1.597  0.0000E+00  0.2600E+02
   1.607  0.0000E+00  0.2600E+02
   1.617  0.0000E+00  0.2600E+02
   1.627  0.0000E+00  0.2600E+02
   1.637  0.0000E+00  0.2600E+02
   1.647  0.0000E+00  0.2600E+02
   1.657  0.0000E+00  0.2600E+02
   1.667  0.0000E+00  0.2600E+02
   1.677  0.0000E+00  0.2600E+02
   1.687  0.0000E+00  0.2600E+02
   1.697  0.0000E+00  0.2600E+02
   1.707  0.0000E+00  0.2600E+02
   1.717  0.0000E+00  0.2600E+02
   1.727  0.0000E+00  0.2600E+02
   1.737  0.0000E+00  0.2600E+02
   1.747  0.0000E+00  0.2600E+02
   1.757  0.0000E+00  0.2600E+02
   1.767  0.0000E+00  0.2600E+02
   1.777  0.0000E+00  0.2600E+02
   1.787  0.0000E+00  0.2600E+02
   1.797  0.0000E+00  0.2600E+02
   1.807  0.0000E+00  0.2600E+02
   1.817  0.0000E+00  0.2600E+02
   1.827  0.0000E+00  0.2600E+02
   1.837  0.0000E+00  0.2600E+02
   1.847  0.0000E+00  0.2600E+02
   1.857  0.0000E+00  0.2600E+02
   1.867  0.0000E+00  0.2600E+02
   1.877  0.0000E+00  0.2600E+02
   1.887  0.0000E+00  0.2600E+02
   1.897  0.0000E+00  0.2600E+02
   1.907  0.0000E+00  0.2600E+02
   1.917  0.0000E+00  0.2600E+02
   1.927  0.0000E+00  0.2600E+02
   1.937  0.0000E+00  0.2600E+02
   1.947  0.0000E+00  0.2600E+02
   1.957  0.0000E+00  0.2600E+02
   1.967  0.0000E+00  0.2600E+02
   1.977  0.0000E+00  0.2600E+02
   1.987  0.0000E+00  0.2600E+02
   1.997  0.0000E+00  0.2600E+02
   2.007  0.0000E+00  0.2600E+02
   2.017  0.0000E+00  0.2600E+02
   2.027  0.0000E+00  0.2600E+02
   2.037  0.4003E-02  0.2600E+02
   2.047  0.5298E-01  0.2600E+02
   2.057  0.1352E+00  0.2600E+02
   2.067  0.1410E+00  0.2600E+02
   2.077  0.1291E+00  0.2600E+02
   2.087  0.1506E+00  0.2601E+02
   2.097  0.1750E+00  0.2601E+02
   2.107  0.2018E+00  0.2601E+02
   2.117  0.2226E+00  0.2601E+02
   2.127  0.2408E+00  0.2601E+02
   2.137  0.2681E+00  0.2602E+02
   2.147  0.2964E+00  0.2602E+02
   2.157  0.3257E+00  0.2602E+02
   2.167  0.3559E+00  0.2603E+02
   2.177  0.3872E+00  0.2603E+02
   2.187  0.4189E+00  0.2603E+02
   2.197  0.4489E+00  0.2604E+02
   2.207  0.4824E+00  0.2604E+02
   2.217  0.5169E+00  0.2605E+02
   2.227  0.5591E+00  0.2605E+02
   2.237  0.6124E+00  0.2606E+02
   2.247  0.6711E+00  0.2606E+02
   2.257  0.7215E+00  0.2607E+02
   2.267  0.7652E+00  0.2608E+02
   2.277  0.8036E+00  0.2609E+02
   2.287  0.8377E+00  0.2609E+02
   2.297  0.8651E+00  0.2610E+02
   2.307  0.8836E+00  0.2611E+02
   2.317  0.9050E+00  0.2612E+02
   2.327  0.9280E+00  0.2613E+02
   2.337  0.9630E+00  0.2614E+02
   2.347  0.9998E+00  0.2615E+02
   2.357  0.1045E+01  0.2616E+02
   2.367  0.1085E+01  0.2617E+02
   2.377  0.1126E+01  0.2618E+02
   2.387  0.1170E+01  0.2619E+02
   2.397  0.1216E+01  0.2620E+02
   2.407  0.1265E+01  0.2622E+02
   2.417  0.1333E+01  0.2623E+02
   2.427  0.1405E+01  0.2624E+02
   2.437  0.1473E+01  0.2626E+02
   2.447  0.1547E+01  0.2627E+02
   2.457  0.1713E+01  0.2629E+02
   2.467  0.1860E+01  0.2631E+02
   2.477  0.1804E+01  0.2633E+02
   2.487  0.1882E+01  0.2634E+02
   2.497  0.1953E+01  0.2636E+02
   2.507  0.2017E+01  0.2638E+02
   2.517  0.2072E+01  0.2640E+02
   2.527  0.2122E+01  0.2643E+02
   2.537  0.2166E+01  0.2645E+02
   2.547  0.2206E+01  0.2647E+02
   2.557  0.2243E+01  0.2649E+02
   2.567  0.2273E+01  0.2651E+02
   2.577  0.2311E+01  0.2654E+02
   2.587  0.2340E+01  0.2656E+02
   2.597  0.2359E+01  0.2658E+02
   2.607  0.2377E+01  0.2661E+02
   2.617  0.2456E+01  0.2663E+02
   2.627  0.2399E+01  0.2666E+02
   2.637  0.2320E+01  0.2668E+02
   2.647  0.2294E+01  0.2670E+02
   2.657  0.2283E+01  0.2672E+02
   2.667  0.2219E+01  0.2675E+02
   2.677  0.2216E+01  0.2677E+02
   2.687  0.2223E+01  0.2679E+02
   2.697  0.2234E+01  0.2681E+02
   2.707  0.2246E+01  0.2684E+02
   2.717  0.2274E+01  0.2686E+02
   2.727  0.2330E+01  0.2688E+02
   2.737  0.2355E+01  0.2691E+02
   2.747  0.2377E+01  0.2693E+02
   2.757  0.2396E+01  0.2695E+02
   2.767  0.2407E+01  0.2698E+02
   2.777  0.2429E+01  0.2700E+02
   2.787  0.2427E+01  0.2703E+02
   2.797  0.2375E+01  0.2705E+02
   2.807  0.2297E+01  0.2707E+02
   2.817  0.2248E+01  0.2710E+02
   2.827  0.2201E+01  0.2712E+02
   2.837  0.2154E+01  0.2714E+02
   2.847  0.2106E+01  0.2716E+02
   2.857  0.2059E+01  0.2718E+02
   2.867  0.2013E+01  0.2720E+02
   2.877  0.1968E+01  0.2722E+02
   2.887  0.1926E+01  0.2724E+02
   2.897  0.1879E+01  0.2726E+02
   2.907  0.1836E+01  0.2728E+02
   2.917  0.1793E+01  0.2730E+02
   2.927  0.1750E+01  0.2731E+02
   2.937  0.1740E+01  0.2733E+02
   2.947  0.1735E+01  0.2735E+02
   2.957  0.1730E+01  0.2737E+02
   2.967  0.1724E+01  0.2738E+02
   2.977  0.1718E+01  0.2740E+02
   2.987  0.1711E+01  0.2742E+02
   2.997  0.1708E+01  0.2744E+02
   3.007  0.1706E+01  0.2745E+02
   3.017  0.1702E+01  0.2747E+02
   3.027  0.1702E+01  0.2749E+02
   3.037  0.1733E+01  0.2750E+02
   3.047  0.1703E+01  0.2752E+02
   3.057  0.1674E+01  0.2754E+02
   3.067  0.1646E+01  0.2755E+02
   3.077  0.1615E+01  0.2757E+02
   3.087  0.1585E+01  0.2759E+02
   3.097  0.1561E+01  0.2760E+02
   3.107  0.1516E+01  0.2762E+02
   3.117  0.1482E+01  0.2763E+02
   3.127  0.1475E+01  0.2765E+02
   3.137  0.1467E+01  0.2766E+02
   3.147  0.1459E+01  0.2768E+02
   3.157  0.1452E+01  0.2769E+02
   3.167  0.1445E+01  0.2771E+02
   3.177  0.1437E+01  0.2772E+02
   3.187  0.1430E+01  0.2773E+02
   3.197  0.1423E+01  0.2775E+02
   3.207  0.1416E+01  0.2776E+02
   3.217  0.1409E+01  0.2778E+02
   3.227  0.1402E+01  0.2779E+02
   3.237  0.1395E+01  0.2781E+02
   3.247  0.1388E+01  0.2782E+02
   3.257  0.1382E+01  0.2783E+02
   3.267  0.1375E+01  0.2785E+02
   3.277  0.1368E+01  0.2786E+02
   3.287  0.1361E+01  0.2787E+02
   3.297  0.1353E+01  0.2789E+02
   3.307  0.1346E+01  0.2790E+02
   3.317  0.1393E+01  0.2792E+02
   3.327  0.1414E+01  0.2793E+02
   3.337  0.1430E+01  0.2794E+02
   3.347  0.1446E+01  0.2796E+02
   3.357  0.1460E+01  0.2797E+02
   3.367  0.1468E+01  0.2799E+02
   3.377  0.1473E+01  0.2800E+02
   3.387  0.1476E+01  0.2802E+02
   3.397  0.1477E+01  0.2803E+02
   3.407  0.1458E+01  0.2805E+02
   3.417  0.1429E+01  0.2806E+02
   3.427  0.1417E+01  0.2807E+02
   3.437  0.1406E+01  0.2809E+02
   3.447  0.1400E+01  0.2810E+02
   3.457  0.1400E+01  0.2812E+02
   3.467  0.1399E+01  0.2813E+02
   3.477  0.1398E+01  0.2814E+02
   3.487  0.1396E+01  0.2816E+02
   3.497  0.1394E+01  0.2817E+02
   3.507  0.1393E+01  0.2819E+02
   3.517  0.1392E+01  0.2820E+02
   3.527  0.1393E+01  0.2821E+02
   3.537  0.1395E+01  0.2823E+02
   3.547  0.1393E+01  0.2824E+02
   3.557  0.1393E+01  0.2826E+02
   3.567  0.1395E+01  0.2827E+02
   3.577  0.1398E+01  0.2828E+02
   3.587  0.1408E+01  0.2830E+02
   3.597  0.1445E+01  0.2831E+02
   3.607  0.1430E+01  0.2833E+02
   3.617  0.1413E+01  0.2834E+02
   3.627  0.1397E+01  0.2835E+02
   3.637  0.1382E+01  0.2837E+02
   3.647  0.1365E+01  0.2838E+02
   3.657  0.1347E+01  0.2840E+02
   3.667  0.1329E+01  0.2841E+02
   3.677  0.1312E+01  0.2842E+02
   3.687  0.1263E+01  0.2844E+02
   3.697  0.1260E+01  0.2845E+02
   3.707  0.1259E+01  0.2846E+02
   3.717  0.1258E+01  0.2847E+02
   3.727  0.1257E+01  0.2849E+02
   3.737  0.1255E+01  0.2850E+02
   3.747  0.1254E+01  0.2851E+02
   3.757  0.1253E+01  0.2852E+02
   3.767  0.1252E+01  0.2854E+02
   3.777  0.1251E+01  0.2855E+02
   3.787  0.1249E+01  0.2856E+02
   3.797  0.1248E+01  0.2857E+02
   3.807  0.1247E+01  0.2859E+02
   3.817  0.1246E+01  0.2860E+02
   3.827  0.1245E+01  0.2861E+02
   3.837  0.1246E+01  0.2862E+02
   3.847  0.1246E+01  0.2864E+02
   3.857  0.1247E+01  0.2865E+02
   3.867  0.1248E+01  0.2866E+02
   3.877  0.1249E+01  0.2867E+02
   3.887  0.1250E+01  0.2869E+02
   3.897  0.1251E+01  0.2870E+02
   3.907  0.1256E+01  0.2871E+02
   3.917  0.1269E+01  0.2872E+02
   3.927  0.1291E+01  0.2874E+02
   3.937  0.1345E+01  0.2875E+02
   3.947  0.1416E+01  0.2876E+02
   3.957  0.1448E+01  0.2878E+02
   3.967  0.1470E+01  0.2879E+02
   3.977  0.1480E+01  0.2881E+02
   3.987  0.1493E+01  0.2882E+02
   3.997  0.1510E+01  0.2884E+02
   4.007  0.1530E+01  0.2885E+02
   4.017  0.1547E+01  0.2887E+02
   4.027  0.1570E+01  0.2888E+02
   4.037  0.1599E+01  0.2890E+02
   4.047  0.1591E+01  0.2891E+02
   4.057  0.1583E+01  0.2893E+02
   4.067  0.1579E+01  0.2895E+02
   4.077  0.1572E+01  0.2896E+02
   4.087  0.1568E+01  0.2898E+02
   4.097  0.1566E+01  0.2899E+02
   4.107  0.1567E+01  0.2901E+02
   4.117  0.1574E+01  0.2902E+02
   4.127  0.1587E+01  0.2904E+02
   4.137  0.1600E+01  0.2906E+02
   4.147  0.1613E+01  0.2907E+02
   4.157  0.1624E+01  0.2909E+02
   4.167  0.1636E+01  0.2911E+02
   4.177  0.1652E+01  0.2912E+02
   4.187  0.1674E+01  0.2914E+02
   4.197  0.1696E+01  0.2916E+02
   4.207  0.1752E+01  0.2917E+02
   4.217  0.1777E+01  0.2919E+02
   4.227  0.1774E+01  0.2921E+02
   4.237  0.1782E+01  0.2923E+02
   4.247  0.1802E+01  0.2924E+02
   4.257  0.1831E+01  0.2926E+02
   4.267  0.1865E+01  0.2928E+02
   4.277  0.1915E+01  0.2930E+02
   4.287  0.1978E+01  0.2932E+02
   4.297  0.2052E+01  0.2934E+02
   4.307  0.2149E+01  0.2936E+02
   4.317  0.2326E+01  0.2938E+02
   4.327  0.2496E+01  0.2941E+02
   4.337  0.2612E+01  0.2943E+02
   4.347  0.2647E+01  0.2946E+02
   4.357  0.2457E+01  0.2948E+02
   4.367  0.2205E+01  0.2951E+02
   4.377  0.1960E+01  0.2953E+02
   4.387  0.1750E+01  0.2955E+02
   4.397  0.1637E+01  0.2956E+02
   4.407  0.1571E+01  0.2958E+02
   4.417  0.1512E+01  0.2959E+02
   4.427  0.1455E+01  0.2961E+02
   4.437  0.1399E+01  0.2962E+02
   4.447  0.1341E+01  0.2964E+02
   4.457  0.1282E+01  0.2965E+02
   4.467  0.1245E+01  0.2966E+02
   4.477  0.1238E+01  0.2968E+02
   4.487  0.1247E+01  0.2969E+02
   4.497  0.1258E+01  0.2970E+02
   4.507  0.1271E+01  0.2971E+02
   4.517  0.1281E+01  0.2973E+02
   4.527  0.1296E+01  0.2974E+02
   4.537  0.1319E+01  0.2975E+02
   4.547  0.1383E+01  0.2977E+02
   4.557  0.1489E+01  0.2978E+02
   4.567  0.1560E+01  0.2979E+02
   4.577  0.1615E+01  0.2981E+02
   4.587  0.1672E+01  0.2983E+02
   4.597  0.1731E+01  0.2984E+02
   4.607  0.1801E+01  0.2986E+02
   4.617  0.1905E+01  0.2988E+02
   4.627  0.2141E+01  0.2990E+02
   4.637  0.2314E+01  0.2992E+02
   4.647  0.2514E+01  0.2995E+02
   4.657  0.2536E+01  0.2997E+02
   4.667  0.2391E+01  0.3000E+02
   4.677  0.2280E+01  0.3002E+02
   4.687  0.2215E+01  0.3004E+02
   4.697  0.2211E+01  0.3007E+02
   4.707  0.2205E+01  0.3009E+02
   4.717  0.2208E+01  0.3011E+02
   4.727  0.2303E+01  0.3013E+02
   4.737  0.2267E+01  0.3015E+02
   4.747  0.2183E+01  0.3018E+02
   4.757  0.2100E+01  0.3020E+02
   4.767  0.2017E+01  0.3022E+02
   4.777  0.1936E+01  0.3024E+02
   4.787  0.1879E+01  0.3026E+02
   4.797  0.1849E+01  0.3028E+02
   4.807  0.1827E+01  0.3029E+02
   4.817  0.1814E+01  0.3031E+02
   4.827  0.1807E+01  0.3033E+02
   4.837  0.1817E+01  0.3035E+02
   4.847  0.1844E+01  0.3037E+02
   4.857  0.1882E+01  0.3039E+02
   4.867  0.1903E+01  0.3041E+02
   4.877  0.1904E+01  0.3042E+02
   4.887  0.2661E+01  0.3045E+02
   4.897  0.3082E+01  0.3048E+02
   4.907  0.2787E+01  0.3051E+02
   4.917  0.2603E+01  0.3053E+02
   4.927  0.2470E+01  0.3056E+02
   4.937  0.2406E+01  0.3058E+02
   4.947  0.2402E+01  0.3061E+02
   4.957  0.2367E+01  0.3063E+02
   4.967  0.2370E+01  0.3065E+02
   4.977  0.2402E+01  0.3068E+02
   4.987  0.2467E+01  0.3070E+02
   4.997  0.2567E+01  0.3073E+02
   5.007  0.2644E+01  0.3075E+02
   5.017  0.2703E+01  0.3078E+02
   5.027  0.2739E+01  0.3081E+02
   5.037  0.2764E+01  0.3083E+02
   5.047  0.2791E+01  0.3086E+02
   5.057  0.2814E+01  0.3089E+02
   5.067  0.2846E+01  0.3092E+02
   5.077  0.2900E+01  0.3095E+02
   5.087  0.2953E+01  0.3098E+02
   5.097  0.3043E+01  0.3101E+02
   5.107  0.3085E+01  0.3104E+02
   5.117  0.3133E+01  0.3107E+02
   5.127  0.3189E+01  0.3110E+02
   5.137  0.3248E+01  0.3113E+02
   5.147  0.3332E+01  0.3117E+02
   5.157  0.3413E+01  0.3120E+02
   5.167  0.3505E+01  0.3123E+02
   5.177  0.3609E+01  0.3127E+02
   5.187  0.3761E+01  0.3131E+02
   5.197  0.3986E+01  0.3134E+02
   5.207  0.4309E+01  0.3139E+02
   5.217  0.4634E+01  0.3143E+02
   5.227  0.4796E+01  0.3148E+02
   5.237  0.4892E+01  0.3153E+02
   5.247  0.4992E+01  0.3158E+02
   5.257  0.5114E+01  0.3163E+02
   5.267  0.5243E+01  0.3168E+02
   5.277  0.5311E+01  0.3173E+02
   5.287  0.5375E+01  0.3178E+02
   5.297  0.5373E+01  0.3184E+02
   5.307  0.5291E+01  0.3189E+02
   5.317  0.5361E+01  0.3194E+02
   5.327  0.5542E+01  0.3200E+02
   5.337  0.5879E+01  0.3206E+02
   5.347  0.6194E+01  0.3212E+02
   5.357  0.6485E+01  0.3218E+02
   5.367  0.6716E+01  0.3225E+02
   5.377  0.5972E+01  0.3231E+02
   5.387  0.5605E+01  0.3237E+02
   5.397  0.5420E+01  0.3242E+02
   5.407  0.5374E+01  0.3248E+02
   5.417  0.5359E+01  0.3253E+02
   5.427  0.5378E+01  0.3258E+02
   5.437  0.5511E+01  0.3264E+02
   5.447  0.5696E+01  0.3269E+02
   5.457  0.6344E+01  0.3275E+02
   5.467  0.8276E+01  0.3283E+02
   5.477  0.7028E+01  0.3290E+02
   5.487  0.6899E+01  0.3297E+02
   5.497  0.6919E+01  0.3304E+02
   5.507  0.7122E+01  0.3311E+02
   5.517  0.7439E+01  0.3318E+02
   5.527  0.7827E+01  0.3326E+02
   5.537  0.7345E+01  0.3333E+02
   5.547  0.7396E+01  0.3341E+02
   5.557  0.7658E+01  0.3348E+02
   5.567  0.7806E+01  0.3356E+02
   5.577  0.6971E+01  0.3363E+02
   5.587  0.6811E+01  0.3370E+02
   5.597  0.7280E+01  0.3377E+02
   5.607  0.7840E+01  0.3385E+02
   5.617  0.7524E+01  0.3393E+02
   5.627  0.6340E+01  0.3400E+02
   5.637  0.5865E+01  0.3406E+02
   5.647  0.5462E+01  0.3412E+02
   5.657  0.5165E+01  0.3417E+02
   5.667  0.4981E+01  0.3422E+02
   5.677  0.4864E+01  0.3427E+02
   5.687  0.4701E+01  0.3432E+02
   5.697  0.4669E+01  0.3436E+02
   5.707  0.4675E+01  0.3441E+02
   5.717  0.4538E+01  0.3446E+02
   5.727  0.4963E+01  0.3450E+02
   5.737  0.6671E+01  0.3456E+02
   5.747  0.5847E+01  0.3462E+02
   5.757  0.5153E+01  0.3468E+02
   5.767  0.4631E+01  0.3473E+02
   5.777  0.4511E+01  0.3477E+02
   5.787  0.4456E+01  0.3482E+02
   5.797  0.4457E+01  0.3486E+02
   5.807  0.4466E+01  0.3491E+02
   5.817  0.4470E+01  0.3495E+02
   5.827  0.4480E+01  0.3500E+02
   5.837  0.4498E+01  0.3504E+02
   5.847  0.4539E+01  0.3509E+02
   5.857  0.4591E+01  0.3513E+02
   5.867  0.4607E+01  0.3518E+02
   5.877  0.4617E+01  0.3522E+02
   5.887  0.4628E+01  0.3527E+02
   5.897  0.4635E+01  0.3532E+02
   5.907  0.4648E+01  0.3536E+02
   5.917  0.4699E+01  0.3541E+02
   5.927  0.4809E+01  0.3546E+02
   5.937  0.5093E+01  0.3551E+02
   5.947  0.5112E+01  0.3556E+02
   5.957  0.5233E+01  0.3561E+02
   5.967  0.5596E+01  0.3566E+02
   5.977  0.6187E+01  0.3572E+02
   5.987  0.6492E+01  0.3579E+02
   5.997  0.6674E+01  0.3585E+02
   6.007  0.7078E+01  0.3592E+02
   6.017  0.7614E+01  0.3600E+02
   6.027  0.8128E+01  0.3607E+02
   6.037  0.8577E+01  0.3616E+02
   6.047  0.9601E+01  0.3625E+02
   6.057  0.1024E+02  0.3635E+02
   6.067  0.1011E+02  0.3645E+02
   6.077  0.1017E+02  0.3655E+02
   6.087  0.1035E+02  0.3665E+02
   6.097  0.1029E+02  0.3676E+02
   6.107  0.1027E+02  0.3686E+02
   6.117  0.9307E+01  0.3696E+02
   6.127  0.9366E+01  0.3705E+02
   6.137  0.8876E+01  0.3714E+02
   6.147  0.8698E+01  0.3723E+02
   6.157  0.8591E+01  0.3732E+02
   6.167  0.8596E+01  0.3740E+02
   6.177  0.8653E+01  0.3749E+02
   6.187  0.8767E+01  0.3758E+02
   6.197  0.8977E+01  0.3766E+02
   6.207  0.8942E+01  0.3775E+02
   6.217  0.8997E+01  0.3784E+02
   6.227  0.9132E+01  0.3793E+02
   6.237  0.9432E+01  0.3803E+02
   6.247  0.9772E+01  0.3812E+02
   6.257  0.1042E+02  0.3822E+02
   6.267  0.9321E+01  0.3833E+02
   6.277  0.8533E+01  0.3841E+02
   6.287  0.8125E+01  0.3850E+02
   6.297  0.7866E+01  0.3858E+02
   6.307  0.7646E+01  0.3866E+02
   6.317  0.7558E+01  0.3873E+02
   6.327  0.7519E+01  0.3881E+02
   6.337  0.7523E+01  0.3888E+02
   6.347  0.7571E+01  0.3896E+02
   6.357  0.7638E+01  0.3903E+02
   6.367  0.7739E+01  0.3911E+02
   6.377  0.7861E+01  0.3919E+02
   6.387  0.8017E+01  0.3927E+02
   6.397  0.8201E+01  0.3935E+02
   6.407  0.8425E+01  0.3943E+02
   6.417  0.8551E+01  0.3952E+02
   6.427  0.8716E+01  0.3960E+02
   6.437  0.8919E+01  0.3969E+02
   6.447  0.9318E+01  0.3978E+02
   6.457  0.9038E+01  0.3988E+02
   6.467  0.8572E+01  0.3996E+02
   6.477  0.7928E+01  0.4005E+02
   6.487  0.7489E+01  0.4012E+02
   6.497  0.7318E+01  0.4020E+02
   6.507  0.7050E+01  0.4027E+02
   6.517  0.6800E+01  0.4034E+02
   6.527  0.6250E+01  0.4040E+02
   6.537  0.5936E+01  0.4046E+02
   6.547  0.5676E+01  0.4052E+02
   6.557  0.5464E+01  0.4058E+02
   6.567  0.5336E+01  0.4063E+02
   6.577  0.4998E+01  0.4068E+02
   6.587  0.4763E+01  0.4073E+02
   6.597  0.4585E+01  0.4078E+02
   6.607  0.4446E+01  0.4082E+02
   6.617  0.4375E+01  0.4087E+02
   6.627  0.4379E+01  0.4091E+02
   6.637  0.4489E+01  0.4096E+02
   6.647  0.4736E+01  0.4100E+02
   6.657  0.5041E+01  0.4105E+02
   6.667  0.4713E+01  0.4110E+02
   6.677  0.4618E+01  0.4115E+02
   6.687  0.4585E+01  0.4119E+02
   6.697  0.4786E+01  0.4124E+02
   6.707  0.6067E+01  0.4129E+02
   6.717  0.6583E+01  0.4135E+02
   6.727  0.7415E+01  0.4142E+02
   6.737  0.6697E+01  0.4149E+02
   6.747  0.5803E+01  0.4156E+02
   6.757  0.5411E+01  0.4161E+02
   6.767  0.5052E+01  0.4166E+02
   6.777  0.4788E+01  0.4171E+02
   6.787  0.4526E+01  0.4176E+02
   6.797  0.4490E+01  0.4180E+02
   6.807  0.4540E+01  0.4185E+02
   6.817  0.4722E+01  0.4190E+02
   6.827  0.4992E+01  0.4194E+02
   6.837  0.5466E+01  0.4200E+02
   6.847  0.6226E+01  0.4205E+02
   6.857  0.7940E+01  0.4212E+02
   6.867  0.9303E+01  0.4221E+02
   6.877  0.9879E+01  0.4231E+02
   6.887  0.1033E+02  0.4241E+02
   6.897  0.1126E+02  0.4252E+02
   6.907  0.1166E+02  0.4263E+02
   6.917  0.1011E+02  0.4274E+02
   6.927  0.7821E+01  0.4283E+02
   6.937  0.6511E+01  0.4290E+02
   6.947  0.5707E+01  0.4296E+02
   6.957  0.5185E+01  0.4302E+02
   6.967  0.5002E+01  0.4307E+02
   6.977  0.4798E+01  0.4312E+02
   6.987  0.4459E+01  0.4316E+02
   6.997  0.4267E+01  0.4321E+02
   7.007  0.4424E+01  0.4325E+02
   7.017  0.5074E+01  0.4330E+02
   7.027  0.7068E+01  0.4336E+02
   7.037  0.9899E+01  0.4345E+02
   7.047  0.8741E+01  0.4354E+02
   7.057  0.7927E+01  0.4363E+02
   7.067  0.7362E+01  0.4370E+02
   7.077  0.6868E+01  0.4377E+02
   7.087  0.6508E+01  0.4384E+02
   7.097  0.6214E+01  0.4390E+02
   7.107  0.5840E+01  0.4396E+02
   7.117  0.5488E+01  0.4402E+02
   7.127  0.5258E+01  0.4407E+02
   7.137  0.5134E+01  0.4413E+02
   7.147  0.4791E+01  0.4418E+02
   7.157  0.4616E+01  0.4422E+02
   7.167  0.4515E+01  0.4427E+02
   7.177  0.4459E+01  0.4431E+02
   7.187  0.4447E+01  0.4436E+02
   7.197  0.4480E+01  0.4440E+02
   7.207  0.4565E+01  0.4445E+02
   7.217  0.4749E+01  0.4449E+02
   7.227  0.4685E+01  0.4454E+02
   7.237  0.4697E+01  0.4459E+02
   7.247  0.4763E+01  0.4463E+02
   7.257  0.4806E+01  0.4468E+02
   7.267  0.4848E+01  0.4473E+02
   7.277  0.4952E+01  0.4478E+02
   7.287  0.5177E+01  0.4483E+02
   7.297  0.5456E+01  0.4488E+02
   7.307  0.5548E+01  0.4494E+02
   7.317  0.5607E+01  0.4499E+02
   7.327  0.5705E+01  0.4505E+02
   7.337  0.5809E+01  0.4511E+02
   7.347  0.5951E+01  0.4517E+02
   7.357  0.6072E+01  0.4523E+02
   7.367  0.6145E+01  0.4529E+02
   7.377  0.6271E+01  0.4535E+02
   7.387  0.6244E+01  0.4541E+02
   7.397  0.6210E+01  0.4548E+02
   7.407  0.6443E+01  0.4554E+02
   7.417  0.6701E+01  0.4560E+02
   7.427  0.7072E+01  0.4567E+02
   7.437  0.7455E+01  0.4575E+02
   7.447  0.7154E+01  0.4582E+02
   7.457  0.6992E+01  0.4589E+02
   7.467  0.6459E+01  0.4596E+02
   7.477  0.6240E+01  0.4602E+02
   7.487  0.6061E+01  0.4608E+02
   7.497  0.5860E+01  0.4614E+02
   7.507  0.5606E+01  0.4620E+02
   7.517  0.5389E+01  0.4625E+02
   7.527  0.5226E+01  0.4631E+02
   7.537  0.5164E+01  0.4636E+02
   7.547  0.5106E+01  0.4641E+02
   7.557  0.4885E+01  0.4646E+02
   7.567  0.4774E+01  0.4651E+02
   7.577  0.4681E+01  0.4656E+02
   7.587  0.4608E+01  0.4660E+02
   7.597  0.4428E+01  0.4665E+02
   7.607  0.4346E+01  0.4669E+02
   7.617  0.4267E+01  0.4674E+02
   7.627  0.4185E+01  0.4678E+02
   7.637  0.4118E+01  0.4682E+02
   7.647  0.4068E+01  0.4686E+02
   7.657  0.4025E+01  0.4690E+02
   7.667  0.4063E+01  0.4694E+02
   7.677  0.4357E+01  0.4698E+02
   7.687  0.3942E+01  0.4702E+02
   7.697  0.3947E+01  0.4706E+02
   7.707  0.3987E+01  0.4710E+02
   7.717  0.4054E+01  0.4714E+02
   7.727  0.4145E+01  0.4719E+02
   7.737  0.4298E+01  0.4723E+02
   7.747  0.4452E+01  0.4727E+02
   7.757  0.4507E+01  0.4732E+02
   7.767  0.4525E+01  0.4736E+02
   7.777  0.4515E+01  0.4741E+02
   7.787  0.4538E+01  0.4745E+02
   7.797  0.4466E+01  0.4750E+02
   7.807  0.4427E+01  0.4754E+02
   7.817  0.4389E+01  0.4759E+02
   7.827  0.4440E+01  0.4763E+02
   7.837  0.4508E+01  0.4767E+02
   7.847  0.4713E+01  0.4772E+02
   7.857  0.5237E+01  0.4777E+02
   7.867  0.5566E+01  0.4782E+02
   7.877  0.5950E+01  0.4788E+02
   7.887  0.6146E+01  0.4794E+02
   7.897  0.6538E+01  0.4801E+02
   7.907  0.7329E+01  0.4807E+02
   7.917  0.8411E+01  0.4815E+02
   7.927  0.9691E+01  0.4825E+02
   7.937  0.1016E+02  0.4835E+02
   7.947  0.9975E+01  0.4845E+02
   7.957  0.9722E+01  0.4855E+02
   7.967  0.9441E+01  0.4864E+02
   7.977  0.9403E+01  0.4874E+02
   7.987  0.9185E+01  0.4883E+02
   7.997  0.9028E+01  0.4892E+02
   8.007  0.9050E+01  0.4901E+02
   8.017  0.8874E+01  0.4910E+02
   8.027  0.8996E+01  0.4919E+02
   8.037  0.9159E+01  0.4928E+02
   8.047  0.9525E+01  0.4937E+02
   8.057  0.8698E+01  0.4947E+02
   8.067  0.8279E+01  0.4955E+02
   8.077  0.8011E+01  0.4963E+02
   8.087  0.7943E+01  0.4971E+02
   8.097  0.8038E+01  0.4979E+02
   8.107  0.8274E+01  0.4987E+02
   8.117  0.9469E+01  0.4996E+02
   8.127  0.1032E+02  0.5006E+02
   8.137  0.1074E+02  0.5017E+02
   8.147  0.1122E+02  0.5027E+02
   8.157  0.1227E+02  0.5039E+02
   8.167  0.1015E+02  0.5050E+02
   8.177  0.8792E+01  0.5060E+02
   8.187  0.8072E+01  0.5068E+02
   8.197  0.7479E+01  0.5076E+02
   8.207  0.7315E+01  0.5083E+02
   8.217  0.7187E+01  0.5091E+02
   8.227  0.6725E+01  0.5098E+02
   8.237  0.6502E+01  0.5104E+02
   8.247  0.6098E+01  0.5111E+02
   8.257  0.5921E+01  0.5117E+02
   8.267  0.5797E+01  0.5122E+02
   8.277  0.5619E+01  0.5128E+02
   8.287  0.5339E+01  0.5134E+02
   8.297  0.5176E+01  0.5139E+02
   8.307  0.5061E+01  0.5144E+02
   8.317  0.5049E+01  0.5149E+02
   8.327  0.5175E+01  0.5154E+02
   8.337  0.5510E+01  0.5159E+02
   8.347  0.5870E+01  0.5165E+02
   8.357  0.6543E+01  0.5171E+02
   8.367  0.7061E+01  0.5178E+02
   8.377  0.7459E+01  0.5185E+02
   8.387  0.7523E+01  0.5193E+02
   8.397  0.7634E+01  0.5201E+02
   8.407  0.7597E+01  0.5208E+02
   8.417  0.7613E+01  0.5216E+02
   8.427  0.7728E+01  0.5223E+02
   8.437  0.7542E+01  0.5231E+02
   8.447  0.7365E+01  0.5239E+02
   8.457  0.7123E+01  0.5246E+02
   8.467  0.6856E+01  0.5253E+02
   8.477  0.6818E+01  0.5260E+02
   8.487  0.7072E+01  0.5267E+02
   8.497  0.7309E+01  0.5274E+02
   8.507  0.7230E+01  0.5281E+02
   8.517  0.7468E+01  0.5288E+02
   8.527  0.8086E+01  0.5296E+02
   8.537  0.8546E+01  0.5304E+02
   8.547  0.7229E+01  0.5313E+02
   8.557  0.6078E+01  0.5319E+02
   8.567  0.6024E+01  0.5325E+02
   8.577  0.5875E+01  0.5331E+02
   8.587  0.5973E+01  0.5337E+02
   8.597  0.6290E+01  0.5343E+02
   8.607  0.6427E+01  0.5350E+02
   8.617  0.6578E+01  0.5356E+02
   8.627  0.6681E+01  0.5363E+02
   8.637  0.6943E+01  0.5370E+02
   8.647  0.7410E+01  0.5377E+02
   8.657  0.7156E+01  0.5384E+02
   8.667  0.6408E+01  0.5391E+02
   8.677  0.6077E+01  0.5397E+02
   8.687  0.5872E+01  0.5403E+02
   8.697  0.5726E+01  0.5409E+02
   8.707  0.5594E+01  0.5415E+02
   8.717  0.5464E+01  0.5420E+02
   8.727  0.5349E+01  0.5426E+02
   8.737  0.5249E+01  0.5431E+02
   8.747  0.5169E+01  0.5436E+02
   8.757  0.5104E+01  0.5441E+02
   8.767  0.5052E+01  0.5446E+02
   8.777  0.5011E+01  0.5451E+02
   8.787  0.4963E+01  0.5456E+02
   8.797  0.4926E+01  0.5461E+02
   8.807  0.4924E+01  0.5466E+02
   8.817  0.4933E+01  0.5471E+02
   8.827  0.4946E+01  0.5476E+02
   8.837  0.4978E+01  0.5481E+02
   8.847  0.5047E+01  0.5486E+02
   8.857  0.5057E+01  0.5491E+02
   8.867  0.5045E+01  0.5496E+02
   8.877  0.5028E+01  0.5501E+02
   8.887  0.4994E+01  0.5506E+02
   8.897  0.4945E+01  0.5511E+02
   8.907  0.4885E+01  0.5516E+02
   8.917  0.4797E+01  0.5521E+02
   8.927  0.4698E+01  0.5526E+02
   8.937  0.4586E+01  0.5530E+02
   8.947  0.4455E+01  0.5535E+02
   8.957  0.4336E+01  0.5539E+02
   8.967  0.4255E+01  0.5544E+02
   8.977  0.4164E+01  0.5548E+02
   8.987  0.4037E+01  0.5552E+02
   8.997  0.3904E+01  0.5556E+02
   9.007  0.3722E+01  0.5560E+02
   9.017  0.3514E+01  0.5563E+02
   9.027  0.3374E+01  0.5567E+02
   9.037  0.3347E+01  0.5570E+02
   9.047  0.3363E+01  0.5573E+02
   9.057  0.3422E+01  0.5577E+02
   9.067  0.3542E+01  0.5580E+02
   9.077  0.3723E+01  0.5584E+02
   9.087  0.3961E+01  0.5588E+02
   9.097  0.4325E+01  0.5592E+02
   9.107  0.4425E+01  0.5596E+02
   9.117  0.4543E+01  0.5601E+02
   9.127  0.4741E+01  0.5605E+02
   9.137  0.4922E+01  0.5610E+02
   9.147  0.5091E+01  0.5615E+02
   9.157  0.5609E+01  0.5621E+02
   9.167  0.5987E+01  0.5626E+02
   9.177  0.6163E+01  0.5632E+02
   9.187  0.6192E+01  0.5639E+02
   9.197  0.6180E+01  0.5645E+02
   9.207  0.6122E+01  0.5651E+02
   9.217  0.5906E+01  0.5657E+02
   9.227  0.5522E+01  0.5663E+02
   9.237  0.5276E+01  0.5668E+02
   9.247  0.5106E+01  0.5673E+02
   9.257  0.4952E+01  0.5678E+02
   9.267  0.4778E+01  0.5683E+02
   9.277  0.4618E+01  0.5688E+02
   9.287  0.4538E+01  0.5692E+02
   9.297  0.4486E+01  0.5697E+02
   9.307  0.4445E+01  0.5701E+02
   9.317  0.4384E+01  0.5706E+02
   9.327  0.4332E+01  0.5710E+02
   9.337  0.4296E+01  0.5715E+02
   9.347  0.4272E+01  0.5719E+02
   9.357  0.4258E+01  0.5723E+02
   9.367  0.4259E+01  0.5727E+02
   9.377  0.4233E+01  0.5732E+02
   9.387  0.4141E+01  0.5736E+02
   9.397  0.4023E+01  0.5740E+02
   9.407  0.3875E+01  0.5744E+02
   9.417  0.3719E+01  0.5748E+02
   9.427  0.3543E+01  0.5751E+02
   9.437  0.3331E+01  0.5755E+02
   9.447  0.3118E+01  0.5758E+02
   9.457  0.2925E+01  0.5761E+02
   9.467  0.2712E+01  0.5764E+02
   9.477  0.2530E+01  0.5766E+02
   9.487  0.2458E+01  0.5769E+02
   9.497  0.2486E+01  0.5771E+02
   9.507  0.2497E+01  0.5774E+02
   9.517  0.2578E+01  0.5776E+02
   9.527  0.2674E+01  0.5779E+02
   9.537  0.2806E+01  0.5782E+02
   9.547  0.3138E+01  0.5785E+02
   9.557  0.3794E+01  0.5788E+02
   9.567  0.3944E+01  0.5792E+02
   9.577  0.4078E+01  0.5796E+02
   9.587  0.4166E+01  0.5800E+02
   9.597  0.4185E+01  0.5804E+02
   9.607  0.4117E+01  0.5808E+02
   9.617  0.4032E+01  0.5813E+02
   9.627  0.3956E+01  0.5817E+02
   9.637  0.3888E+01  0.5820E+02
   9.647  0.3834E+01  0.5824E+02
   9.657  0.3806E+01  0.5828E+02
   9.667  0.3744E+01  0.5832E+02
   9.677  0.3727E+01  0.5836E+02
   9.687  0.3698E+01  0.5839E+02
   9.697  0.3658E+01  0.5843E+02
   9.707  0.3573E+01  0.5847E+02
   9.717  0.3513E+01  0.5850E+02
   9.727  0.3441E+01  0.5854E+02
   9.737  0.3352E+01  0.5857E+02
   9.747  0.3290E+01  0.5860E+02
   9.757  0.3243E+01  0.5864E+02
   9.767  0.3193E+01  0.5867E+02
   9.777  0.3146E+01  0.5870E+02
   9.787  0.3085E+01  0.5873E+02
   9.797  0.3009E+01  0.5876E+02
   9.807  0.2954E+01  0.5879E+02
   9.817  0.2890E+01  0.5882E+02
   9.827  0.2826E+01  0.5885E+02
   9.837  0.2769E+01  0.5888E+02
   9.847  0.2724E+01  0.5891E+02
   9.857  0.2672E+01  0.5893E+02
   9.867  0.2623E+01  0.5896E+02
   9.877  0.2586E+01  0.5898E+02
   9.887  0.2567E+01  0.5901E+02
   9.897  0.2563E+01  0.5904E+02
   9.907  0.2565E+01  0.5906E+02
   9.917  0.2573E+01  0.5909E+02
   9.927  0.2658E+01  0.5911E+02
   9.937  0.2523E+01  0.5914E+02
   9.947  0.2507E+01  0.5916E+02
   9.957  0.2498E+01  0.5919E+02
   9.967  0.2497E+01  0.5921E+02
   9.977  0.2505E+01  0.5924E+02
   9.987  0.2549E+01  0.5927E+02
   9.997  0.2582E+01  0.5929E+02
  10.007  0.2611E+01  0.5932E+02
  10.017  0.2671E+01  0.5934E+02
  10.027  0.2725E+01  0.5937E+02
  10.037  0.2798E+01  0.5940E+02
  10.047  0.2894E+01  0.5943E+02
  10.057  0.2911E+01  0.5946E+02
  10.067  0.2947E+01  0.5948E+02
  10.077  0.2994E+01  0.5951E+02
  10.087  0.3048E+01  0.5954E+02
  10.097  0.3116E+01  0.5958E+02
  10.107  0.3369E+01  0.5961E+02
  10.117  0.3872E+01  0.5965E+02
  10.127  0.4292E+01  0.5969E+02
  10.137  0.4838E+01  0.5973E+02
  10.147  0.4833E+01  0.5978E+02
  10.157  0.4931E+01  0.5983E+02
  10.167  0.5048E+01  0.5988E+02
  10.177  0.5128E+01  0.5993E+02
  10.187  0.5255E+01  0.5998E+02
  10.197  0.5448E+01  0.6003E+02
  10.207  0.5522E+01  0.6009E+02
  10.217  0.3736E+01  0.6014E+02
  10.227  0.3120E+01  0.6017E+02
  10.237  0.3002E+01  0.6020E+02
  10.247  0.2904E+01  0.6023E+02
  10.257  0.2817E+01  0.6026E+02
  10.267  0.2774E+01  0.6029E+02
  10.277  0.2776E+01  0.6032E+02
  10.287  0.2818E+01  0.6034E+02
  10.297  0.2923E+01  0.6037E+02
  10.307  0.3051E+01  0.6040E+02
  10.317  0.3291E+01  0.6043E+02
  10.327  0.3607E+01  0.6047E+02
  10.337  0.3954E+01  0.6051E+02
  10.347  0.4352E+01  0.6055E+02
  10.357  0.4846E+01  0.6059E+02
  10.367  0.5420E+01  0.6064E+02
  10.377  0.6119E+01  0.6070E+02
  10.387  0.6590E+01  0.6077E+02
  10.397  0.6998E+01  0.6083E+02
  10.407  0.6892E+01  0.6090E+02
  10.417  0.6440E+01  0.6097E+02
  10.427  0.5953E+01  0.6103E+02
  10.437  0.5610E+01  0.6109E+02
  10.447  0.5322E+01  0.6115E+02
  10.457  0.5111E+01  0.6120E+02
  10.467  0.4941E+01  0.6125E+02
  10.477  0.4747E+01  0.6130E+02
  10.487  0.4868E+01  0.6134E+02
  10.497  0.4967E+01  0.6139E+02
  10.507  0.4348E+01  0.6144E+02
  10.517  0.3891E+01  0.6148E+02
  10.527  0.3628E+01  0.6152E+02
  10.537  0.3381E+01  0.6155E+02
  10.547  0.3175E+01  0.6159E+02
  10.557  0.3007E+01  0.6162E+02
  10.567  0.2889E+01  0.6165E+02
  10.577  0.2679E+01  0.6167E+02
  10.587  0.2669E+01  0.6170E+02
  10.597  0.2655E+01  0.6173E+02
  10.607  0.2662E+01  0.6175E+02
  10.617  0.2676E+01  0.6178E+02
  10.627  0.2700E+01  0.6181E+02
  10.637  0.2674E+01  0.6183E+02
  10.647  0.2807E+01  0.6186E+02
  10.657  0.2953E+01  0.6189E+02
  10.667  0.3029E+01  0.6192E+02
  10.677  0.3046E+01  0.6195E+02
  10.687  0.3098E+01  0.6198E+02
  10.697  0.3671E+01  0.6201E+02
  10.707  0.3279E+01  0.6205E+02
  10.717  0.3243E+01  0.6208E+02
  10.727  0.3247E+01  0.6211E+02
  10.737  0.3112E+01  0.6215E+02
  10.747  0.2967E+01  0.6218E+02
  10.757  0.2867E+01  0.6220E+02
  10.767  0.2803E+01  0.6223E+02
  10.777  0.2785E+01  0.6226E+02
  10.787  0.2780E+01  0.6229E+02
  10.797  0.2789E+01  0.6232E+02
  10.807  0.2810E+01  0.6234E+02
  10.817  0.2845E+01  0.6237E+02
  10.827  0.2892E+01  0.6240E+02
  10.837  0.2949E+01  0.6243E+02
  10.847  0.3091E+01  0.6246E+02
  10.857  0.3784E+01  0.6249E+02
  10.867  0.3413E+01  0.6253E+02
  10.877  0.3411E+01  0.6256E+02
  10.887  0.3421E+01  0.6260E+02
  10.897  0.3460E+01  0.6263E+02
  10.907  0.3542E+01  0.6267E+02
  10.917  0.3658E+01  0.6270E+02
  10.927  0.3802E+01  0.6274E+02
  10.937  0.3973E+01  0.6278E+02
  10.947  0.4164E+01  0.6282E+02
  10.957  0.4374E+01  0.6286E+02
  10.967  0.4601E+01  0.6291E+02
  10.977  0.4843E+01  0.6295E+02
  10.987  0.5106E+01  0.6300E+02
  10.997  0.5581E+01  0.6306E+02
  11.007  0.6172E+01  0.6311E+02
  11.017  0.6912E+01  0.6318E+02
  11.027  0.7101E+01  0.6325E+02
  11.037  0.7021E+01  0.6332E+02
  11.047  0.7020E+01  0.6339E+02
  11.057  0.7072E+01  0.6346E+02
  11.067  0.7357E+01  0.6353E+02
  11.077  0.7713E+01  0.6361E+02
  11.087  0.8147E+01  0.6369E+02
  11.097  0.8763E+01  0.6377E+02
  11.107  0.9361E+01  0.6386E+02
  11.117  0.9896E+01  0.6396E+02
  11.127  0.1069E+02  0.6406E+02
  11.137  0.1155E+02  0.6417E+02
  11.147  0.1173E+02  0.6429E+02
  11.157  0.1120E+02  0.6441E+02
  11.167  0.1039E+02  0.6451E+02
  11.177  0.9746E+01  0.6461E+02
  11.187  0.9257E+01  0.6471E+02
  11.197  0.8838E+01  0.6480E+02
  11.207  0.8491E+01  0.6489E+02
  11.217  0.8445E+01  0.6497E+02
  11.227  0.8409E+01  0.6506E+02
  11.237  0.8639E+01  0.6514E+02
  11.247  0.8960E+01  0.6523E+02
  11.257  0.9265E+01  0.6532E+02
  11.267  0.9612E+01  0.6541E+02
  11.277  0.9619E+01  0.6551E+02
  11.287  0.9505E+01  0.6561E+02
  11.297  0.9480E+01  0.6570E+02
  11.307  0.9446E+01  0.6580E+02
  11.317  0.9352E+01  0.6589E+02
  11.327  0.9124E+01  0.6598E+02
  11.337  0.9036E+01  0.6607E+02
  11.347  0.9016E+01  0.6616E+02
  11.357  0.9223E+01  0.6625E+02
  11.367  0.9155E+01  0.6635E+02
  11.377  0.9168E+01  0.6644E+02
  11.387  0.9289E+01  0.6653E+02
  11.397  0.9286E+01  0.6662E+02
  11.407  0.9337E+01  0.6672E+02
  11.417  0.9556E+01  0.6681E+02
  11.427  0.9454E+01  0.6691E+02
  11.437  0.9257E+01  0.6700E+02
  11.447  0.9151E+01  0.6709E+02
  11.457  0.9247E+01  0.6718E+02
  11.467  0.9141E+01  0.6727E+02
  11.477  0.9097E+01  0.6737E+02
  11.487  0.8965E+01  0.6746E+02
  11.497  0.8793E+01  0.6754E+02
  11.507  0.8590E+01  0.6763E+02
  11.517  0.8655E+01  0.6772E+02
  11.527  0.8490E+01  0.6780E+02
  11.537  0.8771E+01  0.6789E+02
  11.547  0.8935E+01  0.6798E+02
  11.557  0.8902E+01  0.6807E+02
  11.567  0.8287E+01  0.6815E+02
  11.577  0.8100E+01  0.6823E+02
  11.587  0.8016E+01  0.6832E+02
  11.597  0.7977E+01  0.6840E+02
  11.607  0.7873E+01  0.6847E+02
  11.617  0.7824E+01  0.6855E+02
  11.627  0.7796E+01  0.6863E+02
  11.637  0.7952E+01  0.6871E+02
  11.647  0.8275E+01  0.6879E+02
  11.657  0.8337E+01  0.6887E+02
  11.667  0.7957E+01  0.6896E+02
  11.677  0.7880E+01  0.6903E+02
  11.687  0.7779E+01  0.6911E+02
  11.697  0.7618E+01  0.6919E+02
  11.707  0.7258E+01  0.6927E+02
  11.717  0.6988E+01  0.6934E+02
  11.727  0.6584E+01  0.6940E+02
  11.737  0.6205E+01  0.6947E+02
  11.747  0.6007E+01  0.6953E+02
  11.757  0.5959E+01  0.6959E+02
  11.767  0.5806E+01  0.6965E+02
  11.777  0.5805E+01  0.6971E+02
  11.787  0.6210E+01  0.6976E+02
  11.797  0.6391E+01  0.6983E+02
  11.807  0.6544E+01  0.6989E+02
  11.817  0.6170E+01  0.6996E+02
  11.827  0.5999E+01  0.7002E+02
  11.837  0.5944E+01  0.7008E+02
  11.847  0.5999E+01  0.7014E+02
  11.857  0.6249E+01  0.7020E+02
  11.867  0.6515E+01  0.7026E+02
  11.877  0.6855E+01  0.7033E+02
  11.887  0.7243E+01  0.7040E+02
  11.897  0.7557E+01  0.7047E+02
  11.907  0.7900E+01  0.7055E+02
  11.917  0.8410E+01  0.7063E+02
  11.927  0.9039E+01  0.7072E+02
  11.937  0.9481E+01  0.7081E+02
  11.947  0.9646E+01  0.7091E+02
  11.957  0.9587E+01  0.7100E+02
  11.967  0.9644E+01  0.7110E+02
  11.977  0.9108E+01  0.7119E+02
  11.987  0.8789E+01  0.7128E+02
  11.997  0.8490E+01  0.7137E+02
  12.007  0.8181E+01  0.7145E+02
  12.017  0.7903E+01  0.7153E+02
  12.027  0.7737E+01  0.7161E+02
  12.037  0.7601E+01  0.7169E+02
  12.047  0.7520E+01  0.7176E+02
  12.057  0.7453E+01  0.7184E+02
  12.067  0.7402E+01  0.7191E+02
  12.077  0.7220E+01  0.7199E+02
  12.087  0.7142E+01  0.7206E+02
  12.097  0.7251E+01  0.7213E+02
  12.107  0.7544E+01  0.7220E+02
  12.117  0.7998E+01  0.7228E+02
  12.127  0.8081E+01  0.7236E+02
  12.137  0.8075E+01  0.7244E+02
  12.147  0.8564E+01  0.7253E+02
  12.157  0.8755E+01  0.7261E+02
  12.167  0.8846E+01  0.7270E+02
  12.177  0.9022E+01  0.7279E+02
  12.187  0.9565E+01  0.7288E+02
  12.197  0.8933E+01  0.7298E+02
  12.207  0.8921E+01  0.7306E+02
  12.217  0.8976E+01  0.7315E+02
  12.227  0.9129E+01  0.7324E+02
  12.237  0.9325E+01  0.7334E+02
  12.247  0.9761E+01  0.7343E+02
  12.257  0.9302E+01  0.7353E+02
  12.267  0.9179E+01  0.7362E+02
  12.277  0.8971E+01  0.7371E+02
  12.287  0.8821E+01  0.7380E+02
  12.297  0.8760E+01  0.7389E+02
  12.307  0.8691E+01  0.7398E+02
  12.317  0.8583E+01  0.7406E+02
  12.327  0.8504E+01  0.7415E+02
  12.337  0.8397E+01  0.7423E+02
  12.347  0.8305E+01  0.7432E+02
  12.357  0.8873E+01  0.7440E+02
  12.367  0.8764E+01  0.7449E+02
  12.377  0.8190E+01  0.7457E+02
  12.387  0.8245E+01  0.7466E+02
  12.397  0.8358E+01  0.7474E+02
  12.407  0.8236E+01  0.7482E+02
  12.417  0.8052E+01  0.7490E+02
  12.427  0.7935E+01  0.7498E+02
  12.437  0.7925E+01  0.7506E+02
  12.447  0.7701E+01  0.7514E+02
  12.457  0.7580E+01  0.7522E+02
  12.467  0.7481E+01  0.7529E+02
  12.477  0.7297E+01  0.7537E+02
  12.487  0.7373E+01  0.7544E+02
  12.497  0.7386E+01  0.7551E+02
  12.507  0.7399E+01  0.7559E+02
  12.517  0.7284E+01  0.7566E+02
  12.527  0.7302E+01  0.7573E+02
  12.537  0.7428E+01  0.7581E+02
  12.547  0.7502E+01  0.7588E+02
  12.557  0.7441E+01  0.7596E+02
  12.567  0.7465E+01  0.7603E+02
  12.577  0.7647E+01  0.7611E+02
  12.587  0.8111E+01  0.7619E+02
  12.597  0.8681E+01  0.7627E+02
  12.607  0.7601E+01  0.7635E+02
  12.617  0.7654E+01  0.7642E+02
  12.627  0.7752E+01  0.7650E+02
  12.637  0.7810E+01  0.7658E+02
  12.647  0.7885E+01  0.7666E+02
  12.657  0.7898E+01  0.7674E+02
  12.667  0.7769E+01  0.7681E+02
  12.677  0.7548E+01  0.7689E+02
  12.687  0.7332E+01  0.7697E+02
  12.697  0.7009E+01  0.7704E+02
  12.707  0.6677E+01  0.7711E+02
  12.717  0.6466E+01  0.7717E+02
  12.727  0.6270E+01  0.7724E+02
  12.737  0.6060E+01  0.7730E+02
  12.747  0.5875E+01  0.7736E+02
  12.757  0.5830E+01  0.7741E+02
  12.767  0.5379E+01  0.7747E+02
  12.777  0.5161E+01  0.7752E+02
  12.787  0.5106E+01  0.7758E+02
  12.797  0.5102E+01  0.7763E+02
  12.807  0.5224E+01  0.7768E+02
  12.817  0.5121E+01  0.7773E+02
  12.827  0.5198E+01  0.7778E+02
  12.837  0.4944E+01  0.7783E+02
  12.847  0.4869E+01  0.7788E+02
  12.857  0.4905E+01  0.7793E+02
  12.867  0.4988E+01  0.7798E+02
  12.877  0.5114E+01  0.7803E+02
  12.887  0.5265E+01  0.7808E+02
  12.897  0.5445E+01  0.7814E+02
  12.907  0.5670E+01  0.7819E+02
  12.917  0.5782E+01  0.7825E+02
  12.927  0.5816E+01  0.7831E+02
  12.937  0.5936E+01  0.7837E+02
  12.947  0.6160E+01  0.7843E+02
  12.957  0.5758E+01  0.7849E+02
  12.967  0.5381E+01  0.7854E+02
  12.977  0.5009E+01  0.7859E+02
  12.987  0.4800E+01  0.7864E+02
  12.997  0.4664E+01  0.7869E+02
  13.007  0.4568E+01  0.7874E+02
  13.017  0.4220E+01  0.7878E+02
  13.027  0.4038E+01  0.7882E+02
  13.037  0.3901E+01  0.7886E+02
  13.047  0.3757E+01  0.7890E+02
  13.057  0.3598E+01  0.7894E+02
  13.067  0.3445E+01  0.7897E+02
  13.077  0.3320E+01  0.7900E+02
  13.087  0.3204E+01  0.7904E+02
  13.097  0.3101E+01  0.7907E+02
  13.107  0.3002E+01  0.7910E+02
  13.117  0.2902E+01  0.7913E+02
  13.127  0.2849E+01  0.7916E+02
  13.137  0.2790E+01  0.7919E+02
  13.147  0.2785E+01  0.7921E+02
  13.157  0.2839E+01  0.7924E+02
  13.167  0.2922E+01  0.7927E+02
  13.177  0.2990E+01  0.7930E+02
  13.187  0.2991E+01  0.7933E+02
  13.197  0.2985E+01  0.7936E+02
  13.207  0.2977E+01  0.7939E+02
  13.217  0.2964E+01  0.7942E+02
  13.227  0.2970E+01  0.7945E+02
  13.237  0.2986E+01  0.7948E+02
  13.247  0.2979E+01  0.7951E+02
  13.257  0.3034E+01  0.7954E+02
  13.267  0.3035E+01  0.7957E+02
  13.277  0.2894E+01  0.7960E+02
  13.287  0.2769E+01  0.7963E+02
  13.297  0.2618E+01  0.7965E+02
  13.307  0.2476E+01  0.7968E+02
  13.317  0.2329E+01  0.7970E+02
  13.327  0.2122E+01  0.7973E+02
  13.337  0.1867E+01  0.7975E+02
  13.347  0.1614E+01  0.7976E+02
  13.357  0.1392E+01  0.7978E+02
  13.367  0.1209E+01  0.7979E+02
  13.377  0.1085E+01  0.7980E+02
  13.387  0.1017E+01  0.7981E+02
  13.397  0.9573E+00  0.7982E+02
  13.407  0.9057E+00  0.7983E+02
  13.417  0.8617E+00  0.7984E+02
  13.427  0.8248E+00  0.7985E+02
  13.437  0.7903E+00  0.7986E+02
  13.447  0.7572E+00  0.7987E+02
  13.457  0.7254E+00  0.7987E+02
  13.467  0.6950E+00  0.7988E+02
  13.477  0.6659E+00  0.7989E+02
  13.487  0.6382E+00  0.7989E+02
  13.497  0.6117E+00  0.7990E+02
  13.507  0.5868E+00  0.7991E+02
  13.517  0.5635E+00  0.7991E+02
  13.527  0.5418E+00  0.7992E+02
  13.537  0.5218E+00  0.7992E+02
  13.547  0.5032E+00  0.7993E+02
  13.557  0.4866E+00  0.7993E+02
  13.567  0.4720E+00  0.7994E+02
  13.577  0.4590E+00  0.7994E+02
  13.587  0.4467E+00  0.7995E+02
  13.597  0.4351E+00  0.7995E+02
  13.607  0.4242E+00  0.7996E+02
  13.617  0.4141E+00  0.7996E+02
  13.627  0.4048E+00  0.7996E+02
  13.637  0.3966E+00  0.7997E+02
  13.647  0.3895E+00  0.7997E+02
  13.657  0.3834E+00  0.7998E+02
  13.667  0.3700E+00  0.7998E+02
  13.677  0.3403E+00  0.7998E+02
  13.687  0.2907E+00  0.7999E+02
  13.697  0.2424E+00  0.7999E+02
  13.707  0.2037E+00  0.7999E+02
  13.717  0.1738E+00  0.7999E+02
  13.727  0.1480E+00  0.7999E+02
  13.737  0.1246E+00  0.8000E+02
  13.747  0.1031E+00  0.8000E+02
  13.757  0.8375E-01  0.8000E+02
  13.767  0.6637E-01  0.8000E+02
  13.777  0.5101E-01  0.8000E+02
  13.787  0.3767E-01  0.8000E+02
  13.797  0.2635E-01  0.8000E+02
  13.807  0.1705E-01  0.8000E+02
  13.817  0.9761E-02  0.8000E+02
  13.827  0.4494E-02  0.8000E+02
  13.837  0.1244E-02  0.8000E+02
  13.847  0.1227E-04  0.8000E+02
