#  E (eV)   dos(E)     Int dos(E) EFermi =    1.303 eV
 -11.516  0.0000E+00  0.0000E+00
 -11.506  0.5530E+00  0.1854E-02
 -11.496  0.1013E+01  0.1054E-01
 -11.486  0.1273E+01  0.2168E-01
 -11.476  0.1663E+01  0.3641E-01
 -11.466  0.1823E+01  0.5397E-01
 -11.456  0.2045E+01  0.7324E-01
 -11.446  0.2288E+01  0.9491E-01
 -11.436  0.2542E+01  0.1190E+00
 -11.426  0.2758E+01  0.1456E+00
 -11.416  0.2976E+01  0.1742E+00
 -11.406  0.3206E+01  0.2052E+00
 -11.396  0.3443E+01  0.2384E+00
 -11.386  0.3705E+01  0.2741E+00
 -11.376  0.4017E+01  0.3127E+00
 -11.366  0.4341E+01  0.3545E+00
 -11.356  0.4675E+01  0.3995E+00
 -11.346  0.5026E+01  0.4480E+00
 -11.336  0.5584E+01  0.5005E+00
 -11.326  0.6701E+01  0.5620E+00
 -11.316  0.7334E+01  0.6331E+00
 -11.306  0.7123E+01  0.7052E+00
 -11.296  0.7088E+01  0.7764E+00
 -11.286  0.6866E+01  0.8463E+00
 -11.276  0.6726E+01  0.9141E+00
 -11.266  0.6653E+01  0.9810E+00
 -11.256  0.6528E+01  0.1047E+01
 -11.246  0.6362E+01  0.1111E+01
 -11.236  0.6192E+01  0.1174E+01
 -11.226  0.6067E+01  0.1235E+01
 -11.216  0.5956E+01  0.1296E+01
 -11.206  0.5810E+01  0.1354E+01
 -11.196  0.5657E+01  0.1412E+01
 -11.186  0.5497E+01  0.1468E+01
 -11.176  0.5334E+01  0.1522E+01
 -11.166  0.5141E+01  0.1574E+01
 -11.156  0.4964E+01  0.1625E+01
 -11.146  0.4871E+01  0.1674E+01
 -11.136  0.4803E+01  0.1722E+01
 -11.126  0.4431E+01  0.1768E+01
 -11.116  0.3930E+01  0.1810E+01
 -11.106  0.3348E+01  0.1847E+01
 -11.096  0.2824E+01  0.1877E+01
 -11.086  0.2413E+01  0.1904E+01
 -11.076  0.2063E+01  0.1926E+01
 -11.066  0.1782E+01  0.1945E+01
 -11.056  0.1512E+01  0.1962E+01
 -11.046  0.1209E+01  0.1975E+01
 -11.036  0.9736E+00  0.1986E+01
 -11.026  0.6431E+00  0.1994E+01
 -11.016  0.3417E+00  0.1999E+01
 -11.006  0.5884E+02  0.2308E+01
 -10.996  0.4778E+02  0.2828E+01
 -10.986  0.2427E+02  0.3125E+01
 -10.976  0.2363E+02  0.3367E+01
 -10.966  0.2125E+02  0.3587E+01
 -10.956  0.1885E+02  0.3798E+01
 -10.946  0.1819E+02  0.3984E+01
 -10.936  0.1800E+02  0.4165E+01
 -10.926  0.1810E+02  0.4346E+01
 -10.916  0.1792E+02  0.4526E+01
 -10.906  0.1737E+02  0.4701E+01
 -10.896  0.1724E+02  0.4872E+01
 -10.886  0.1831E+02  0.5049E+01
 -10.876  0.1805E+02  0.5229E+01
 -10.866  0.1765E+02  0.5408E+01
 -10.856  0.1979E+02  0.5593E+01
 -10.846  0.1955E+02  0.5780E+01
 -10.836  0.1241E+02  0.5981E+01
 -10.826  0.0000E+00  0.6000E+01
 -10.816  0.0000E+00  0.6000E+01
 -10.806  0.0000E+00  0.6000E+01
 -10.796  0.0000E+00  0.6000E+01
 -10.786  0.0000E+00  0.6000E+01
 -10.776  0.0000E+00  0.6000E+01
 -10.766  0.0000E+00  0.6000E+01
 -10.756  0.0000E+00  0.6000E+01
 -10.746  0.0000E+00  0.6000E+01
 -10.736  0.0000E+00  0.6000E+01
 -10.726  0.0000E+00  0.6000E+01
 -10.716  0.0000E+00  0.6000E+01
 -10.706  0.0000E+00  0.6000E+01
 -10.696  0.0000E+00  0.6000E+01
 -10.686  0.0000E+00  0.6000E+01
 -10.676  0.0000E+00  0.6000E+01
 -10.666  0.0000E+00  0.6000E+01
 -10.656  0.0000E+00  0.6000E+01
 -10.646  0.0000E+00  0.6000E+01
 -10.636  0.0000E+00  0.6000E+01
 -10.626  0.0000E+00  0.6000E+01
 -10.616  0.0000E+00  0.6000E+01
 -10.606  0.0000E+00  0.6000E+01
 -10.596  0.0000E+00  0.6000E+01
 -10.586  0.0000E+00  0.6000E+01
 -10.576  0.0000E+00  0.6000E+01
 -10.566  0.0000E+00  0.6000E+01
 -10.556  0.0000E+00  0.6000E+01
 -10.546  0.0000E+00  0.6000E+01
 -10.536  0.0000E+00  0.6000E+01
 -10.526  0.0000E+00  0.6000E+01
 -10.516  0.0000E+00  0.6000E+01
 -10.506  0.0000E+00  0.6000E+01
 -10.496  0.0000E+00  0.6000E+01
 -10.486  0.0000E+00  0.6000E+01
 -10.476  0.0000E+00  0.6000E+01
 -10.466  0.0000E+00  0.6000E+01
 -10.456  0.0000E+00  0.6000E+01
 -10.446  0.0000E+00  0.6000E+01
 -10.436  0.0000E+00  0.6000E+01
 -10.426  0.0000E+00  0.6000E+01
 -10.416  0.0000E+00  0.6000E+01
 -10.406  0.0000E+00  0.6000E+01
 -10.396  0.0000E+00  0.6000E+01
 -10.386  0.0000E+00  0.6000E+01
 -10.376  0.0000E+00  0.6000E+01
 -10.366  0.0000E+00  0.6000E+01
 -10.356  0.0000E+00  0.6000E+01
 -10.346  0.0000E+00  0.6000E+01
 -10.336  0.0000E+00  0.6000E+01
 -10.326  0.0000E+00  0.6000E+01
 -10.316  0.0000E+00  0.6000E+01
 -10.306  0.0000E+00  0.6000E+01
 -10.296  0.0000E+00  0.6000E+01
 -10.286  0.0000E+00  0.6000E+01
 -10.276  0.0000E+00  0.6000E+01
 -10.266  0.0000E+00  0.6000E+01
 -10.256  0.0000E+00  0.6000E+01
 -10.246  0.0000E+00  0.6000E+01
 -10.236  0.0000E+00  0.6000E+01
 -10.226  0.0000E+00  0.6000E+01
 -10.216  0.0000E+00  0.6000E+01
 -10.206  0.0000E+00  0.6000E+01
 -10.196  0.0000E+00  0.6000E+01
 -10.186  0.0000E+00  0.6000E+01
 -10.176  0.0000E+00  0.6000E+01
 -10.166  0.0000E+00  0.6000E+01
 -10.156  0.0000E+00  0.6000E+01
 -10.146  0.0000E+00  0.6000E+01
 -10.136  0.0000E+00  0.6000E+01
 -10.126  0.0000E+00  0.6000E+01
 -10.116  0.0000E+00  0.6000E+01
 -10.106  0.0000E+00  0.6000E+01
 -10.096  0.0000E+00  0.6000E+01
 -10.086  0.0000E+00  0.6000E+01
 -10.076  0.0000E+00  0.6000E+01
 -10.066  0.0000E+00  0.6000E+01
 -10.056  0.0000E+00  0.6000E+01
 -10.046  0.0000E+00  0.6000E+01
 -10.036  0.0000E+00  0.6000E+01
 -10.026  0.0000E+00  0.6000E+01
 -10.016  0.0000E+00  0.6000E+01
 -10.006  0.0000E+00  0.6000E+01
  -9.996  0.0000E+00  0.6000E+01
  -9.986  0.0000E+00  0.6000E+01
  -9.976  0.0000E+00  0.6000E+01
  -9.966  0.0000E+00  0.6000E+01
  -9.956  0.0000E+00  0.6000E+01
  -9.946  0.0000E+00  0.6000E+01
  -9.936  0.0000E+00  0.6000E+01
  -9.926  0.0000E+00  0.6000E+01
  -9.916  0.0000E+00  0.6000E+01
  -9.906  0.0000E+00  0.6000E+01
  -9.896  0.0000E+00  0.6000E+01
  -9.886  0.0000E+00  0.6000E+01
  -9.876  0.0000E+00  0.6000E+01
  -9.866  0.0000E+00  0.6000E+01
  -9.856  0.0000E+00  0.6000E+01
  -9.846  0.0000E+00  0.6000E+01
  -9.836  0.0000E+00  0.6000E+01
  -9.826  0.0000E+00  0.6000E+01
  -9.816  0.0000E+00  0.6000E+01
  -9.806  0.0000E+00  0.6000E+01
  -9.796  0.0000E+00  0.6000E+01
  -9.786  0.0000E+00  0.6000E+01
  -9.776  0.0000E+00  0.6000E+01
  -9.766  0.0000E+00  0.6000E+01
  -9.756  0.0000E+00  0.6000E+01
  -9.746  0.0000E+00  0.6000E+01
  -9.736  0.0000E+00  0.6000E+01
  -9.726  0.0000E+00  0.6000E+01
  -9.716  0.0000E+00  0.6000E+01
  -9.706  0.0000E+00  0.6000E+01
  -9.696  0.0000E+00  0.6000E+01
  -9.686  0.0000E+00  0.6000E+01
  -9.676  0.0000E+00  0.6000E+01
  -9.666  0.0000E+00  0.6000E+01
  -9.656  0.0000E+00  0.6000E+01
  -9.646  0.0000E+00  0.6000E+01
  -9.636  0.0000E+00  0.6000E+01
  -9.626  0.0000E+00  0.6000E+01
  -9.616  0.0000E+00  0.6000E+01
  -9.606  0.0000E+00  0.6000E+01
  -9.596  0.0000E+00  0.6000E+01
  -9.586  0.0000E+00  0.6000E+01
  -9.576  0.0000E+00  0.6000E+01
  -9.566  0.0000E+00  0.6000E+01
  -9.556  0.0000E+00  0.6000E+01
  -9.546  0.0000E+00  0.6000E+01
  -9.536  0.0000E+00  0.6000E+01
  -9.526  0.0000E+00  0.6000E+01
  -9.516  0.0000E+00  0.6000E+01
  -9.506  0.0000E+00  0.6000E+01
  -9.496  0.0000E+00  0.6000E+01
  -9.486  0.0000E+00  0.6000E+01
  -9.476  0.0000E+00  0.6000E+01
  -9.466  0.0000E+00  0.6000E+01
  -9.456  0.0000E+00  0.6000E+01
  -9.446  0.0000E+00  0.6000E+01
  -9.436  0.0000E+00  0.6000E+01
  -9.426  0.0000E+00  0.6000E+01
  -9.416  0.0000E+00  0.6000E+01
  -9.406  0.0000E+00  0.6000E+01
  -9.396  0.0000E+00  0.6000E+01
  -9.386  0.0000E+00  0.6000E+01
  -9.376  0.0000E+00  0.6000E+01
  -9.366  0.0000E+00  0.6000E+01
  -9.356  0.0000E+00  0.6000E+01
  -9.346  0.0000E+00  0.6000E+01
  -9.336  0.0000E+00  0.6000E+01
  -9.326  0.0000E+00  0.6000E+01
  -9.316  0.0000E+00  0.6000E+01
  -9.306  0.0000E+00  0.6000E+01
  -9.296  0.0000E+00  0.6000E+01
  -9.286  0.0000E+00  0.6000E+01
  -9.276  0.0000E+00  0.6000E+01
  -9.266  0.0000E+00  0.6000E+01
  -9.256  0.0000E+00  0.6000E+01
  -9.246  0.0000E+00  0.6000E+01
  -9.236  0.0000E+00  0.6000E+01
  -9.226  0.0000E+00  0.6000E+01
  -9.216  0.0000E+00  0.6000E+01
  -9.206  0.0000E+00  0.6000E+01
  -9.196  0.0000E+00  0.6000E+01
  -9.186  0.0000E+00  0.6000E+01
  -9.176  0.0000E+00  0.6000E+01
  -9.166  0.0000E+00  0.6000E+01
  -9.156  0.0000E+00  0.6000E+01
  -9.146  0.0000E+00  0.6000E+01
  -9.136  0.0000E+00  0.6000E+01
  -9.126  0.0000E+00  0.6000E+01
  -9.116  0.0000E+00  0.6000E+01
  -9.106  0.0000E+00  0.6000E+01
  -9.096  0.0000E+00  0.6000E+01
  -9.086  0.0000E+00  0.6000E+01
  -9.076  0.0000E+00  0.6000E+01
  -9.066  0.0000E+00  0.6000E+01
  -9.056  0.0000E+00  0.6000E+01
  -9.046  0.0000E+00  0.6000E+01
  -9.036  0.0000E+00  0.6000E+01
  -9.026  0.0000E+00  0.6000E+01
  -9.016  0.0000E+00  0.6000E+01
  -9.006  0.0000E+00  0.6000E+01
  -8.996  0.0000E+00  0.6000E+01
  -8.986  0.0000E+00  0.6000E+01
  -8.976  0.0000E+00  0.6000E+01
  -8.966  0.0000E+00  0.6000E+01
  -8.956  0.0000E+00  0.6000E+01
  -8.946  0.0000E+00  0.6000E+01
  -8.936  0.0000E+00  0.6000E+01
  -8.926  0.0000E+00  0.6000E+01
  -8.916  0.0000E+00  0.6000E+01
  -8.906  0.0000E+00  0.6000E+01
  -8.896  0.0000E+00  0.6000E+01
  -8.886  0.0000E+00  0.6000E+01
  -8.876  0.0000E+00  0.6000E+01
  -8.866  0.0000E+00  0.6000E+01
  -8.856  0.0000E+00  0.6000E+01
  -8.846  0.0000E+00  0.6000E+01
  -8.836  0.0000E+00  0.6000E+01
  -8.826  0.0000E+00  0.6000E+01
  -8.816  0.0000E+00  0.6000E+01
  -8.806  0.0000E+00  0.6000E+01
  -8.796  0.0000E+00  0.6000E+01
  -8.786  0.0000E+00  0.6000E+01
  -8.776  0.0000E+00  0.6000E+01
  -8.766  0.0000E+00  0.6000E+01
  -8.756  0.0000E+00  0.6000E+01
  -8.746  0.0000E+00  0.6000E+01
  -8.736  0.0000E+00  0.6000E+01
  -8.726  0.0000E+00  0.6000E+01
  -8.716  0.0000E+00  0.6000E+01
  -8.706  0.0000E+00  0.6000E+01
  -8.696  0.0000E+00  0.6000E+01
  -8.686  0.0000E+00  0.6000E+01
  -8.676  0.0000E+00  0.6000E+01
  -8.666  0.0000E+00  0.6000E+01
  -8.656  0.0000E+00  0.6000E+01
  -8.646  0.0000E+00  0.6000E+01
  -8.636  0.0000E+00  0.6000E+01
  -8.626  0.0000E+00  0.6000E+01
  -8.616  0.0000E+00  0.6000E+01
  -8.606  0.0000E+00  0.6000E+01
  -8.596  0.0000E+00  0.6000E+01
  -8.586  0.0000E+00  0.6000E+01
  -8.576  0.0000E+00  0.6000E+01
  -8.566  0.0000E+00  0.6000E+01
  -8.556  0.0000E+00  0.6000E+01
  -8.546  0.0000E+00  0.6000E+01
  -8.536  0.0000E+00  0.6000E+01
  -8.526  0.0000E+00  0.6000E+01
  -8.516  0.0000E+00  0.6000E+01
  -8.506  0.0000E+00  0.6000E+01
  -8.496  0.0000E+00  0.6000E+01
  -8.486  0.0000E+00  0.6000E+01
  -8.476  0.0000E+00  0.6000E+01
  -8.466  0.0000E+00  0.6000E+01
  -8.456  0.0000E+00  0.6000E+01
  -8.446  0.0000E+00  0.6000E+01
  -8.436  0.0000E+00  0.6000E+01
  -8.426  0.0000E+00  0.6000E+01
  -8.416  0.0000E+00  0.6000E+01
  -8.406  0.0000E+00  0.6000E+01
  -8.396  0.0000E+00  0.6000E+01
  -8.386  0.0000E+00  0.6000E+01
  -8.376  0.0000E+00  0.6000E+01
  -8.366  0.0000E+00  0.6000E+01
  -8.356  0.0000E+00  0.6000E+01
  -8.346  0.0000E+00  0.6000E+01
  -8.336  0.0000E+00  0.6000E+01
  -8.326  0.0000E+00  0.6000E+01
  -8.316  0.0000E+00  0.6000E+01
  -8.306  0.0000E+00  0.6000E+01
  -8.296  0.0000E+00  0.6000E+01
  -8.286  0.0000E+00  0.6000E+01
  -8.276  0.0000E+00  0.6000E+01
  -8.266  0.0000E+00  0.6000E+01
  -8.256  0.0000E+00  0.6000E+01
  -8.246  0.0000E+00  0.6000E+01
  -8.236  0.0000E+00  0.6000E+01
  -8.226  0.0000E+00  0.6000E+01
  -8.216  0.0000E+00  0.6000E+01
  -8.206  0.0000E+00  0.6000E+01
  -8.196  0.0000E+00  0.6000E+01
  -8.186  0.0000E+00  0.6000E+01
  -8.176  0.0000E+00  0.6000E+01
  -8.166  0.0000E+00  0.6000E+01
  -8.156  0.0000E+00  0.6000E+01
  -8.146  0.0000E+00  0.6000E+01
  -8.136  0.0000E+00  0.6000E+01
  -8.126  0.0000E+00  0.6000E+01
  -8.116  0.0000E+00  0.6000E+01
  -8.106  0.0000E+00  0.6000E+01
  -8.096  0.0000E+00  0.6000E+01
  -8.086  0.0000E+00  0.6000E+01
  -8.076  0.0000E+00  0.6000E+01
  -8.066  0.0000E+00  0.6000E+01
  -8.056  0.0000E+00  0.6000E+01
  -8.046  0.0000E+00  0.6000E+01
  -8.036  0.0000E+00  0.6000E+01
  -8.026  0.0000E+00  0.6000E+01
  -8.016  0.0000E+00  0.6000E+01
  -8.006  0.0000E+00  0.6000E+01
  -7.996  0.0000E+00  0.6000E+01
  -7.986  0.0000E+00  0.6000E+01
  -7.976  0.0000E+00  0.6000E+01
  -7.966  0.0000E+00  0.6000E+01
  -7.956  0.0000E+00  0.6000E+01
  -7.946  0.0000E+00  0.6000E+01
  -7.936  0.0000E+00  0.6000E+01
  -7.926  0.0000E+00  0.6000E+01
  -7.916  0.0000E+00  0.6000E+01
  -7.906  0.0000E+00  0.6000E+01
  -7.896  0.0000E+00  0.6000E+01
  -7.886  0.1173E-02  0.6000E+01
  -7.876  0.2489E-01  0.6000E+01
  -7.866  0.7913E-01  0.6001E+01
  -7.856  0.1634E+00  0.6002E+01
  -7.846  0.2411E+00  0.6004E+01
  -7.836  0.2901E+00  0.6007E+01
  -7.826  0.3102E+00  0.6010E+01
  -7.816  0.3222E+00  0.6013E+01
  -7.806  0.3443E+00  0.6016E+01
  -7.796  0.3766E+00  0.6020E+01
  -7.786  0.4148E+00  0.6024E+01
  -7.776  0.4545E+00  0.6028E+01
  -7.766  0.4948E+00  0.6033E+01
  -7.756  0.5278E+00  0.6038E+01
  -7.746  0.5517E+00  0.6043E+01
  -7.736  0.5677E+00  0.6049E+01
  -7.726  0.5863E+00  0.6055E+01
  -7.716  0.6095E+00  0.6061E+01
  -7.706  0.6368E+00  0.6067E+01
  -7.696  0.6648E+00  0.6073E+01
  -7.686  0.6928E+00  0.6080E+01
  -7.676  0.7210E+00  0.6087E+01
  -7.666  0.7494E+00  0.6094E+01
  -7.656  0.7778E+00  0.6102E+01
  -7.646  0.8070E+00  0.6110E+01
  -7.636  0.8372E+00  0.6118E+01
  -7.626  0.8676E+00  0.6127E+01
  -7.616  0.8976E+00  0.6136E+01
  -7.606  0.9275E+00  0.6145E+01
  -7.596  0.9581E+00  0.6154E+01
  -7.586  0.9896E+00  0.6164E+01
  -7.576  0.1022E+01  0.6174E+01
  -7.566  0.1054E+01  0.6184E+01
  -7.556  0.1087E+01  0.6195E+01
  -7.546  0.1120E+01  0.6206E+01
  -7.536  0.1153E+01  0.6217E+01
  -7.526  0.1187E+01  0.6229E+01
  -7.516  0.1223E+01  0.6241E+01
  -7.506  0.1261E+01  0.6254E+01
  -7.496  0.1306E+01  0.6266E+01
  -7.486  0.1358E+01  0.6280E+01
  -7.476  0.1415E+01  0.6294E+01
  -7.466  0.1471E+01  0.6308E+01
  -7.456  0.1525E+01  0.6323E+01
  -7.446  0.1578E+01  0.6339E+01
  -7.436  0.1633E+01  0.6355E+01
  -7.426  0.1689E+01  0.6371E+01
  -7.416  0.1746E+01  0.6388E+01
  -7.406  0.1810E+01  0.6406E+01
  -7.396  0.1919E+01  0.6425E+01
  -7.386  0.2082E+01  0.6445E+01
  -7.376  0.2288E+01  0.6467E+01
  -7.366  0.2475E+01  0.6490E+01
  -7.356  0.2570E+01  0.6516E+01
  -7.346  0.2569E+01  0.6541E+01
  -7.336  0.2510E+01  0.6567E+01
  -7.326  0.2476E+01  0.6592E+01
  -7.316  0.2476E+01  0.6617E+01
  -7.306  0.2497E+01  0.6641E+01
  -7.296  0.2515E+01  0.6666E+01
  -7.286  0.2520E+01  0.6692E+01
  -7.276  0.2509E+01  0.6717E+01
  -7.266  0.2483E+01  0.6742E+01
  -7.256  0.2452E+01  0.6766E+01
  -7.246  0.2431E+01  0.6791E+01
  -7.236  0.2421E+01  0.6815E+01
  -7.226  0.2420E+01  0.6839E+01
  -7.216  0.2418E+01  0.6863E+01
  -7.206  0.2416E+01  0.6888E+01
  -7.196  0.2412E+01  0.6912E+01
  -7.186  0.2408E+01  0.6936E+01
  -7.176  0.2404E+01  0.6960E+01
  -7.166  0.2397E+01  0.6984E+01
  -7.156  0.2388E+01  0.7008E+01
  -7.146  0.2377E+01  0.7032E+01
  -7.136  0.2365E+01  0.7055E+01
  -7.126  0.2355E+01  0.7079E+01
  -7.116  0.2347E+01  0.7103E+01
  -7.106  0.2339E+01  0.7126E+01
  -7.096  0.2331E+01  0.7149E+01
  -7.086  0.2322E+01  0.7173E+01
  -7.076  0.2313E+01  0.7196E+01
  -7.066  0.2303E+01  0.7219E+01
  -7.056  0.2293E+01  0.7242E+01
  -7.046  0.2284E+01  0.7265E+01
  -7.036  0.2281E+01  0.7288E+01
  -7.026  0.2283E+01  0.7310E+01
  -7.016  0.2289E+01  0.7333E+01
  -7.006  0.2293E+01  0.7356E+01
  -6.996  0.2287E+01  0.7379E+01
  -6.986  0.2273E+01  0.7402E+01
  -6.976  0.2253E+01  0.7424E+01
  -6.966  0.2232E+01  0.7447E+01
  -6.956  0.2208E+01  0.7469E+01
  -6.946  0.2187E+01  0.7491E+01
  -6.936  0.2186E+01  0.7513E+01
  -6.926  0.2206E+01  0.7535E+01
  -6.916  0.2242E+01  0.7557E+01
  -6.906  0.2265E+01  0.7580E+01
  -6.896  0.2220E+01  0.7602E+01
  -6.886  0.2104E+01  0.7624E+01
  -6.876  0.1937E+01  0.7644E+01
  -6.866  0.1766E+01  0.7663E+01
  -6.856  0.1635E+01  0.7680E+01
  -6.846  0.1547E+01  0.7695E+01
  -6.836  0.1484E+01  0.7711E+01
  -6.826  0.1418E+01  0.7725E+01
  -6.816  0.1352E+01  0.7739E+01
  -6.806  0.1285E+01  0.7752E+01
  -6.796  0.1220E+01  0.7765E+01
  -6.786  0.1163E+01  0.7777E+01
  -6.776  0.1113E+01  0.7788E+01
  -6.766  0.1072E+01  0.7799E+01
  -6.756  0.1035E+01  0.7809E+01
  -6.746  0.9995E+00  0.7820E+01
  -6.736  0.9642E+00  0.7829E+01
  -6.726  0.9296E+00  0.7839E+01
  -6.716  0.8952E+00  0.7848E+01
  -6.706  0.8607E+00  0.7857E+01
  -6.696  0.8261E+00  0.7865E+01
  -6.686  0.7918E+00  0.7873E+01
  -6.676  0.7589E+00  0.7881E+01
  -6.666  0.7283E+00  0.7888E+01
  -6.656  0.7000E+00  0.7896E+01
  -6.646  0.6735E+00  0.7902E+01
  -6.636  0.6481E+00  0.7909E+01
  -6.626  0.6230E+00  0.7915E+01
  -6.616  0.5982E+00  0.7921E+01
  -6.606  0.5738E+00  0.7927E+01
  -6.596  0.5497E+00  0.7933E+01
  -6.586  0.5261E+00  0.7938E+01
  -6.576  0.5040E+00  0.7943E+01
  -6.566  0.4834E+00  0.7948E+01
  -6.556  0.4642E+00  0.7953E+01
  -6.546  0.4455E+00  0.7958E+01
  -6.536  0.4248E+00  0.7962E+01
  -6.526  0.4020E+00  0.7966E+01
  -6.516  0.3771E+00  0.7970E+01
  -6.506  0.3509E+00  0.7974E+01
  -6.496  0.3255E+00  0.7977E+01
  -6.486  0.3010E+00  0.7980E+01
  -6.476  0.2796E+00  0.7983E+01
  -6.466  0.2619E+00  0.7986E+01
  -6.456  0.2480E+00  0.7988E+01
  -6.446  0.2375E+00  0.7991E+01
  -6.436  0.2215E+00  0.7993E+01
  -6.426  0.1954E+00  0.7995E+01
  -6.416  0.1592E+00  0.7997E+01
  -6.406  0.1129E+00  0.7998E+01
  -6.396  0.6688E-01  0.7999E+01
  -6.386  0.3285E-01  0.8000E+01
  -6.376  0.1079E-01  0.8000E+01
  -6.366  0.7017E-03  0.8000E+01
  -6.356  0.0000E+00  0.8000E+01
  -6.346  0.0000E+00  0.8000E+01
  -6.336  0.0000E+00  0.8000E+01
  -6.326  0.0000E+00  0.8000E+01
  -6.316  0.0000E+00  0.8000E+01
  -6.306  0.0000E+00  0.8000E+01
  -6.296  0.0000E+00  0.8000E+01
  -6.286  0.0000E+00  0.8000E+01
  -6.276  0.0000E+00  0.8000E+01
  -6.266  0.0000E+00  0.8000E+01
  -6.256  0.0000E+00  0.8000E+01
  -6.246  0.0000E+00  0.8000E+01
  -6.236  0.0000E+00  0.8000E+01
  -6.226  0.0000E+00  0.8000E+01
  -6.216  0.0000E+00  0.8000E+01
  -6.206  0.0000E+00  0.8000E+01
  -6.196  0.0000E+00  0.8000E+01
  -6.186  0.0000E+00  0.8000E+01
  -6.176  0.0000E+00  0.8000E+01
  -6.166  0.0000E+00  0.8000E+01
  -6.156  0.0000E+00  0.8000E+01
  -6.146  0.0000E+00  0.8000E+01
  -6.136  0.0000E+00  0.8000E+01
  -6.126  0.0000E+00  0.8000E+01
  -6.116  0.0000E+00  0.8000E+01
  -6.106  0.0000E+00  0.8000E+01
  -6.096  0.0000E+00  0.8000E+01
  -6.086  0.0000E+00  0.8000E+01
  -6.076  0.0000E+00  0.8000E+01
  -6.066  0.0000E+00  0.8000E+01
  -6.056  0.0000E+00  0.8000E+01
  -6.046  0.0000E+00  0.8000E+01
  -6.036  0.0000E+00  0.8000E+01
  -6.026  0.0000E+00  0.8000E+01
  -6.016  0.0000E+00  0.8000E+01
  -6.006  0.0000E+00  0.8000E+01
  -5.996  0.0000E+00  0.8000E+01
  -5.986  0.0000E+00  0.8000E+01
  -5.976  0.0000E+00  0.8000E+01
  -5.966  0.0000E+00  0.8000E+01
  -5.956  0.0000E+00  0.8000E+01
  -5.946  0.0000E+00  0.8000E+01
  -5.936  0.0000E+00  0.8000E+01
  -5.926  0.0000E+00  0.8000E+01
  -5.916  0.0000E+00  0.8000E+01
  -5.906  0.0000E+00  0.8000E+01
  -5.896  0.0000E+00  0.8000E+01
  -5.886  0.0000E+00  0.8000E+01
  -5.876  0.0000E+00  0.8000E+01
  -5.866  0.0000E+00  0.8000E+01
  -5.856  0.0000E+00  0.8000E+01
  -5.846  0.0000E+00  0.8000E+01
  -5.836  0.0000E+00  0.8000E+01
  -5.826  0.0000E+00  0.8000E+01
  -5.816  0.0000E+00  0.8000E+01
  -5.806  0.0000E+00  0.8000E+01
  -5.796  0.0000E+00  0.8000E+01
  -5.786  0.0000E+00  0.8000E+01
  -5.776  0.0000E+00  0.8000E+01
  -5.766  0.0000E+00  0.8000E+01
  -5.756  0.0000E+00  0.8000E+01
  -5.746  0.0000E+00  0.8000E+01
  -5.736  0.0000E+00  0.8000E+01
  -5.726  0.0000E+00  0.8000E+01
  -5.716  0.0000E+00  0.8000E+01
  -5.706  0.0000E+00  0.8000E+01
  -5.696  0.0000E+00  0.8000E+01
  -5.686  0.0000E+00  0.8000E+01
  -5.676  0.0000E+00  0.8000E+01
  -5.666  0.0000E+00  0.8000E+01
  -5.656  0.0000E+00  0.8000E+01
  -5.646  0.0000E+00  0.8000E+01
  -5.636  0.0000E+00  0.8000E+01
  -5.626  0.0000E+00  0.8000E+01
  -5.616  0.0000E+00  0.8000E+01
  -5.606  0.0000E+00  0.8000E+01
  -5.596  0.0000E+00  0.8000E+01
  -5.586  0.0000E+00  0.8000E+01
  -5.576  0.0000E+00  0.8000E+01
  -5.566  0.0000E+00  0.8000E+01
  -5.556  0.0000E+00  0.8000E+01
  -5.546  0.0000E+00  0.8000E+01
  -5.536  0.0000E+00  0.8000E+01
  -5.526  0.0000E+00  0.8000E+01
  -5.516  0.0000E+00  0.8000E+01
  -5.506  0.0000E+00  0.8000E+01
  -5.496  0.0000E+00  0.8000E+01
  -5.486  0.0000E+00  0.8000E+01
  -5.476  0.0000E+00  0.8000E+01
  -5.466  0.0000E+00  0.8000E+01
  -5.456  0.0000E+00  0.8000E+01
  -5.446  0.0000E+00  0.8000E+01
  -5.436  0.0000E+00  0.8000E+01
  -5.426  0.0000E+00  0.8000E+01
  -5.416  0.0000E+00  0.8000E+01
  -5.406  0.0000E+00  0.8000E+01
  -5.396  0.0000E+00  0.8000E+01
  -5.386  0.0000E+00  0.8000E+01
  -5.376  0.0000E+00  0.8000E+01
  -5.366  0.0000E+00  0.8000E+01
  -5.356  0.0000E+00  0.8000E+01
  -5.346  0.0000E+00  0.8000E+01
  -5.336  0.0000E+00  0.8000E+01
  -5.326  0.0000E+00  0.8000E+01
  -5.316  0.0000E+00  0.8000E+01
  -5.306  0.0000E+00  0.8000E+01
  -5.296  0.0000E+00  0.8000E+01
  -5.286  0.0000E+00  0.8000E+01
  -5.276  0.0000E+00  0.8000E+01
  -5.266  0.0000E+00  0.8000E+01
  -5.256  0.0000E+00  0.8000E+01
  -5.246  0.0000E+00  0.8000E+01
  -5.236  0.0000E+00  0.8000E+01
  -5.226  0.0000E+00  0.8000E+01
  -5.216  0.0000E+00  0.8000E+01
  -5.206  0.0000E+00  0.8000E+01
  -5.196  0.0000E+00  0.8000E+01
  -5.186  0.0000E+00  0.8000E+01
  -5.176  0.0000E+00  0.8000E+01
  -5.166  0.0000E+00  0.8000E+01
  -5.156  0.0000E+00  0.8000E+01
  -5.146  0.0000E+00  0.8000E+01
  -5.136  0.0000E+00  0.8000E+01
  -5.126  0.0000E+00  0.8000E+01
  -5.116  0.0000E+00  0.8000E+01
  -5.106  0.0000E+00  0.8000E+01
  -5.096  0.0000E+00  0.8000E+01
  -5.086  0.0000E+00  0.8000E+01
  -5.076  0.0000E+00  0.8000E+01
  -5.066  0.0000E+00  0.8000E+01
  -5.056  0.0000E+00  0.8000E+01
  -5.046  0.0000E+00  0.8000E+01
  -5.036  0.0000E+00  0.8000E+01
  -5.026  0.0000E+00  0.8000E+01
  -5.016  0.0000E+00  0.8000E+01
  -5.006  0.0000E+00  0.8000E+01
  -4.996  0.0000E+00  0.8000E+01
  -4.986  0.0000E+00  0.8000E+01
  -4.976  0.0000E+00  0.8000E+01
  -4.966  0.0000E+00  0.8000E+01
  -4.956  0.0000E+00  0.8000E+01
  -4.946  0.0000E+00  0.8000E+01
  -4.936  0.0000E+00  0.8000E+01
  -4.926  0.0000E+00  0.8000E+01
  -4.916  0.0000E+00  0.8000E+01
  -4.906  0.0000E+00  0.8000E+01
  -4.896  0.0000E+00  0.8000E+01
  -4.886  0.0000E+00  0.8000E+01
  -4.876  0.0000E+00  0.8000E+01
  -4.866  0.0000E+00  0.8000E+01
  -4.856  0.0000E+00  0.8000E+01
  -4.846  0.0000E+00  0.8000E+01
  -4.836  0.0000E+00  0.8000E+01
  -4.826  0.0000E+00  0.8000E+01
  -4.816  0.0000E+00  0.8000E+01
  -4.806  0.0000E+00  0.8000E+01
  -4.796  0.0000E+00  0.8000E+01
  -4.786  0.0000E+00  0.8000E+01
  -4.776  0.0000E+00  0.8000E+01
  -4.766  0.0000E+00  0.8000E+01
  -4.756  0.0000E+00  0.8000E+01
  -4.746  0.0000E+00  0.8000E+01
  -4.736  0.0000E+00  0.8000E+01
  -4.726  0.0000E+00  0.8000E+01
  -4.716  0.0000E+00  0.8000E+01
  -4.706  0.0000E+00  0.8000E+01
  -4.696  0.0000E+00  0.8000E+01
  -4.686  0.0000E+00  0.8000E+01
  -4.676  0.0000E+00  0.8000E+01
  -4.666  0.0000E+00  0.8000E+01
  -4.656  0.0000E+00  0.8000E+01
  -4.646  0.0000E+00  0.8000E+01
  -4.636  0.0000E+00  0.8000E+01
  -4.626  0.0000E+00  0.8000E+01
  -4.616  0.0000E+00  0.8000E+01
  -4.606  0.0000E+00  0.8000E+01
  -4.596  0.0000E+00  0.8000E+01
  -4.586  0.0000E+00  0.8000E+01
  -4.576  0.0000E+00  0.8000E+01
  -4.566  0.0000E+00  0.8000E+01
  -4.556  0.0000E+00  0.8000E+01
  -4.546  0.0000E+00  0.8000E+01
  -4.536  0.0000E+00  0.8000E+01
  -4.526  0.0000E+00  0.8000E+01
  -4.516  0.0000E+00  0.8000E+01
  -4.506  0.0000E+00  0.8000E+01
  -4.496  0.0000E+00  0.8000E+01
  -4.486  0.0000E+00  0.8000E+01
  -4.476  0.0000E+00  0.8000E+01
  -4.466  0.0000E+00  0.8000E+01
  -4.456  0.0000E+00  0.8000E+01
  -4.446  0.0000E+00  0.8000E+01
  -4.436  0.0000E+00  0.8000E+01
  -4.426  0.0000E+00  0.8000E+01
  -4.416  0.0000E+00  0.8000E+01
  -4.406  0.0000E+00  0.8000E+01
  -4.396  0.0000E+00  0.8000E+01
  -4.386  0.0000E+00  0.8000E+01
  -4.376  0.0000E+00  0.8000E+01
  -4.366  0.0000E+00  0.8000E+01
  -4.356  0.0000E+00  0.8000E+01
  -4.346  0.0000E+00  0.8000E+01
  -4.336  0.0000E+00  0.8000E+01
  -4.326  0.0000E+00  0.8000E+01
  -4.316  0.0000E+00  0.8000E+01
  -4.306  0.0000E+00  0.8000E+01
  -4.296  0.0000E+00  0.8000E+01
  -4.286  0.0000E+00  0.8000E+01
  -4.276  0.0000E+00  0.8000E+01
  -4.266  0.0000E+00  0.8000E+01
  -4.256  0.0000E+00  0.8000E+01
  -4.246  0.0000E+00  0.8000E+01
  -4.236  0.0000E+00  0.8000E+01
  -4.226  0.0000E+00  0.8000E+01
  -4.216  0.0000E+00  0.8000E+01
  -4.206  0.0000E+00  0.8000E+01
  -4.196  0.0000E+00  0.8000E+01
  -4.186  0.0000E+00  0.8000E+01
  -4.176  0.0000E+00  0.8000E+01
  -4.166  0.0000E+00  0.8000E+01
  -4.156  0.0000E+00  0.8000E+01
  -4.146  0.0000E+00  0.8000E+01
  -4.136  0.0000E+00  0.8000E+01
  -4.126  0.0000E+00  0.8000E+01
  -4.116  0.0000E+00  0.8000E+01
  -4.106  0.0000E+00  0.8000E+01
  -4.096  0.0000E+00  0.8000E+01
  -4.086  0.0000E+00  0.8000E+01
  -4.076  0.0000E+00  0.8000E+01
  -4.066  0.0000E+00  0.8000E+01
  -4.056  0.0000E+00  0.8000E+01
  -4.046  0.0000E+00  0.8000E+01
  -4.036  0.0000E+00  0.8000E+01
  -4.026  0.0000E+00  0.8000E+01
  -4.016  0.0000E+00  0.8000E+01
  -4.006  0.0000E+00  0.8000E+01
  -3.996  0.0000E+00  0.8000E+01
  -3.986  0.0000E+00  0.8000E+01
  -3.976  0.0000E+00  0.8000E+01
  -3.966  0.0000E+00  0.8000E+01
  -3.956  0.0000E+00  0.8000E+01
  -3.946  0.0000E+00  0.8000E+01
  -3.936  0.0000E+00  0.8000E+01
  -3.926  0.0000E+00  0.8000E+01
  -3.916  0.0000E+00  0.8000E+01
  -3.906  0.0000E+00  0.8000E+01
  -3.896  0.0000E+00  0.8000E+01
  -3.886  0.0000E+00  0.8000E+01
  -3.876  0.0000E+00  0.8000E+01
  -3.866  0.0000E+00  0.8000E+01
  -3.856  0.0000E+00  0.8000E+01
  -3.846  0.0000E+00  0.8000E+01
  -3.836  0.0000E+00  0.8000E+01
  -3.826  0.0000E+00  0.8000E+01
  -3.816  0.0000E+00  0.8000E+01
  -3.806  0.0000E+00  0.8000E+01
  -3.796  0.0000E+00  0.8000E+01
  -3.786  0.0000E+00  0.8000E+01
  -3.776  0.0000E+00  0.8000E+01
  -3.766  0.0000E+00  0.8000E+01
  -3.756  0.0000E+00  0.8000E+01
  -3.746  0.0000E+00  0.8000E+01
  -3.736  0.0000E+00  0.8000E+01
  -3.726  0.0000E+00  0.8000E+01
  -3.716  0.0000E+00  0.8000E+01
  -3.706  0.0000E+00  0.8000E+01
  -3.696  0.0000E+00  0.8000E+01
  -3.686  0.0000E+00  0.8000E+01
  -3.676  0.0000E+00  0.8000E+01
  -3.666  0.0000E+00  0.8000E+01
  -3.656  0.0000E+00  0.8000E+01
  -3.646  0.0000E+00  0.8000E+01
  -3.636  0.0000E+00  0.8000E+01
  -3.626  0.0000E+00  0.8000E+01
  -3.616  0.0000E+00  0.8000E+01
  -3.606  0.0000E+00  0.8000E+01
  -3.596  0.0000E+00  0.8000E+01
  -3.586  0.0000E+00  0.8000E+01
  -3.576  0.0000E+00  0.8000E+01
  -3.566  0.0000E+00  0.8000E+01
  -3.556  0.0000E+00  0.8000E+01
  -3.546  0.0000E+00  0.8000E+01
  -3.536  0.0000E+00  0.8000E+01
  -3.526  0.0000E+00  0.8000E+01
  -3.516  0.0000E+00  0.8000E+01
  -3.506  0.0000E+00  0.8000E+01
  -3.496  0.0000E+00  0.8000E+01
  -3.486  0.0000E+00  0.8000E+01
  -3.476  0.0000E+00  0.8000E+01
  -3.466  0.0000E+00  0.8000E+01
  -3.456  0.0000E+00  0.8000E+01
  -3.446  0.0000E+00  0.8000E+01
  -3.436  0.0000E+00  0.8000E+01
  -3.426  0.0000E+00  0.8000E+01
  -3.416  0.0000E+00  0.8000E+01
  -3.406  0.0000E+00  0.8000E+01
  -3.396  0.0000E+00  0.8000E+01
  -3.386  0.0000E+00  0.8000E+01
  -3.376  0.0000E+00  0.8000E+01
  -3.366  0.0000E+00  0.8000E+01
  -3.356  0.0000E+00  0.8000E+01
  -3.346  0.0000E+00  0.8000E+01
  -3.336  0.0000E+00  0.8000E+01
  -3.326  0.0000E+00  0.8000E+01
  -3.316  0.0000E+00  0.8000E+01
  -3.306  0.0000E+00  0.8000E+01
  -3.296  0.0000E+00  0.8000E+01
  -3.286  0.0000E+00  0.8000E+01
  -3.276  0.0000E+00  0.8000E+01
  -3.266  0.0000E+00  0.8000E+01
  -3.256  0.0000E+00  0.8000E+01
  -3.246  0.0000E+00  0.8000E+01
  -3.236  0.0000E+00  0.8000E+01
  -3.226  0.0000E+00  0.8000E+01
  -3.216  0.0000E+00  0.8000E+01
  -3.206  0.0000E+00  0.8000E+01
  -3.196  0.0000E+00  0.8000E+01
  -3.186  0.0000E+00  0.8000E+01
  -3.176  0.0000E+00  0.8000E+01
  -3.166  0.0000E+00  0.8000E+01
  -3.156  0.0000E+00  0.8000E+01
  -3.146  0.0000E+00  0.8000E+01
  -3.136  0.0000E+00  0.8000E+01
  -3.126  0.0000E+00  0.8000E+01
  -3.116  0.0000E+00  0.8000E+01
  -3.106  0.0000E+00  0.8000E+01
  -3.096  0.0000E+00  0.8000E+01
  -3.086  0.0000E+00  0.8000E+01
  -3.076  0.0000E+00  0.8000E+01
  -3.066  0.0000E+00  0.8000E+01
  -3.056  0.0000E+00  0.8000E+01
  -3.046  0.0000E+00  0.8000E+01
  -3.036  0.0000E+00  0.8000E+01
  -3.026  0.0000E+00  0.8000E+01
  -3.016  0.0000E+00  0.8000E+01
  -3.006  0.0000E+00  0.8000E+01
  -2.996  0.0000E+00  0.8000E+01
  -2.986  0.0000E+00  0.8000E+01
  -2.976  0.0000E+00  0.8000E+01
  -2.966  0.0000E+00  0.8000E+01
  -2.956  0.0000E+00  0.8000E+01
  -2.946  0.0000E+00  0.8000E+01
  -2.936  0.0000E+00  0.8000E+01
  -2.926  0.0000E+00  0.8000E+01
  -2.916  0.0000E+00  0.8000E+01
  -2.906  0.0000E+00  0.8000E+01
  -2.896  0.0000E+00  0.8000E+01
  -2.886  0.0000E+00  0.8000E+01
  -2.876  0.0000E+00  0.8000E+01
  -2.866  0.0000E+00  0.8000E+01
  -2.856  0.0000E+00  0.8000E+01
  -2.846  0.0000E+00  0.8000E+01
  -2.836  0.0000E+00  0.8000E+01
  -2.826  0.0000E+00  0.8000E+01
  -2.816  0.0000E+00  0.8000E+01
  -2.806  0.0000E+00  0.8000E+01
  -2.796  0.0000E+00  0.8000E+01
  -2.786  0.0000E+00  0.8000E+01
  -2.776  0.7832E+00  0.8002E+01
  -2.766  0.7903E+00  0.8010E+01
  -2.756  0.1114E+01  0.8020E+01
  -2.746  0.1369E+01  0.8032E+01
  -2.736  0.1725E+01  0.8047E+01
  -2.726  0.2098E+01  0.8067E+01
  -2.716  0.2484E+01  0.8089E+01
  -2.706  0.2896E+01  0.8116E+01
  -2.696  0.3427E+01  0.8148E+01
  -2.686  0.4002E+01  0.8185E+01
  -2.676  0.4815E+01  0.8228E+01
  -2.666  0.5626E+01  0.8283E+01
  -2.656  0.5785E+01  0.8339E+01
  -2.646  0.6033E+01  0.8398E+01
  -2.636  0.6139E+01  0.8459E+01
  -2.626  0.6249E+01  0.8521E+01
  -2.616  0.6334E+01  0.8584E+01
  -2.606  0.6374E+01  0.8648E+01
  -2.596  0.6408E+01  0.8712E+01
  -2.586  0.6402E+01  0.8776E+01
  -2.576  0.6452E+01  0.8840E+01
  -2.566  0.6257E+01  0.8904E+01
  -2.556  0.5882E+01  0.8964E+01
  -2.546  0.5447E+01  0.9021E+01
  -2.536  0.5301E+01  0.9075E+01
  -2.526  0.5055E+01  0.9127E+01
  -2.516  0.4821E+01  0.9176E+01
  -2.506  0.4602E+01  0.9223E+01
  -2.496  0.4398E+01  0.9268E+01
  -2.486  0.4207E+01  0.9311E+01
  -2.476  0.4026E+01  0.9352E+01
  -2.466  0.3848E+01  0.9392E+01
  -2.456  0.3692E+01  0.9429E+01
  -2.446  0.3535E+01  0.9465E+01
  -2.436  0.3436E+01  0.9500E+01
  -2.426  0.3449E+01  0.9535E+01
  -2.416  0.3448E+01  0.9569E+01
  -2.406  0.3449E+01  0.9604E+01
  -2.396  0.3460E+01  0.9638E+01
  -2.386  0.3463E+01  0.9673E+01
  -2.376  0.3495E+01  0.9707E+01
  -2.366  0.3502E+01  0.9743E+01
  -2.356  0.3397E+01  0.9777E+01
  -2.346  0.3380E+01  0.9811E+01
  -2.336  0.3359E+01  0.9845E+01
  -2.326  0.3333E+01  0.9878E+01
  -2.316  0.3298E+01  0.9911E+01
  -2.306  0.3252E+01  0.9944E+01
  -2.296  0.3193E+01  0.9976E+01
  -2.286  0.3138E+01  0.1001E+02
  -2.276  0.3125E+01  0.1004E+02
  -2.266  0.3027E+01  0.1007E+02
  -2.256  0.2929E+01  0.1010E+02
  -2.246  0.2790E+01  0.1013E+02
  -2.236  0.2664E+01  0.1016E+02
  -2.226  0.2610E+01  0.1018E+02
  -2.216  0.2562E+01  0.1021E+02
  -2.206  0.2523E+01  0.1023E+02
  -2.196  0.2493E+01  0.1026E+02
  -2.186  0.2467E+01  0.1028E+02
  -2.176  0.2444E+01  0.1031E+02
  -2.166  0.2419E+01  0.1033E+02
  -2.156  0.2396E+01  0.1036E+02
  -2.146  0.2389E+01  0.1038E+02
  -2.136  0.2386E+01  0.1040E+02
  -2.126  0.2382E+01  0.1043E+02
  -2.116  0.2379E+01  0.1045E+02
  -2.106  0.2375E+01  0.1048E+02
  -2.096  0.2372E+01  0.1050E+02
  -2.086  0.2368E+01  0.1052E+02
  -2.076  0.2365E+01  0.1055E+02
  -2.066  0.2361E+01  0.1057E+02
  -2.056  0.2360E+01  0.1059E+02
  -2.046  0.2363E+01  0.1062E+02
  -2.036  0.2369E+01  0.1064E+02
  -2.026  0.2385E+01  0.1066E+02
  -2.016  0.2402E+01  0.1069E+02
  -2.006  0.2415E+01  0.1071E+02
  -1.996  0.2423E+01  0.1074E+02
  -1.986  0.2432E+01  0.1076E+02
  -1.976  0.2443E+01  0.1079E+02
  -1.966  0.2457E+01  0.1081E+02
  -1.956  0.2471E+01  0.1083E+02
  -1.946  0.2525E+01  0.1086E+02
  -1.936  0.2488E+01  0.1088E+02
  -1.926  0.2485E+01  0.1091E+02
  -1.916  0.2483E+01  0.1093E+02
  -1.906  0.2490E+01  0.1096E+02
  -1.896  0.2504E+01  0.1098E+02
  -1.886  0.2511E+01  0.1101E+02
  -1.876  0.2514E+01  0.1103E+02
  -1.866  0.2516E+01  0.1106E+02
  -1.856  0.2525E+01  0.1108E+02
  -1.846  0.2543E+01  0.1111E+02
  -1.836  0.2526E+01  0.1114E+02
  -1.826  0.2495E+01  0.1116E+02
  -1.816  0.2468E+01  0.1119E+02
  -1.806  0.2415E+01  0.1121E+02
  -1.796  0.2374E+01  0.1123E+02
  -1.786  0.2372E+01  0.1126E+02
  -1.776  0.2373E+01  0.1128E+02
  -1.766  0.2375E+01  0.1130E+02
  -1.756  0.2381E+01  0.1133E+02
  -1.746  0.2394E+01  0.1135E+02
  -1.736  0.2406E+01  0.1138E+02
  -1.726  0.2417E+01  0.1140E+02
  -1.716  0.2427E+01  0.1142E+02
  -1.706  0.2439E+01  0.1145E+02
  -1.696  0.2451E+01  0.1147E+02
  -1.686  0.2463E+01  0.1150E+02
  -1.676  0.2475E+01  0.1152E+02
  -1.666  0.2488E+01  0.1155E+02
  -1.656  0.2501E+01  0.1157E+02
  -1.646  0.2514E+01  0.1160E+02
  -1.636  0.2528E+01  0.1162E+02
  -1.626  0.2541E+01  0.1165E+02
  -1.616  0.2556E+01  0.1167E+02
  -1.606  0.2570E+01  0.1170E+02
  -1.596  0.2588E+01  0.1173E+02
  -1.586  0.2687E+01  0.1175E+02
  -1.576  0.2820E+01  0.1178E+02
  -1.566  0.2985E+01  0.1181E+02
  -1.556  0.3174E+01  0.1184E+02
  -1.546  0.3618E+01  0.1187E+02
  -1.536  0.4030E+01  0.1191E+02
  -1.526  0.4385E+01  0.1195E+02
  -1.516  0.4920E+01  0.1200E+02
  -1.506  0.6493E+01  0.1205E+02
  -1.496  0.9577E+01  0.1213E+02
  -1.486  0.1015E+02  0.1224E+02
  -1.476  0.1016E+02  0.1234E+02
  -1.466  0.9652E+01  0.1244E+02
  -1.456  0.8815E+01  0.1254E+02
  -1.446  0.7625E+01  0.1262E+02
  -1.436  0.8144E+01  0.1269E+02
  -1.426  0.1275E+02  0.1279E+02
  -1.416  0.1388E+02  0.1292E+02
  -1.406  0.1101E+02  0.1303E+02
  -1.396  0.1274E+02  0.1316E+02
  -1.386  0.1062E+02  0.1328E+02
  -1.376  0.9427E+01  0.1338E+02
  -1.366  0.8014E+01  0.1347E+02
  -1.356  0.6724E+01  0.1354E+02
  -1.346  0.6008E+01  0.1360E+02
  -1.336  0.4463E+01  0.1366E+02
  -1.326  0.3994E+01  0.1370E+02
  -1.316  0.3365E+01  0.1374E+02
  -1.306  0.3015E+01  0.1377E+02
  -1.296  0.2801E+01  0.1380E+02
  -1.286  0.2717E+01  0.1382E+02
  -1.276  0.2763E+01  0.1385E+02
  -1.266  0.3366E+01  0.1388E+02
  -1.256  0.6595E+01  0.1394E+02
  -1.246  0.4084E+01  0.1400E+02
  -1.236  0.3470E+01  0.1403E+02
  -1.226  0.3320E+01  0.1407E+02
  -1.216  0.3332E+01  0.1410E+02
  -1.206  0.3363E+01  0.1413E+02
  -1.196  0.3430E+01  0.1417E+02
  -1.186  0.3534E+01  0.1420E+02
  -1.176  0.3606E+01  0.1424E+02
  -1.166  0.3660E+01  0.1427E+02
  -1.156  0.3783E+01  0.1431E+02
  -1.146  0.3841E+01  0.1435E+02
  -1.136  0.3904E+01  0.1439E+02
  -1.126  0.4005E+01  0.1443E+02
  -1.116  0.4177E+01  0.1447E+02
  -1.106  0.4348E+01  0.1451E+02
  -1.096  0.4510E+01  0.1456E+02
  -1.086  0.4724E+01  0.1460E+02
  -1.076  0.5146E+01  0.1465E+02
  -1.066  0.5638E+01  0.1471E+02
  -1.056  0.6175E+01  0.1476E+02
  -1.046  0.6622E+01  0.1483E+02
  -1.036  0.7161E+01  0.1490E+02
  -1.026  0.7390E+01  0.1497E+02
  -1.016  0.7744E+01  0.1505E+02
  -1.006  0.7952E+01  0.1512E+02
  -0.996  0.8138E+01  0.1520E+02
  -0.986  0.8076E+01  0.1529E+02
  -0.976  0.7860E+01  0.1537E+02
  -0.966  0.7746E+01  0.1544E+02
  -0.956  0.7662E+01  0.1552E+02
  -0.946  0.7525E+01  0.1560E+02
  -0.936  0.7328E+01  0.1567E+02
  -0.926  0.7173E+01  0.1574E+02
  -0.916  0.6883E+01  0.1581E+02
  -0.906  0.6700E+01  0.1588E+02
  -0.896  0.6644E+01  0.1595E+02
  -0.886  0.6698E+01  0.1601E+02
  -0.876  0.6791E+01  0.1608E+02
  -0.866  0.6846E+01  0.1615E+02
  -0.856  0.6945E+01  0.1622E+02
  -0.846  0.7040E+01  0.1629E+02
  -0.836  0.7132E+01  0.1636E+02
  -0.826  0.7193E+01  0.1643E+02
  -0.816  0.7634E+01  0.1651E+02
  -0.806  0.8335E+01  0.1659E+02
  -0.796  0.8988E+01  0.1667E+02
  -0.786  0.9842E+01  0.1677E+02
  -0.776  0.9477E+01  0.1686E+02
  -0.766  0.9200E+01  0.1696E+02
  -0.756  0.9871E+01  0.1705E+02
  -0.746  0.1048E+02  0.1715E+02
  -0.736  0.1208E+02  0.1727E+02
  -0.726  0.1296E+02  0.1739E+02
  -0.716  0.1174E+02  0.1752E+02
  -0.706  0.1042E+02  0.1763E+02
  -0.696  0.9768E+01  0.1773E+02
  -0.686  0.9723E+01  0.1783E+02
  -0.676  0.1090E+02  0.1793E+02
  -0.666  0.1212E+02  0.1805E+02
  -0.656  0.1317E+02  0.1817E+02
  -0.646  0.1287E+02  0.1830E+02
  -0.636  0.1236E+02  0.1843E+02
  -0.626  0.1236E+02  0.1855E+02
  -0.616  0.1246E+02  0.1868E+02
  -0.606  0.1209E+02  0.1880E+02
  -0.596  0.1206E+02  0.1892E+02
  -0.586  0.1218E+02  0.1904E+02
  -0.576  0.1245E+02  0.1916E+02
  -0.566  0.1369E+02  0.1929E+02
  -0.556  0.1500E+02  0.1944E+02
  -0.546  0.1135E+02  0.1957E+02
  -0.536  0.1019E+02  0.1967E+02
  -0.526  0.1164E+02  0.1978E+02
  -0.516  0.1479E+02  0.1991E+02
  -0.506  0.1500E+02  0.2006E+02
  -0.496  0.1714E+02  0.2022E+02
  -0.486  0.2112E+02  0.2042E+02
  -0.476  0.2129E+02  0.2063E+02
  -0.466  0.1863E+02  0.2083E+02
  -0.456  0.1679E+02  0.2101E+02
  -0.446  0.1664E+02  0.2117E+02
  -0.436  0.1752E+02  0.2134E+02
  -0.426  0.1739E+02  0.2152E+02
  -0.416  0.1462E+02  0.2169E+02
  -0.406  0.1369E+02  0.2183E+02
  -0.396  0.1322E+02  0.2197E+02
  -0.386  0.1324E+02  0.2210E+02
  -0.376  0.1301E+02  0.2223E+02
  -0.366  0.1291E+02  0.2236E+02
  -0.356  0.1333E+02  0.2249E+02
  -0.346  0.1230E+02  0.2262E+02
  -0.336  0.1214E+02  0.2274E+02
  -0.326  0.1177E+02  0.2286E+02
  -0.316  0.1164E+02  0.2298E+02
  -0.306  0.1137E+02  0.2309E+02
  -0.296  0.1125E+02  0.2320E+02
  -0.286  0.1124E+02  0.2332E+02
  -0.276  0.1147E+02  0.2343E+02
  -0.266  0.1146E+02  0.2354E+02
  -0.256  0.1151E+02  0.2366E+02
  -0.246  0.1171E+02  0.2378E+02
  -0.236  0.1121E+02  0.2389E+02
  -0.226  0.1099E+02  0.2400E+02
  -0.216  0.1069E+02  0.2411E+02
  -0.206  0.1052E+02  0.2421E+02
  -0.196  0.1019E+02  0.2432E+02
  -0.186  0.9911E+01  0.2442E+02
  -0.176  0.9682E+01  0.2452E+02
  -0.166  0.9417E+01  0.2461E+02
  -0.156  0.9195E+01  0.2471E+02
  -0.146  0.8725E+01  0.2479E+02
  -0.136  0.8479E+01  0.2488E+02
  -0.126  0.7944E+01  0.2496E+02
  -0.116  0.7489E+01  0.2504E+02
  -0.106  0.7112E+01  0.2511E+02
  -0.096  0.6821E+01  0.2518E+02
  -0.086  0.6626E+01  0.2525E+02
  -0.076  0.6475E+01  0.2532E+02
  -0.066  0.6724E+01  0.2538E+02
  -0.056  0.7349E+01  0.2545E+02
  -0.046  0.7568E+01  0.2553E+02
  -0.036  0.6560E+01  0.2560E+02
  -0.026  0.4839E+01  0.2566E+02
  -0.016  0.3130E+01  0.2569E+02
  -0.006  0.2109E+01  0.2572E+02
   0.004  0.1605E+01  0.2574E+02
   0.014  0.1550E+01  0.2575E+02
   0.024  0.1503E+01  0.2577E+02
   0.034  0.1460E+01  0.2578E+02
   0.044  0.1419E+01  0.2580E+02
   0.054  0.1380E+01  0.2581E+02
   0.064  0.1342E+01  0.2583E+02
   0.074  0.1305E+01  0.2584E+02
   0.084  0.1266E+01  0.2585E+02
   0.094  0.1227E+01  0.2586E+02
   0.104  0.1169E+01  0.2588E+02
   0.114  0.1100E+01  0.2589E+02
   0.124  0.1027E+01  0.2590E+02
   0.134  0.9498E+00  0.2591E+02
   0.144  0.8695E+00  0.2592E+02
   0.154  0.7880E+00  0.2593E+02
   0.164  0.7053E+00  0.2593E+02
   0.174  0.6215E+00  0.2594E+02
   0.184  0.5364E+00  0.2595E+02
   0.194  0.4582E+00  0.2595E+02
   0.204  0.4035E+00  0.2595E+02
   0.214  0.3601E+00  0.2596E+02
   0.224  0.3251E+00  0.2596E+02
   0.234  0.2947E+00  0.2597E+02
   0.244  0.2689E+00  0.2597E+02
   0.254  0.2478E+00  0.2597E+02
   0.264  0.2298E+00  0.2597E+02
   0.274  0.2130E+00  0.2598E+02
   0.284  0.1975E+00  0.2598E+02
   0.294  0.1832E+00  0.2598E+02
   0.304  0.1702E+00  0.2598E+02
   0.314  0.1585E+00  0.2598E+02
   0.324  0.1480E+00  0.2598E+02
   0.334  0.1387E+00  0.2599E+02
   0.344  0.1304E+00  0.2599E+02
   0.354  0.1224E+00  0.2599E+02
   0.364  0.1146E+00  0.2599E+02
   0.374  0.1071E+00  0.2599E+02
   0.384  0.9981E-01  0.2599E+02
   0.394  0.9271E-01  0.2599E+02
   0.404  0.8583E-01  0.2599E+02
   0.414  0.7915E-01  0.2599E+02
   0.424  0.7268E-01  0.2599E+02
   0.434  0.6642E-01  0.2600E+02
   0.444  0.6037E-01  0.2600E+02
   0.454  0.5452E-01  0.2600E+02
   0.464  0.4889E-01  0.2600E+02
   0.474  0.4346E-01  0.2600E+02
   0.484  0.3825E-01  0.2600E+02
   0.494  0.3323E-01  0.2600E+02
   0.504  0.2847E-01  0.2600E+02
   0.514  0.2407E-01  0.2600E+02
   0.524  0.2005E-01  0.2600E+02
   0.534  0.1639E-01  0.2600E+02
   0.544  0.1310E-01  0.2600E+02
   0.554  0.1017E-01  0.2600E+02
   0.564  0.7621E-02  0.2600E+02
   0.574  0.5436E-02  0.2600E+02
   0.584  0.3619E-02  0.2600E+02
   0.594  0.2170E-02  0.2600E+02
   0.604  0.1090E-02  0.2600E+02
   0.614  0.3781E-03  0.2600E+02
   0.624  0.3452E-04  0.2600E+02
   0.634  0.0000E+00  0.2600E+02
   0.644  0.0000E+00  0.2600E+02
   0.654  0.0000E+00  0.2600E+02
   0.664  0.0000E+00  0.2600E+02
   0.674  0.0000E+00  0.2600E+02
   0.684  0.0000E+00  0.2600E+02
   0.694  0.0000E+00  0.2600E+02
   0.704  0.0000E+00  0.2600E+02
   0.714  0.0000E+00  0.2600E+02
   0.724  0.0000E+00  0.2600E+02
   0.734  0.0000E+00  0.2600E+02
   0.744  0.0000E+00  0.2600E+02
   0.754  0.0000E+00  0.2600E+02
   0.764  0.0000E+00  0.2600E+02
   0.774  0.0000E+00  0.2600E+02
   0.784  0.0000E+00  0.2600E+02
   0.794  0.0000E+00  0.2600E+02
   0.804  0.0000E+00  0.2600E+02
   0.814  0.0000E+00  0.2600E+02
   0.824  0.0000E+00  0.2600E+02
   0.834  0.0000E+00  0.2600E+02
   0.844  0.0000E+00  0.2600E+02
   0.854  0.0000E+00  0.2600E+02
   0.864  0.0000E+00  0.2600E+02
   0.874  0.0000E+00  0.2600E+02
   0.884  0.0000E+00  0.2600E+02
   0.894  0.0000E+00  0.2600E+02
   0.904  0.0000E+00  0.2600E+02
   0.914  0.0000E+00  0.2600E+02
   0.924  0.0000E+00  0.2600E+02
   0.934  0.0000E+00  0.2600E+02
   0.944  0.0000E+00  0.2600E+02
   0.954  0.0000E+00  0.2600E+02
   0.964  0.0000E+00  0.2600E+02
   0.974  0.0000E+00  0.2600E+02
   0.984  0.0000E+00  0.2600E+02
   0.994  0.0000E+00  0.2600E+02
   1.004  0.0000E+00  0.2600E+02
   1.014  0.0000E+00  0.2600E+02
   1.024  0.0000E+00  0.2600E+02
   1.034  0.0000E+00  0.2600E+02
   1.044  0.0000E+00  0.2600E+02
   1.054  0.0000E+00  0.2600E+02
   1.064  0.0000E+00  0.2600E+02
   1.074  0.0000E+00  0.2600E+02
   1.084  0.0000E+00  0.2600E+02
   1.094  0.0000E+00  0.2600E+02
   1.104  0.0000E+00  0.2600E+02
   1.114  0.0000E+00  0.2600E+02
   1.124  0.0000E+00  0.2600E+02
   1.134  0.0000E+00  0.2600E+02
   1.144  0.0000E+00  0.2600E+02
   1.154  0.0000E+00  0.2600E+02
   1.164  0.0000E+00  0.2600E+02
   1.174  0.0000E+00  0.2600E+02
   1.184  0.0000E+00  0.2600E+02
   1.194  0.0000E+00  0.2600E+02
   1.204  0.0000E+00  0.2600E+02
   1.214  0.0000E+00  0.2600E+02
   1.224  0.0000E+00  0.2600E+02
   1.234  0.0000E+00  0.2600E+02
   1.244  0.0000E+00  0.2600E+02
   1.254  0.0000E+00  0.2600E+02
   1.264  0.0000E+00  0.2600E+02
   1.274  0.0000E+00  0.2600E+02
   1.284  0.0000E+00  0.2600E+02
   1.294  0.0000E+00  0.2600E+02
   1.304  0.0000E+00  0.2600E+02
   1.314  0.0000E+00  0.2600E+02
   1.324  0.0000E+00  0.2600E+02
   1.334  0.0000E+00  0.2600E+02
   1.344  0.0000E+00  0.2600E+02
   1.354  0.0000E+00  0.2600E+02
   1.364  0.0000E+00  0.2600E+02
   1.374  0.0000E+00  0.2600E+02
   1.384  0.0000E+00  0.2600E+02
   1.394  0.0000E+00  0.2600E+02
   1.404  0.0000E+00  0.2600E+02
   1.414  0.0000E+00  0.2600E+02
   1.424  0.0000E+00  0.2600E+02
   1.434  0.0000E+00  0.2600E+02
   1.444  0.0000E+00  0.2600E+02
   1.454  0.0000E+00  0.2600E+02
   1.464  0.0000E+00  0.2600E+02
   1.474  0.0000E+00  0.2600E+02
   1.484  0.0000E+00  0.2600E+02
   1.494  0.0000E+00  0.2600E+02
   1.504  0.0000E+00  0.2600E+02
   1.514  0.0000E+00  0.2600E+02
   1.524  0.0000E+00  0.2600E+02
   1.534  0.0000E+00  0.2600E+02
   1.544  0.0000E+00  0.2600E+02
   1.554  0.0000E+00  0.2600E+02
   1.564  0.0000E+00  0.2600E+02
   1.574  0.0000E+00  0.2600E+02
   1.584  0.0000E+00  0.2600E+02
   1.594  0.0000E+00  0.2600E+02
   1.604  0.0000E+00  0.2600E+02
   1.614  0.0000E+00  0.2600E+02
   1.624  0.0000E+00  0.2600E+02
   1.634  0.0000E+00  0.2600E+02
   1.644  0.0000E+00  0.2600E+02
   1.654  0.0000E+00  0.2600E+02
   1.664  0.0000E+00  0.2600E+02
   1.674  0.0000E+00  0.2600E+02
   1.684  0.0000E+00  0.2600E+02
   1.694  0.0000E+00  0.2600E+02
   1.704  0.0000E+00  0.2600E+02
   1.714  0.0000E+00  0.2600E+02
   1.724  0.0000E+00  0.2600E+02
   1.734  0.0000E+00  0.2600E+02
   1.744  0.0000E+00  0.2600E+02
   1.754  0.0000E+00  0.2600E+02
   1.764  0.0000E+00  0.2600E+02
   1.774  0.0000E+00  0.2600E+02
   1.784  0.0000E+00  0.2600E+02
   1.794  0.0000E+00  0.2600E+02
   1.804  0.0000E+00  0.2600E+02
   1.814  0.0000E+00  0.2600E+02
   1.824  0.0000E+00  0.2600E+02
   1.834  0.0000E+00  0.2600E+02
   1.844  0.0000E+00  0.2600E+02
   1.854  0.0000E+00  0.2600E+02
   1.864  0.0000E+00  0.2600E+02
   1.874  0.0000E+00  0.2600E+02
   1.884  0.0000E+00  0.2600E+02
   1.894  0.0000E+00  0.2600E+02
   1.904  0.0000E+00  0.2600E+02
   1.914  0.0000E+00  0.2600E+02
   1.924  0.0000E+00  0.2600E+02
   1.934  0.1677E-02  0.2600E+02
   1.944  0.2148E-01  0.2600E+02
   1.954  0.6360E-01  0.2600E+02
   1.964  0.1280E+00  0.2600E+02
   1.974  0.1829E+00  0.2600E+02
   1.984  0.2017E+00  0.2600E+02
   1.994  0.1851E+00  0.2601E+02
   2.004  0.1737E+00  0.2601E+02
   2.014  0.1905E+00  0.2601E+02
   2.024  0.2088E+00  0.2601E+02
   2.034  0.2285E+00  0.2601E+02
   2.044  0.2496E+00  0.2602E+02
   2.054  0.2722E+00  0.2602E+02
   2.064  0.2945E+00  0.2602E+02
   2.074  0.3138E+00  0.2603E+02
   2.084  0.3303E+00  0.2603E+02
   2.094  0.3525E+00  0.2603E+02
   2.104  0.3776E+00  0.2604E+02
   2.114  0.4035E+00  0.2604E+02
   2.124  0.4302E+00  0.2604E+02
   2.134  0.4578E+00  0.2605E+02
   2.144  0.4862E+00  0.2605E+02
   2.154  0.5154E+00  0.2606E+02
   2.164  0.5454E+00  0.2606E+02
   2.174  0.5765E+00  0.2607E+02
   2.184  0.6101E+00  0.2607E+02
   2.194  0.6461E+00  0.2608E+02
   2.204  0.6822E+00  0.2609E+02
   2.214  0.7185E+00  0.2609E+02
   2.224  0.7560E+00  0.2610E+02
   2.234  0.7946E+00  0.2611E+02
   2.244  0.8344E+00  0.2612E+02
   2.254  0.8753E+00  0.2613E+02
   2.264  0.9299E+00  0.2614E+02
   2.274  0.1004E+01  0.2615E+02
   2.284  0.1087E+01  0.2616E+02
   2.294  0.1167E+01  0.2617E+02
   2.304  0.1242E+01  0.2618E+02
   2.314  0.1303E+01  0.2619E+02
   2.324  0.1360E+01  0.2621E+02
   2.334  0.1412E+01  0.2622E+02
   2.344  0.1466E+01  0.2623E+02
   2.354  0.1559E+01  0.2625E+02
   2.364  0.1723E+01  0.2626E+02
   2.374  0.1866E+01  0.2628E+02
   2.384  0.1869E+01  0.2630E+02
   2.394  0.1778E+01  0.2632E+02
   2.404  0.1817E+01  0.2634E+02
   2.414  0.1863E+01  0.2636E+02
   2.424  0.1918E+01  0.2638E+02
   2.434  0.1972E+01  0.2639E+02
   2.444  0.2022E+01  0.2641E+02
   2.454  0.2067E+01  0.2644E+02
   2.464  0.2107E+01  0.2646E+02
   2.474  0.2146E+01  0.2648E+02
   2.484  0.2182E+01  0.2650E+02
   2.494  0.2217E+01  0.2652E+02
   2.504  0.2250E+01  0.2654E+02
   2.514  0.2280E+01  0.2657E+02
   2.524  0.2309E+01  0.2659E+02
   2.534  0.2335E+01  0.2661E+02
   2.544  0.2362E+01  0.2664E+02
   2.554  0.2386E+01  0.2666E+02
   2.564  0.2419E+01  0.2668E+02
   2.574  0.2447E+01  0.2671E+02
   2.584  0.2470E+01  0.2673E+02
   2.594  0.2488E+01  0.2676E+02
   2.604  0.2502E+01  0.2678E+02
   2.614  0.2514E+01  0.2681E+02
   2.624  0.2566E+01  0.2683E+02
   2.634  0.2637E+01  0.2686E+02
   2.644  0.2656E+01  0.2688E+02
   2.654  0.2569E+01  0.2691E+02
   2.664  0.2489E+01  0.2694E+02
   2.674  0.2447E+01  0.2696E+02
   2.684  0.2445E+01  0.2699E+02
   2.694  0.2428E+01  0.2701E+02
   2.704  0.2368E+01  0.2703E+02
   2.714  0.2271E+01  0.2706E+02
   2.724  0.2174E+01  0.2708E+02
   2.734  0.2136E+01  0.2710E+02
   2.744  0.2099E+01  0.2712E+02
   2.754  0.2063E+01  0.2714E+02
   2.764  0.2028E+01  0.2716E+02
   2.774  0.1993E+01  0.2718E+02
   2.784  0.1959E+01  0.2720E+02
   2.794  0.1925E+01  0.2722E+02
   2.804  0.1892E+01  0.2724E+02
   2.814  0.1858E+01  0.2726E+02
   2.824  0.1826E+01  0.2728E+02
   2.834  0.1794E+01  0.2730E+02
   2.844  0.1764E+01  0.2731E+02
   2.854  0.1734E+01  0.2733E+02
   2.864  0.1704E+01  0.2735E+02
   2.874  0.1672E+01  0.2737E+02
   2.884  0.1639E+01  0.2738E+02
   2.894  0.1609E+01  0.2740E+02
   2.904  0.1581E+01  0.2741E+02
   2.914  0.1554E+01  0.2743E+02
   2.924  0.1523E+01  0.2745E+02
   2.934  0.1490E+01  0.2746E+02
   2.944  0.1476E+01  0.2748E+02
   2.954  0.1476E+01  0.2749E+02
   2.964  0.1475E+01  0.2751E+02
   2.974  0.1475E+01  0.2752E+02
   2.984  0.1473E+01  0.2753E+02
   2.994  0.1499E+01  0.2755E+02
   3.004  0.1551E+01  0.2756E+02
   3.014  0.1583E+01  0.2758E+02
   3.024  0.1597E+01  0.2760E+02
   3.034  0.1612E+01  0.2761E+02
   3.044  0.1624E+01  0.2763E+02
   3.054  0.1633E+01  0.2765E+02
   3.064  0.1637E+01  0.2766E+02
   3.074  0.1639E+01  0.2768E+02
   3.084  0.1637E+01  0.2769E+02
   3.094  0.1637E+01  0.2771E+02
   3.104  0.1642E+01  0.2773E+02
   3.114  0.1650E+01  0.2774E+02
   3.124  0.1626E+01  0.2776E+02
   3.134  0.1584E+01  0.2778E+02
   3.144  0.1569E+01  0.2779E+02
   3.154  0.1570E+01  0.2781E+02
   3.164  0.1567E+01  0.2782E+02
   3.174  0.1563E+01  0.2784E+02
   3.184  0.1559E+01  0.2785E+02
   3.194  0.1555E+01  0.2787E+02
   3.204  0.1549E+01  0.2789E+02
   3.214  0.1543E+01  0.2790E+02
   3.224  0.1539E+01  0.2792E+02
   3.234  0.1543E+01  0.2793E+02
   3.244  0.1547E+01  0.2795E+02
   3.254  0.1550E+01  0.2796E+02
   3.264  0.1552E+01  0.2798E+02
   3.274  0.1547E+01  0.2799E+02
   3.284  0.1570E+01  0.2801E+02
   3.294  0.1604E+01  0.2802E+02
   3.304  0.1599E+01  0.2804E+02
   3.314  0.1568E+01  0.2806E+02
   3.324  0.1542E+01  0.2807E+02
   3.334  0.1518E+01  0.2809E+02
   3.344  0.1493E+01  0.2810E+02
   3.354  0.1467E+01  0.2812E+02
   3.364  0.1443E+01  0.2813E+02
   3.374  0.1425E+01  0.2815E+02
   3.384  0.1413E+01  0.2816E+02
   3.394  0.1400E+01  0.2817E+02
   3.404  0.1355E+01  0.2819E+02
   3.414  0.1298E+01  0.2820E+02
   3.424  0.1278E+01  0.2821E+02
   3.434  0.1275E+01  0.2823E+02
   3.444  0.1271E+01  0.2824E+02
   3.454  0.1268E+01  0.2825E+02
   3.464  0.1265E+01  0.2827E+02
   3.474  0.1262E+01  0.2828E+02
   3.484  0.1259E+01  0.2829E+02
   3.494  0.1257E+01  0.2830E+02
   3.504  0.1255E+01  0.2832E+02
   3.514  0.1253E+01  0.2833E+02
   3.524  0.1252E+01  0.2834E+02
   3.534  0.1251E+01  0.2835E+02
   3.544  0.1251E+01  0.2837E+02
   3.554  0.1252E+01  0.2838E+02
   3.564  0.1253E+01  0.2839E+02
   3.574  0.1256E+01  0.2840E+02
   3.584  0.1262E+01  0.2842E+02
   3.594  0.1272E+01  0.2843E+02
   3.604  0.1285E+01  0.2844E+02
   3.614  0.1301E+01  0.2845E+02
   3.624  0.1320E+01  0.2847E+02
   3.634  0.1342E+01  0.2848E+02
   3.644  0.1361E+01  0.2849E+02
   3.654  0.1377E+01  0.2851E+02
   3.664  0.1389E+01  0.2852E+02
   3.674  0.1399E+01  0.2854E+02
   3.684  0.1405E+01  0.2855E+02
   3.694  0.1407E+01  0.2856E+02
   3.704  0.1409E+01  0.2858E+02
   3.714  0.1412E+01  0.2859E+02
   3.724  0.1417E+01  0.2861E+02
   3.734  0.1423E+01  0.2862E+02
   3.744  0.1431E+01  0.2863E+02
   3.754  0.1440E+01  0.2865E+02
   3.764  0.1450E+01  0.2866E+02
   3.774  0.1461E+01  0.2868E+02
   3.784  0.1472E+01  0.2869E+02
   3.794  0.1483E+01  0.2871E+02
   3.804  0.1494E+01  0.2872E+02
   3.814  0.1509E+01  0.2874E+02
   3.824  0.1611E+01  0.2875E+02
   3.834  0.1671E+01  0.2877E+02
   3.844  0.1693E+01  0.2879E+02
   3.854  0.1711E+01  0.2880E+02
   3.864  0.1724E+01  0.2882E+02
   3.874  0.1733E+01  0.2884E+02
   3.884  0.1732E+01  0.2886E+02
   3.894  0.1734E+01  0.2887E+02
   3.904  0.1739E+01  0.2889E+02
   3.914  0.1756E+01  0.2891E+02
   3.924  0.1780E+01  0.2892E+02
   3.934  0.1815E+01  0.2894E+02
   3.944  0.1863E+01  0.2896E+02
   3.954  0.1911E+01  0.2898E+02
   3.964  0.1944E+01  0.2900E+02
   3.974  0.1896E+01  0.2902E+02
   3.984  0.1889E+01  0.2904E+02
   3.994  0.1895E+01  0.2906E+02
   4.004  0.1900E+01  0.2908E+02
   4.014  0.1906E+01  0.2909E+02
   4.024  0.1927E+01  0.2911E+02
   4.034  0.1955E+01  0.2913E+02
   4.044  0.1986E+01  0.2915E+02
   4.054  0.2025E+01  0.2917E+02
   4.064  0.2071E+01  0.2919E+02
   4.074  0.2124E+01  0.2921E+02
   4.084  0.2250E+01  0.2924E+02
   4.094  0.2416E+01  0.2926E+02
   4.104  0.2570E+01  0.2928E+02
   4.114  0.2637E+01  0.2931E+02
   4.124  0.2696E+01  0.2934E+02
   4.134  0.2745E+01  0.2936E+02
   4.144  0.2778E+01  0.2939E+02
   4.154  0.2780E+01  0.2942E+02
   4.164  0.2706E+01  0.2945E+02
   4.174  0.2560E+01  0.2947E+02
   4.184  0.2338E+01  0.2950E+02
   4.194  0.1790E+01  0.2952E+02
   4.204  0.1469E+01  0.2954E+02
   4.214  0.1289E+01  0.2955E+02
   4.224  0.1295E+01  0.2956E+02
   4.234  0.1300E+01  0.2957E+02
   4.244  0.1306E+01  0.2959E+02
   4.254  0.1312E+01  0.2960E+02
   4.264  0.1317E+01  0.2961E+02
   4.274  0.1323E+01  0.2963E+02
   4.284  0.1328E+01  0.2964E+02
   4.294  0.1334E+01  0.2965E+02
   4.304  0.1340E+01  0.2967E+02
   4.314  0.1438E+01  0.2968E+02
   4.324  0.1662E+01  0.2970E+02
   4.334  0.1809E+01  0.2971E+02
   4.344  0.1880E+01  0.2973E+02
   4.354  0.1910E+01  0.2975E+02
   4.364  0.1924E+01  0.2977E+02
   4.374  0.1932E+01  0.2979E+02
   4.384  0.1934E+01  0.2981E+02
   4.394  0.1929E+01  0.2983E+02
   4.404  0.1917E+01  0.2985E+02
   4.414  0.1900E+01  0.2987E+02
   4.424  0.1883E+01  0.2989E+02
   4.434  0.1866E+01  0.2990E+02
   4.444  0.1849E+01  0.2992E+02
   4.454  0.1833E+01  0.2994E+02
   4.464  0.1817E+01  0.2996E+02
   4.474  0.1801E+01  0.2998E+02
   4.484  0.1781E+01  0.3000E+02
   4.494  0.1755E+01  0.3001E+02
   4.504  0.1727E+01  0.3003E+02
   4.514  0.1699E+01  0.3005E+02
   4.524  0.1680E+01  0.3006E+02
   4.534  0.1676E+01  0.3008E+02
   4.544  0.1687E+01  0.3010E+02
   4.554  0.1708E+01  0.3012E+02
   4.564  0.1743E+01  0.3013E+02
   4.574  0.1841E+01  0.3015E+02
   4.584  0.1998E+01  0.3017E+02
   4.594  0.2065E+01  0.3019E+02
   4.604  0.2113E+01  0.3021E+02
   4.614  0.2330E+01  0.3023E+02
   4.624  0.2343E+01  0.3026E+02
   4.634  0.2361E+01  0.3028E+02
   4.644  0.2383E+01  0.3030E+02
   4.654  0.2411E+01  0.3033E+02
   4.664  0.2449E+01  0.3035E+02
   4.674  0.2492E+01  0.3038E+02
   4.684  0.2534E+01  0.3040E+02
   4.694  0.2576E+01  0.3043E+02
   4.704  0.2617E+01  0.3045E+02
   4.714  0.2657E+01  0.3048E+02
   4.724  0.2692E+01  0.3051E+02
   4.734  0.2721E+01  0.3053E+02
   4.744  0.2745E+01  0.3056E+02
   4.754  0.2768E+01  0.3059E+02
   4.764  0.2799E+01  0.3062E+02
   4.774  0.2874E+01  0.3064E+02
   4.784  0.2953E+01  0.3067E+02
   4.794  0.2996E+01  0.3070E+02
   4.804  0.3002E+01  0.3073E+02
   4.814  0.3003E+01  0.3076E+02
   4.824  0.3031E+01  0.3079E+02
   4.834  0.3121E+01  0.3082E+02
   4.844  0.3277E+01  0.3086E+02
   4.854  0.3485E+01  0.3089E+02
   4.864  0.3742E+01  0.3093E+02
   4.874  0.4029E+01  0.3096E+02
   4.884  0.4336E+01  0.3101E+02
   4.894  0.4643E+01  0.3105E+02
   4.904  0.4896E+01  0.3110E+02
   4.914  0.5036E+01  0.3115E+02
   4.924  0.5297E+01  0.3120E+02
   4.934  0.5488E+01  0.3125E+02
   4.944  0.5524E+01  0.3131E+02
   4.954  0.5530E+01  0.3136E+02
   4.964  0.5642E+01  0.3142E+02
   4.974  0.5748E+01  0.3148E+02
   4.984  0.5823E+01  0.3154E+02
   4.994  0.5821E+01  0.3159E+02
   5.004  0.5819E+01  0.3165E+02
   5.014  0.5554E+01  0.3171E+02
   5.024  0.5155E+01  0.3176E+02
   5.034  0.4918E+01  0.3181E+02
   5.044  0.4923E+01  0.3186E+02
   5.054  0.4937E+01  0.3191E+02
   5.064  0.4704E+01  0.3196E+02
   5.074  0.4651E+01  0.3201E+02
   5.084  0.4729E+01  0.3205E+02
   5.094  0.5043E+01  0.3210E+02
   5.104  0.5298E+01  0.3215E+02
   5.114  0.5443E+01  0.3221E+02
   5.124  0.5485E+01  0.3226E+02
   5.134  0.5497E+01  0.3232E+02
   5.144  0.5501E+01  0.3237E+02
   5.154  0.5491E+01  0.3243E+02
   5.164  0.5459E+01  0.3248E+02
   5.174  0.5420E+01  0.3254E+02
   5.184  0.5373E+01  0.3259E+02
   5.194  0.5285E+01  0.3264E+02
   5.204  0.5156E+01  0.3270E+02
   5.214  0.5134E+01  0.3275E+02
   5.224  0.5121E+01  0.3280E+02
   5.234  0.5112E+01  0.3285E+02
   5.244  0.5116E+01  0.3290E+02
   5.254  0.5104E+01  0.3295E+02
   5.264  0.5140E+01  0.3300E+02
   5.274  0.6026E+01  0.3306E+02
   5.284  0.5829E+01  0.3312E+02
   5.294  0.5679E+01  0.3318E+02
   5.304  0.5581E+01  0.3323E+02
   5.314  0.5429E+01  0.3329E+02
   5.324  0.5420E+01  0.3334E+02
   5.334  0.5299E+01  0.3339E+02
   5.344  0.4708E+01  0.3344E+02
   5.354  0.4127E+01  0.3349E+02
   5.364  0.3926E+01  0.3353E+02
   5.374  0.3760E+01  0.3357E+02
   5.384  0.3689E+01  0.3360E+02
   5.394  0.3664E+01  0.3364E+02
   5.404  0.3712E+01  0.3368E+02
   5.414  0.3728E+01  0.3371E+02
   5.424  0.3663E+01  0.3375E+02
   5.434  0.3503E+01  0.3379E+02
   5.444  0.3206E+01  0.3382E+02
   5.454  0.2763E+01  0.3385E+02
   5.464  0.2306E+01  0.3388E+02
   5.474  0.1905E+01  0.3390E+02
   5.484  0.1417E+01  0.3391E+02
   5.494  0.1056E+01  0.3393E+02
   5.504  0.9051E+00  0.3394E+02
   5.514  0.8326E+00  0.3394E+02
   5.524  0.7371E+00  0.3395E+02
   5.534  0.6619E+00  0.3396E+02
   5.544  0.5967E+00  0.3397E+02
   5.554  0.5350E+00  0.3397E+02
   5.564  0.4765E+00  0.3398E+02
   5.574  0.4211E+00  0.3398E+02
   5.584  0.3685E+00  0.3398E+02
   5.594  0.3185E+00  0.3399E+02
   5.604  0.2712E+00  0.3399E+02
   5.614  0.2266E+00  0.3399E+02
   5.624  0.1846E+00  0.3400E+02
   5.634  0.1454E+00  0.3400E+02
   5.644  0.1088E+00  0.3400E+02
   5.654  0.5849E-01  0.3400E+02
   5.664  0.2005E-01  0.3400E+02
   5.674  0.3196E-02  0.3400E+02
