#  E (eV)   dos(E)     Int dos(E) EFermi =    1.300 eV
 -11.516  0.0000E+00  0.0000E+00
 -11.506  0.7373E+00  0.3461E-02
 -11.496  0.1085E+01  0.1212E-01
 -11.486  0.1346E+01  0.2465E-01
 -11.476  0.1622E+01  0.3948E-01
 -11.466  0.1900E+01  0.5713E-01
 -11.456  0.2094E+01  0.7703E-01
 -11.446  0.2310E+01  0.9903E-01
 -11.436  0.2563E+01  0.1234E+00
 -11.426  0.2768E+01  0.1501E+00
 -11.416  0.2986E+01  0.1788E+00
 -11.406  0.3224E+01  0.2099E+00
 -11.396  0.3472E+01  0.2433E+00
 -11.386  0.3734E+01  0.2793E+00
 -11.376  0.4009E+01  0.3180E+00
 -11.366  0.4292E+01  0.3595E+00
 -11.356  0.4663E+01  0.4041E+00
 -11.346  0.5091E+01  0.4529E+00
 -11.336  0.5537E+01  0.5061E+00
 -11.326  0.6630E+01  0.5657E+00
 -11.316  0.7206E+01  0.6368E+00
 -11.306  0.7146E+01  0.7087E+00
 -11.296  0.6942E+01  0.7789E+00
 -11.286  0.6882E+01  0.8481E+00
 -11.276  0.6686E+01  0.9160E+00
 -11.266  0.6559E+01  0.9821E+00
 -11.256  0.6475E+01  0.1047E+01
 -11.246  0.6303E+01  0.1111E+01
 -11.236  0.6151E+01  0.1173E+01
 -11.226  0.6032E+01  0.1234E+01
 -11.216  0.5903E+01  0.1294E+01
 -11.206  0.5740E+01  0.1352E+01
 -11.196  0.5583E+01  0.1409E+01
 -11.186  0.5429E+01  0.1464E+01
 -11.176  0.5273E+01  0.1517E+01
 -11.166  0.5120E+01  0.1569E+01
 -11.156  0.4942E+01  0.1620E+01
 -11.146  0.4736E+01  0.1668E+01
 -11.136  0.4540E+01  0.1714E+01
 -11.126  0.4451E+01  0.1759E+01
 -11.116  0.4111E+01  0.1803E+01
 -11.106  0.3476E+01  0.1841E+01
 -11.096  0.2864E+01  0.1872E+01
 -11.086  0.2485E+01  0.1899E+01
 -11.076  0.2126E+01  0.1922E+01
 -11.066  0.1830E+01  0.1941E+01
 -11.056  0.1563E+01  0.1958E+01
 -11.046  0.1279E+01  0.1973E+01
 -11.036  0.1027E+01  0.1984E+01
 -11.026  0.7339E+00  0.1993E+01
 -11.016  0.3654E+00  0.1999E+01
 -11.006  0.7195E+02  0.2357E+01
 -10.996  0.2939E+02  0.2845E+01
 -10.986  0.2650E+02  0.3130E+01
 -10.976  0.2265E+02  0.3382E+01
 -10.966  0.2027E+02  0.3590E+01
 -10.956  0.1949E+02  0.3788E+01
 -10.946  0.1831E+02  0.3983E+01
 -10.936  0.1791E+02  0.4164E+01
 -10.926  0.1756E+02  0.4342E+01
 -10.916  0.1785E+02  0.4518E+01
 -10.906  0.1727E+02  0.4693E+01
 -10.896  0.1730E+02  0.4866E+01
 -10.886  0.1790E+02  0.5041E+01
 -10.876  0.1757E+02  0.5219E+01
 -10.866  0.1810E+02  0.5395E+01
 -10.856  0.1852E+02  0.5582E+01
 -10.846  0.2042E+02  0.5770E+01
 -10.836  0.1989E+02  0.5970E+01
 -10.826  0.0000E+00  0.6000E+01
 -10.816  0.0000E+00  0.6000E+01
 -10.806  0.0000E+00  0.6000E+01
 -10.796  0.0000E+00  0.6000E+01
 -10.786  0.0000E+00  0.6000E+01
 -10.776  0.0000E+00  0.6000E+01
 -10.766  0.0000E+00  0.6000E+01
 -10.756  0.0000E+00  0.6000E+01
 -10.746  0.0000E+00  0.6000E+01
 -10.736  0.0000E+00  0.6000E+01
 -10.726  0.0000E+00  0.6000E+01
 -10.716  0.0000E+00  0.6000E+01
 -10.706  0.0000E+00  0.6000E+01
 -10.696  0.0000E+00  0.6000E+01
 -10.686  0.0000E+00  0.6000E+01
 -10.676  0.0000E+00  0.6000E+01
 -10.666  0.0000E+00  0.6000E+01
 -10.656  0.0000E+00  0.6000E+01
 -10.646  0.0000E+00  0.6000E+01
 -10.636  0.0000E+00  0.6000E+01
 -10.626  0.0000E+00  0.6000E+01
 -10.616  0.0000E+00  0.6000E+01
 -10.606  0.0000E+00  0.6000E+01
 -10.596  0.0000E+00  0.6000E+01
 -10.586  0.0000E+00  0.6000E+01
 -10.576  0.0000E+00  0.6000E+01
 -10.566  0.0000E+00  0.6000E+01
 -10.556  0.0000E+00  0.6000E+01
 -10.546  0.0000E+00  0.6000E+01
 -10.536  0.0000E+00  0.6000E+01
 -10.526  0.0000E+00  0.6000E+01
 -10.516  0.0000E+00  0.6000E+01
 -10.506  0.0000E+00  0.6000E+01
 -10.496  0.0000E+00  0.6000E+01
 -10.486  0.0000E+00  0.6000E+01
 -10.476  0.0000E+00  0.6000E+01
 -10.466  0.0000E+00  0.6000E+01
 -10.456  0.0000E+00  0.6000E+01
 -10.446  0.0000E+00  0.6000E+01
 -10.436  0.0000E+00  0.6000E+01
 -10.426  0.0000E+00  0.6000E+01
 -10.416  0.0000E+00  0.6000E+01
 -10.406  0.0000E+00  0.6000E+01
 -10.396  0.0000E+00  0.6000E+01
 -10.386  0.0000E+00  0.6000E+01
 -10.376  0.0000E+00  0.6000E+01
 -10.366  0.0000E+00  0.6000E+01
 -10.356  0.0000E+00  0.6000E+01
 -10.346  0.0000E+00  0.6000E+01
 -10.336  0.0000E+00  0.6000E+01
 -10.326  0.0000E+00  0.6000E+01
 -10.316  0.0000E+00  0.6000E+01
 -10.306  0.0000E+00  0.6000E+01
 -10.296  0.0000E+00  0.6000E+01
 -10.286  0.0000E+00  0.6000E+01
 -10.276  0.0000E+00  0.6000E+01
 -10.266  0.0000E+00  0.6000E+01
 -10.256  0.0000E+00  0.6000E+01
 -10.246  0.0000E+00  0.6000E+01
 -10.236  0.0000E+00  0.6000E+01
 -10.226  0.0000E+00  0.6000E+01
 -10.216  0.0000E+00  0.6000E+01
 -10.206  0.0000E+00  0.6000E+01
 -10.196  0.0000E+00  0.6000E+01
 -10.186  0.0000E+00  0.6000E+01
 -10.176  0.0000E+00  0.6000E+01
 -10.166  0.0000E+00  0.6000E+01
 -10.156  0.0000E+00  0.6000E+01
 -10.146  0.0000E+00  0.6000E+01
 -10.136  0.0000E+00  0.6000E+01
 -10.126  0.0000E+00  0.6000E+01
 -10.116  0.0000E+00  0.6000E+01
 -10.106  0.0000E+00  0.6000E+01
 -10.096  0.0000E+00  0.6000E+01
 -10.086  0.0000E+00  0.6000E+01
 -10.076  0.0000E+00  0.6000E+01
 -10.066  0.0000E+00  0.6000E+01
 -10.056  0.0000E+00  0.6000E+01
 -10.046  0.0000E+00  0.6000E+01
 -10.036  0.0000E+00  0.6000E+01
 -10.026  0.0000E+00  0.6000E+01
 -10.016  0.0000E+00  0.6000E+01
 -10.006  0.0000E+00  0.6000E+01
  -9.996  0.0000E+00  0.6000E+01
  -9.986  0.0000E+00  0.6000E+01
  -9.976  0.0000E+00  0.6000E+01
  -9.966  0.0000E+00  0.6000E+01
  -9.956  0.0000E+00  0.6000E+01
  -9.946  0.0000E+00  0.6000E+01
  -9.936  0.0000E+00  0.6000E+01
  -9.926  0.0000E+00  0.6000E+01
  -9.916  0.0000E+00  0.6000E+01
  -9.906  0.0000E+00  0.6000E+01
  -9.896  0.0000E+00  0.6000E+01
  -9.886  0.0000E+00  0.6000E+01
  -9.876  0.0000E+00  0.6000E+01
  -9.866  0.0000E+00  0.6000E+01
  -9.856  0.0000E+00  0.6000E+01
  -9.846  0.0000E+00  0.6000E+01
  -9.836  0.0000E+00  0.6000E+01
  -9.826  0.0000E+00  0.6000E+01
  -9.816  0.0000E+00  0.6000E+01
  -9.806  0.0000E+00  0.6000E+01
  -9.796  0.0000E+00  0.6000E+01
  -9.786  0.0000E+00  0.6000E+01
  -9.776  0.0000E+00  0.6000E+01
  -9.766  0.0000E+00  0.6000E+01
  -9.756  0.0000E+00  0.6000E+01
  -9.746  0.0000E+00  0.6000E+01
  -9.736  0.0000E+00  0.6000E+01
  -9.726  0.0000E+00  0.6000E+01
  -9.716  0.0000E+00  0.6000E+01
  -9.706  0.0000E+00  0.6000E+01
  -9.696  0.0000E+00  0.6000E+01
  -9.686  0.0000E+00  0.6000E+01
  -9.676  0.0000E+00  0.6000E+01
  -9.666  0.0000E+00  0.6000E+01
  -9.656  0.0000E+00  0.6000E+01
  -9.646  0.0000E+00  0.6000E+01
  -9.636  0.0000E+00  0.6000E+01
  -9.626  0.0000E+00  0.6000E+01
  -9.616  0.0000E+00  0.6000E+01
  -9.606  0.0000E+00  0.6000E+01
  -9.596  0.0000E+00  0.6000E+01
  -9.586  0.0000E+00  0.6000E+01
  -9.576  0.0000E+00  0.6000E+01
  -9.566  0.0000E+00  0.6000E+01
  -9.556  0.0000E+00  0.6000E+01
  -9.546  0.0000E+00  0.6000E+01
  -9.536  0.0000E+00  0.6000E+01
  -9.526  0.0000E+00  0.6000E+01
  -9.516  0.0000E+00  0.6000E+01
  -9.506  0.0000E+00  0.6000E+01
  -9.496  0.0000E+00  0.6000E+01
  -9.486  0.0000E+00  0.6000E+01
  -9.476  0.0000E+00  0.6000E+01
  -9.466  0.0000E+00  0.6000E+01
  -9.456  0.0000E+00  0.6000E+01
  -9.446  0.0000E+00  0.6000E+01
  -9.436  0.0000E+00  0.6000E+01
  -9.426  0.0000E+00  0.6000E+01
  -9.416  0.0000E+00  0.6000E+01
  -9.406  0.0000E+00  0.6000E+01
  -9.396  0.0000E+00  0.6000E+01
  -9.386  0.0000E+00  0.6000E+01
  -9.376  0.0000E+00  0.6000E+01
  -9.366  0.0000E+00  0.6000E+01
  -9.356  0.0000E+00  0.6000E+01
  -9.346  0.0000E+00  0.6000E+01
  -9.336  0.0000E+00  0.6000E+01
  -9.326  0.0000E+00  0.6000E+01
  -9.316  0.0000E+00  0.6000E+01
  -9.306  0.0000E+00  0.6000E+01
  -9.296  0.0000E+00  0.6000E+01
  -9.286  0.0000E+00  0.6000E+01
  -9.276  0.0000E+00  0.6000E+01
  -9.266  0.0000E+00  0.6000E+01
  -9.256  0.0000E+00  0.6000E+01
  -9.246  0.0000E+00  0.6000E+01
  -9.236  0.0000E+00  0.6000E+01
  -9.226  0.0000E+00  0.6000E+01
  -9.216  0.0000E+00  0.6000E+01
  -9.206  0.0000E+00  0.6000E+01
  -9.196  0.0000E+00  0.6000E+01
  -9.186  0.0000E+00  0.6000E+01
  -9.176  0.0000E+00  0.6000E+01
  -9.166  0.0000E+00  0.6000E+01
  -9.156  0.0000E+00  0.6000E+01
  -9.146  0.0000E+00  0.6000E+01
  -9.136  0.0000E+00  0.6000E+01
  -9.126  0.0000E+00  0.6000E+01
  -9.116  0.0000E+00  0.6000E+01
  -9.106  0.0000E+00  0.6000E+01
  -9.096  0.0000E+00  0.6000E+01
  -9.086  0.0000E+00  0.6000E+01
  -9.076  0.0000E+00  0.6000E+01
  -9.066  0.0000E+00  0.6000E+01
  -9.056  0.0000E+00  0.6000E+01
  -9.046  0.0000E+00  0.6000E+01
  -9.036  0.0000E+00  0.6000E+01
  -9.026  0.0000E+00  0.6000E+01
  -9.016  0.0000E+00  0.6000E+01
  -9.006  0.0000E+00  0.6000E+01
  -8.996  0.0000E+00  0.6000E+01
  -8.986  0.0000E+00  0.6000E+01
  -8.976  0.0000E+00  0.6000E+01
  -8.966  0.0000E+00  0.6000E+01
  -8.956  0.0000E+00  0.6000E+01
  -8.946  0.0000E+00  0.6000E+01
  -8.936  0.0000E+00  0.6000E+01
  -8.926  0.0000E+00  0.6000E+01
  -8.916  0.0000E+00  0.6000E+01
  -8.906  0.0000E+00  0.6000E+01
  -8.896  0.0000E+00  0.6000E+01
  -8.886  0.0000E+00  0.6000E+01
  -8.876  0.0000E+00  0.6000E+01
  -8.866  0.0000E+00  0.6000E+01
  -8.856  0.0000E+00  0.6000E+01
  -8.846  0.0000E+00  0.6000E+01
  -8.836  0.0000E+00  0.6000E+01
  -8.826  0.0000E+00  0.6000E+01
  -8.816  0.0000E+00  0.6000E+01
  -8.806  0.0000E+00  0.6000E+01
  -8.796  0.0000E+00  0.6000E+01
  -8.786  0.0000E+00  0.6000E+01
  -8.776  0.0000E+00  0.6000E+01
  -8.766  0.0000E+00  0.6000E+01
  -8.756  0.0000E+00  0.6000E+01
  -8.746  0.0000E+00  0.6000E+01
  -8.736  0.0000E+00  0.6000E+01
  -8.726  0.0000E+00  0.6000E+01
  -8.716  0.0000E+00  0.6000E+01
  -8.706  0.0000E+00  0.6000E+01
  -8.696  0.0000E+00  0.6000E+01
  -8.686  0.0000E+00  0.6000E+01
  -8.676  0.0000E+00  0.6000E+01
  -8.666  0.0000E+00  0.6000E+01
  -8.656  0.0000E+00  0.6000E+01
  -8.646  0.0000E+00  0.6000E+01
  -8.636  0.0000E+00  0.6000E+01
  -8.626  0.0000E+00  0.6000E+01
  -8.616  0.0000E+00  0.6000E+01
  -8.606  0.0000E+00  0.6000E+01
  -8.596  0.0000E+00  0.6000E+01
  -8.586  0.0000E+00  0.6000E+01
  -8.576  0.0000E+00  0.6000E+01
  -8.566  0.0000E+00  0.6000E+01
  -8.556  0.0000E+00  0.6000E+01
  -8.546  0.0000E+00  0.6000E+01
  -8.536  0.0000E+00  0.6000E+01
  -8.526  0.0000E+00  0.6000E+01
  -8.516  0.0000E+00  0.6000E+01
  -8.506  0.0000E+00  0.6000E+01
  -8.496  0.0000E+00  0.6000E+01
  -8.486  0.0000E+00  0.6000E+01
  -8.476  0.0000E+00  0.6000E+01
  -8.466  0.0000E+00  0.6000E+01
  -8.456  0.0000E+00  0.6000E+01
  -8.446  0.0000E+00  0.6000E+01
  -8.436  0.0000E+00  0.6000E+01
  -8.426  0.0000E+00  0.6000E+01
  -8.416  0.0000E+00  0.6000E+01
  -8.406  0.0000E+00  0.6000E+01
  -8.396  0.0000E+00  0.6000E+01
  -8.386  0.0000E+00  0.6000E+01
  -8.376  0.0000E+00  0.6000E+01
  -8.366  0.0000E+00  0.6000E+01
  -8.356  0.0000E+00  0.6000E+01
  -8.346  0.0000E+00  0.6000E+01
  -8.336  0.0000E+00  0.6000E+01
  -8.326  0.0000E+00  0.6000E+01
  -8.316  0.0000E+00  0.6000E+01
  -8.306  0.0000E+00  0.6000E+01
  -8.296  0.0000E+00  0.6000E+01
  -8.286  0.0000E+00  0.6000E+01
  -8.276  0.0000E+00  0.6000E+01
  -8.266  0.0000E+00  0.6000E+01
  -8.256  0.0000E+00  0.6000E+01
  -8.246  0.0000E+00  0.6000E+01
  -8.236  0.0000E+00  0.6000E+01
  -8.226  0.0000E+00  0.6000E+01
  -8.216  0.0000E+00  0.6000E+01
  -8.206  0.0000E+00  0.6000E+01
  -8.196  0.0000E+00  0.6000E+01
  -8.186  0.0000E+00  0.6000E+01
  -8.176  0.0000E+00  0.6000E+01
  -8.166  0.0000E+00  0.6000E+01
  -8.156  0.0000E+00  0.6000E+01
  -8.146  0.0000E+00  0.6000E+01
  -8.136  0.0000E+00  0.6000E+01
  -8.126  0.0000E+00  0.6000E+01
  -8.116  0.0000E+00  0.6000E+01
  -8.106  0.0000E+00  0.6000E+01
  -8.096  0.0000E+00  0.6000E+01
  -8.086  0.0000E+00  0.6000E+01
  -8.076  0.0000E+00  0.6000E+01
  -8.066  0.0000E+00  0.6000E+01
  -8.056  0.0000E+00  0.6000E+01
  -8.046  0.0000E+00  0.6000E+01
  -8.036  0.0000E+00  0.6000E+01
  -8.026  0.0000E+00  0.6000E+01
  -8.016  0.0000E+00  0.6000E+01
  -8.006  0.0000E+00  0.6000E+01
  -7.996  0.0000E+00  0.6000E+01
  -7.986  0.0000E+00  0.6000E+01
  -7.976  0.0000E+00  0.6000E+01
  -7.966  0.0000E+00  0.6000E+01
  -7.956  0.0000E+00  0.6000E+01
  -7.946  0.0000E+00  0.6000E+01
  -7.936  0.0000E+00  0.6000E+01
  -7.926  0.0000E+00  0.6000E+01
  -7.916  0.0000E+00  0.6000E+01
  -7.906  0.0000E+00  0.6000E+01
  -7.896  0.0000E+00  0.6000E+01
  -7.886  0.2711E-02  0.6000E+01
  -7.876  0.5754E-01  0.6000E+01
  -7.866  0.1656E+00  0.6001E+01
  -7.856  0.2225E+00  0.6003E+01
  -7.846  0.2360E+00  0.6006E+01
  -7.836  0.2697E+00  0.6008E+01
  -7.826  0.3169E+00  0.6011E+01
  -7.816  0.3651E+00  0.6014E+01
  -7.806  0.3944E+00  0.6018E+01
  -7.796  0.4081E+00  0.6022E+01
  -7.786  0.4314E+00  0.6027E+01
  -7.776  0.4606E+00  0.6031E+01
  -7.766  0.4897E+00  0.6036E+01
  -7.756  0.5186E+00  0.6041E+01
  -7.746  0.5481E+00  0.6046E+01
  -7.736  0.5796E+00  0.6052E+01
  -7.726  0.6051E+00  0.6058E+01
  -7.716  0.6264E+00  0.6064E+01
  -7.706  0.6512E+00  0.6070E+01
  -7.696  0.6773E+00  0.6077E+01
  -7.686  0.7031E+00  0.6084E+01
  -7.676  0.7288E+00  0.6091E+01
  -7.666  0.7557E+00  0.6098E+01
  -7.656  0.7849E+00  0.6106E+01
  -7.646  0.8147E+00  0.6114E+01
  -7.636  0.8443E+00  0.6122E+01
  -7.626  0.8725E+00  0.6131E+01
  -7.616  0.9011E+00  0.6140E+01
  -7.606  0.9306E+00  0.6149E+01
  -7.596  0.9602E+00  0.6158E+01
  -7.586  0.9907E+00  0.6168E+01
  -7.576  0.1022E+01  0.6178E+01
  -7.566  0.1054E+01  0.6189E+01
  -7.556  0.1087E+01  0.6199E+01
  -7.546  0.1120E+01  0.6210E+01
  -7.536  0.1155E+01  0.6222E+01
  -7.526  0.1197E+01  0.6233E+01
  -7.516  0.1238E+01  0.6246E+01
  -7.506  0.1279E+01  0.6258E+01
  -7.496  0.1321E+01  0.6271E+01
  -7.486  0.1365E+01  0.6285E+01
  -7.476  0.1409E+01  0.6299E+01
  -7.466  0.1454E+01  0.6313E+01
  -7.456  0.1498E+01  0.6328E+01
  -7.446  0.1553E+01  0.6343E+01
  -7.436  0.1628E+01  0.6359E+01
  -7.426  0.1704E+01  0.6375E+01
  -7.416  0.1776E+01  0.6393E+01
  -7.406  0.1850E+01  0.6411E+01
  -7.396  0.1929E+01  0.6430E+01
  -7.386  0.2043E+01  0.6450E+01
  -7.376  0.2278E+01  0.6471E+01
  -7.366  0.2514E+01  0.6495E+01
  -7.356  0.2543E+01  0.6521E+01
  -7.346  0.2482E+01  0.6546E+01
  -7.336  0.2495E+01  0.6571E+01
  -7.326  0.2522E+01  0.6596E+01
  -7.316  0.2516E+01  0.6621E+01
  -7.306  0.2477E+01  0.6646E+01
  -7.296  0.2451E+01  0.6670E+01
  -7.286  0.2451E+01  0.6695E+01
  -7.276  0.2451E+01  0.6719E+01
  -7.266  0.2451E+01  0.6744E+01
  -7.256  0.2449E+01  0.6768E+01
  -7.246  0.2442E+01  0.6793E+01
  -7.236  0.2424E+01  0.6817E+01
  -7.226  0.2405E+01  0.6841E+01
  -7.216  0.2397E+01  0.6865E+01
  -7.206  0.2391E+01  0.6889E+01
  -7.196  0.2385E+01  0.6913E+01
  -7.186  0.2379E+01  0.6937E+01
  -7.176  0.2374E+01  0.6961E+01
  -7.166  0.2369E+01  0.6985E+01
  -7.156  0.2363E+01  0.7008E+01
  -7.146  0.2352E+01  0.7032E+01
  -7.136  0.2341E+01  0.7055E+01
  -7.126  0.2331E+01  0.7079E+01
  -7.116  0.2323E+01  0.7102E+01
  -7.106  0.2315E+01  0.7125E+01
  -7.096  0.2308E+01  0.7148E+01
  -7.086  0.2300E+01  0.7171E+01
  -7.076  0.2293E+01  0.7194E+01
  -7.066  0.2285E+01  0.7217E+01
  -7.056  0.2279E+01  0.7240E+01
  -7.046  0.2277E+01  0.7263E+01
  -7.036  0.2273E+01  0.7285E+01
  -7.026  0.2264E+01  0.7308E+01
  -7.016  0.2254E+01  0.7331E+01
  -7.006  0.2244E+01  0.7353E+01
  -6.996  0.2232E+01  0.7376E+01
  -6.986  0.2219E+01  0.7398E+01
  -6.976  0.2206E+01  0.7420E+01
  -6.966  0.2209E+01  0.7442E+01
  -6.956  0.2226E+01  0.7464E+01
  -6.946  0.2227E+01  0.7486E+01
  -6.936  0.2206E+01  0.7509E+01
  -6.926  0.2180E+01  0.7531E+01
  -6.916  0.2150E+01  0.7552E+01
  -6.906  0.2156E+01  0.7574E+01
  -6.896  0.2205E+01  0.7595E+01
  -6.886  0.2180E+01  0.7618E+01
  -6.876  0.1997E+01  0.7639E+01
  -6.866  0.1786E+01  0.7657E+01
  -6.856  0.1668E+01  0.7675E+01
  -6.846  0.1583E+01  0.7691E+01
  -6.836  0.1493E+01  0.7706E+01
  -6.826  0.1405E+01  0.7721E+01
  -6.816  0.1335E+01  0.7734E+01
  -6.806  0.1282E+01  0.7747E+01
  -6.796  0.1233E+01  0.7760E+01
  -6.786  0.1185E+01  0.7772E+01
  -6.776  0.1138E+01  0.7784E+01
  -6.766  0.1089E+01  0.7795E+01
  -6.756  0.1041E+01  0.7806E+01
  -6.746  0.9976E+00  0.7816E+01
  -6.736  0.9612E+00  0.7825E+01
  -6.726  0.9271E+00  0.7835E+01
  -6.716  0.8941E+00  0.7844E+01
  -6.706  0.8618E+00  0.7853E+01
  -6.696  0.8301E+00  0.7861E+01
  -6.686  0.7989E+00  0.7869E+01
  -6.676  0.7676E+00  0.7877E+01
  -6.666  0.7362E+00  0.7885E+01
  -6.656  0.7067E+00  0.7892E+01
  -6.646  0.6794E+00  0.7899E+01
  -6.636  0.6539E+00  0.7906E+01
  -6.626  0.6293E+00  0.7912E+01
  -6.616  0.6050E+00  0.7918E+01
  -6.606  0.5811E+00  0.7924E+01
  -6.596  0.5575E+00  0.7930E+01
  -6.586  0.5344E+00  0.7935E+01
  -6.576  0.5121E+00  0.7940E+01
  -6.566  0.4905E+00  0.7945E+01
  -6.556  0.4685E+00  0.7950E+01
  -6.546  0.4462E+00  0.7955E+01
  -6.536  0.4242E+00  0.7959E+01
  -6.526  0.4025E+00  0.7963E+01
  -6.516  0.3810E+00  0.7967E+01
  -6.506  0.3598E+00  0.7971E+01
  -6.496  0.3390E+00  0.7974E+01
  -6.486  0.3216E+00  0.7978E+01
  -6.476  0.3079E+00  0.7981E+01
  -6.466  0.2911E+00  0.7984E+01
  -6.456  0.2669E+00  0.7987E+01
  -6.446  0.2380E+00  0.7989E+01
  -6.436  0.2102E+00  0.7991E+01
  -6.426  0.1871E+00  0.7993E+01
  -6.416  0.1726E+00  0.7995E+01
  -6.406  0.1616E+00  0.7997E+01
  -6.396  0.1295E+00  0.7998E+01
  -6.386  0.7330E-01  0.7999E+01
  -6.376  0.2407E-01  0.8000E+01
  -6.366  0.1566E-02  0.8000E+01
  -6.356  0.0000E+00  0.8000E+01
  -6.346  0.0000E+00  0.8000E+01
  -6.336  0.0000E+00  0.8000E+01
  -6.326  0.0000E+00  0.8000E+01
  -6.316  0.0000E+00  0.8000E+01
  -6.306  0.0000E+00  0.8000E+01
  -6.296  0.0000E+00  0.8000E+01
  -6.286  0.0000E+00  0.8000E+01
  -6.276  0.0000E+00  0.8000E+01
  -6.266  0.0000E+00  0.8000E+01
  -6.256  0.0000E+00  0.8000E+01
  -6.246  0.0000E+00  0.8000E+01
  -6.236  0.0000E+00  0.8000E+01
  -6.226  0.0000E+00  0.8000E+01
  -6.216  0.0000E+00  0.8000E+01
  -6.206  0.0000E+00  0.8000E+01
  -6.196  0.0000E+00  0.8000E+01
  -6.186  0.0000E+00  0.8000E+01
  -6.176  0.0000E+00  0.8000E+01
  -6.166  0.0000E+00  0.8000E+01
  -6.156  0.0000E+00  0.8000E+01
  -6.146  0.0000E+00  0.8000E+01
  -6.136  0.0000E+00  0.8000E+01
  -6.126  0.0000E+00  0.8000E+01
  -6.116  0.0000E+00  0.8000E+01
  -6.106  0.0000E+00  0.8000E+01
  -6.096  0.0000E+00  0.8000E+01
  -6.086  0.0000E+00  0.8000E+01
  -6.076  0.0000E+00  0.8000E+01
  -6.066  0.0000E+00  0.8000E+01
  -6.056  0.0000E+00  0.8000E+01
  -6.046  0.0000E+00  0.8000E+01
  -6.036  0.0000E+00  0.8000E+01
  -6.026  0.0000E+00  0.8000E+01
  -6.016  0.0000E+00  0.8000E+01
  -6.006  0.0000E+00  0.8000E+01
  -5.996  0.0000E+00  0.8000E+01
  -5.986  0.0000E+00  0.8000E+01
  -5.976  0.0000E+00  0.8000E+01
  -5.966  0.0000E+00  0.8000E+01
  -5.956  0.0000E+00  0.8000E+01
  -5.946  0.0000E+00  0.8000E+01
  -5.936  0.0000E+00  0.8000E+01
  -5.926  0.0000E+00  0.8000E+01
  -5.916  0.0000E+00  0.8000E+01
  -5.906  0.0000E+00  0.8000E+01
  -5.896  0.0000E+00  0.8000E+01
  -5.886  0.0000E+00  0.8000E+01
  -5.876  0.0000E+00  0.8000E+01
  -5.866  0.0000E+00  0.8000E+01
  -5.856  0.0000E+00  0.8000E+01
  -5.846  0.0000E+00  0.8000E+01
  -5.836  0.0000E+00  0.8000E+01
  -5.826  0.0000E+00  0.8000E+01
  -5.816  0.0000E+00  0.8000E+01
  -5.806  0.0000E+00  0.8000E+01
  -5.796  0.0000E+00  0.8000E+01
  -5.786  0.0000E+00  0.8000E+01
  -5.776  0.0000E+00  0.8000E+01
  -5.766  0.0000E+00  0.8000E+01
  -5.756  0.0000E+00  0.8000E+01
  -5.746  0.0000E+00  0.8000E+01
  -5.736  0.0000E+00  0.8000E+01
  -5.726  0.0000E+00  0.8000E+01
  -5.716  0.0000E+00  0.8000E+01
  -5.706  0.0000E+00  0.8000E+01
  -5.696  0.0000E+00  0.8000E+01
  -5.686  0.0000E+00  0.8000E+01
  -5.676  0.0000E+00  0.8000E+01
  -5.666  0.0000E+00  0.8000E+01
  -5.656  0.0000E+00  0.8000E+01
  -5.646  0.0000E+00  0.8000E+01
  -5.636  0.0000E+00  0.8000E+01
  -5.626  0.0000E+00  0.8000E+01
  -5.616  0.0000E+00  0.8000E+01
  -5.606  0.0000E+00  0.8000E+01
  -5.596  0.0000E+00  0.8000E+01
  -5.586  0.0000E+00  0.8000E+01
  -5.576  0.0000E+00  0.8000E+01
  -5.566  0.0000E+00  0.8000E+01
  -5.556  0.0000E+00  0.8000E+01
  -5.546  0.0000E+00  0.8000E+01
  -5.536  0.0000E+00  0.8000E+01
  -5.526  0.0000E+00  0.8000E+01
  -5.516  0.0000E+00  0.8000E+01
  -5.506  0.0000E+00  0.8000E+01
  -5.496  0.0000E+00  0.8000E+01
  -5.486  0.0000E+00  0.8000E+01
  -5.476  0.0000E+00  0.8000E+01
  -5.466  0.0000E+00  0.8000E+01
  -5.456  0.0000E+00  0.8000E+01
  -5.446  0.0000E+00  0.8000E+01
  -5.436  0.0000E+00  0.8000E+01
  -5.426  0.0000E+00  0.8000E+01
  -5.416  0.0000E+00  0.8000E+01
  -5.406  0.0000E+00  0.8000E+01
  -5.396  0.0000E+00  0.8000E+01
  -5.386  0.0000E+00  0.8000E+01
  -5.376  0.0000E+00  0.8000E+01
  -5.366  0.0000E+00  0.8000E+01
  -5.356  0.0000E+00  0.8000E+01
  -5.346  0.0000E+00  0.8000E+01
  -5.336  0.0000E+00  0.8000E+01
  -5.326  0.0000E+00  0.8000E+01
  -5.316  0.0000E+00  0.8000E+01
  -5.306  0.0000E+00  0.8000E+01
  -5.296  0.0000E+00  0.8000E+01
  -5.286  0.0000E+00  0.8000E+01
  -5.276  0.0000E+00  0.8000E+01
  -5.266  0.0000E+00  0.8000E+01
  -5.256  0.0000E+00  0.8000E+01
  -5.246  0.0000E+00  0.8000E+01
  -5.236  0.0000E+00  0.8000E+01
  -5.226  0.0000E+00  0.8000E+01
  -5.216  0.0000E+00  0.8000E+01
  -5.206  0.0000E+00  0.8000E+01
  -5.196  0.0000E+00  0.8000E+01
  -5.186  0.0000E+00  0.8000E+01
  -5.176  0.0000E+00  0.8000E+01
  -5.166  0.0000E+00  0.8000E+01
  -5.156  0.0000E+00  0.8000E+01
  -5.146  0.0000E+00  0.8000E+01
  -5.136  0.0000E+00  0.8000E+01
  -5.126  0.0000E+00  0.8000E+01
  -5.116  0.0000E+00  0.8000E+01
  -5.106  0.0000E+00  0.8000E+01
  -5.096  0.0000E+00  0.8000E+01
  -5.086  0.0000E+00  0.8000E+01
  -5.076  0.0000E+00  0.8000E+01
  -5.066  0.0000E+00  0.8000E+01
  -5.056  0.0000E+00  0.8000E+01
  -5.046  0.0000E+00  0.8000E+01
  -5.036  0.0000E+00  0.8000E+01
  -5.026  0.0000E+00  0.8000E+01
  -5.016  0.0000E+00  0.8000E+01
  -5.006  0.0000E+00  0.8000E+01
  -4.996  0.0000E+00  0.8000E+01
  -4.986  0.0000E+00  0.8000E+01
  -4.976  0.0000E+00  0.8000E+01
  -4.966  0.0000E+00  0.8000E+01
  -4.956  0.0000E+00  0.8000E+01
  -4.946  0.0000E+00  0.8000E+01
  -4.936  0.0000E+00  0.8000E+01
  -4.926  0.0000E+00  0.8000E+01
  -4.916  0.0000E+00  0.8000E+01
  -4.906  0.0000E+00  0.8000E+01
  -4.896  0.0000E+00  0.8000E+01
  -4.886  0.0000E+00  0.8000E+01
  -4.876  0.0000E+00  0.8000E+01
  -4.866  0.0000E+00  0.8000E+01
  -4.856  0.0000E+00  0.8000E+01
  -4.846  0.0000E+00  0.8000E+01
  -4.836  0.0000E+00  0.8000E+01
  -4.826  0.0000E+00  0.8000E+01
  -4.816  0.0000E+00  0.8000E+01
  -4.806  0.0000E+00  0.8000E+01
  -4.796  0.0000E+00  0.8000E+01
  -4.786  0.0000E+00  0.8000E+01
  -4.776  0.0000E+00  0.8000E+01
  -4.766  0.0000E+00  0.8000E+01
  -4.756  0.0000E+00  0.8000E+01
  -4.746  0.0000E+00  0.8000E+01
  -4.736  0.0000E+00  0.8000E+01
  -4.726  0.0000E+00  0.8000E+01
  -4.716  0.0000E+00  0.8000E+01
  -4.706  0.0000E+00  0.8000E+01
  -4.696  0.0000E+00  0.8000E+01
  -4.686  0.0000E+00  0.8000E+01
  -4.676  0.0000E+00  0.8000E+01
  -4.666  0.0000E+00  0.8000E+01
  -4.656  0.0000E+00  0.8000E+01
  -4.646  0.0000E+00  0.8000E+01
  -4.636  0.0000E+00  0.8000E+01
  -4.626  0.0000E+00  0.8000E+01
  -4.616  0.0000E+00  0.8000E+01
  -4.606  0.0000E+00  0.8000E+01
  -4.596  0.0000E+00  0.8000E+01
  -4.586  0.0000E+00  0.8000E+01
  -4.576  0.0000E+00  0.8000E+01
  -4.566  0.0000E+00  0.8000E+01
  -4.556  0.0000E+00  0.8000E+01
  -4.546  0.0000E+00  0.8000E+01
  -4.536  0.0000E+00  0.8000E+01
  -4.526  0.0000E+00  0.8000E+01
  -4.516  0.0000E+00  0.8000E+01
  -4.506  0.0000E+00  0.8000E+01
  -4.496  0.0000E+00  0.8000E+01
  -4.486  0.0000E+00  0.8000E+01
  -4.476  0.0000E+00  0.8000E+01
  -4.466  0.0000E+00  0.8000E+01
  -4.456  0.0000E+00  0.8000E+01
  -4.446  0.0000E+00  0.8000E+01
  -4.436  0.0000E+00  0.8000E+01
  -4.426  0.0000E+00  0.8000E+01
  -4.416  0.0000E+00  0.8000E+01
  -4.406  0.0000E+00  0.8000E+01
  -4.396  0.0000E+00  0.8000E+01
  -4.386  0.0000E+00  0.8000E+01
  -4.376  0.0000E+00  0.8000E+01
  -4.366  0.0000E+00  0.8000E+01
  -4.356  0.0000E+00  0.8000E+01
  -4.346  0.0000E+00  0.8000E+01
  -4.336  0.0000E+00  0.8000E+01
  -4.326  0.0000E+00  0.8000E+01
  -4.316  0.0000E+00  0.8000E+01
  -4.306  0.0000E+00  0.8000E+01
  -4.296  0.0000E+00  0.8000E+01
  -4.286  0.0000E+00  0.8000E+01
  -4.276  0.0000E+00  0.8000E+01
  -4.266  0.0000E+00  0.8000E+01
  -4.256  0.0000E+00  0.8000E+01
  -4.246  0.0000E+00  0.8000E+01
  -4.236  0.0000E+00  0.8000E+01
  -4.226  0.0000E+00  0.8000E+01
  -4.216  0.0000E+00  0.8000E+01
  -4.206  0.0000E+00  0.8000E+01
  -4.196  0.0000E+00  0.8000E+01
  -4.186  0.0000E+00  0.8000E+01
  -4.176  0.0000E+00  0.8000E+01
  -4.166  0.0000E+00  0.8000E+01
  -4.156  0.0000E+00  0.8000E+01
  -4.146  0.0000E+00  0.8000E+01
  -4.136  0.0000E+00  0.8000E+01
  -4.126  0.0000E+00  0.8000E+01
  -4.116  0.0000E+00  0.8000E+01
  -4.106  0.0000E+00  0.8000E+01
  -4.096  0.0000E+00  0.8000E+01
  -4.086  0.0000E+00  0.8000E+01
  -4.076  0.0000E+00  0.8000E+01
  -4.066  0.0000E+00  0.8000E+01
  -4.056  0.0000E+00  0.8000E+01
  -4.046  0.0000E+00  0.8000E+01
  -4.036  0.0000E+00  0.8000E+01
  -4.026  0.0000E+00  0.8000E+01
  -4.016  0.0000E+00  0.8000E+01
  -4.006  0.0000E+00  0.8000E+01
  -3.996  0.0000E+00  0.8000E+01
  -3.986  0.0000E+00  0.8000E+01
  -3.976  0.0000E+00  0.8000E+01
  -3.966  0.0000E+00  0.8000E+01
  -3.956  0.0000E+00  0.8000E+01
  -3.946  0.0000E+00  0.8000E+01
  -3.936  0.0000E+00  0.8000E+01
  -3.926  0.0000E+00  0.8000E+01
  -3.916  0.0000E+00  0.8000E+01
  -3.906  0.0000E+00  0.8000E+01
  -3.896  0.0000E+00  0.8000E+01
  -3.886  0.0000E+00  0.8000E+01
  -3.876  0.0000E+00  0.8000E+01
  -3.866  0.0000E+00  0.8000E+01
  -3.856  0.0000E+00  0.8000E+01
  -3.846  0.0000E+00  0.8000E+01
  -3.836  0.0000E+00  0.8000E+01
  -3.826  0.0000E+00  0.8000E+01
  -3.816  0.0000E+00  0.8000E+01
  -3.806  0.0000E+00  0.8000E+01
  -3.796  0.0000E+00  0.8000E+01
  -3.786  0.0000E+00  0.8000E+01
  -3.776  0.0000E+00  0.8000E+01
  -3.766  0.0000E+00  0.8000E+01
  -3.756  0.0000E+00  0.8000E+01
  -3.746  0.0000E+00  0.8000E+01
  -3.736  0.0000E+00  0.8000E+01
  -3.726  0.0000E+00  0.8000E+01
  -3.716  0.0000E+00  0.8000E+01
  -3.706  0.0000E+00  0.8000E+01
  -3.696  0.0000E+00  0.8000E+01
  -3.686  0.0000E+00  0.8000E+01
  -3.676  0.0000E+00  0.8000E+01
  -3.666  0.0000E+00  0.8000E+01
  -3.656  0.0000E+00  0.8000E+01
  -3.646  0.0000E+00  0.8000E+01
  -3.636  0.0000E+00  0.8000E+01
  -3.626  0.0000E+00  0.8000E+01
  -3.616  0.0000E+00  0.8000E+01
  -3.606  0.0000E+00  0.8000E+01
  -3.596  0.0000E+00  0.8000E+01
  -3.586  0.0000E+00  0.8000E+01
  -3.576  0.0000E+00  0.8000E+01
  -3.566  0.0000E+00  0.8000E+01
  -3.556  0.0000E+00  0.8000E+01
  -3.546  0.0000E+00  0.8000E+01
  -3.536  0.0000E+00  0.8000E+01
  -3.526  0.0000E+00  0.8000E+01
  -3.516  0.0000E+00  0.8000E+01
  -3.506  0.0000E+00  0.8000E+01
  -3.496  0.0000E+00  0.8000E+01
  -3.486  0.0000E+00  0.8000E+01
  -3.476  0.0000E+00  0.8000E+01
  -3.466  0.0000E+00  0.8000E+01
  -3.456  0.0000E+00  0.8000E+01
  -3.446  0.0000E+00  0.8000E+01
  -3.436  0.0000E+00  0.8000E+01
  -3.426  0.0000E+00  0.8000E+01
  -3.416  0.0000E+00  0.8000E+01
  -3.406  0.0000E+00  0.8000E+01
  -3.396  0.0000E+00  0.8000E+01
  -3.386  0.0000E+00  0.8000E+01
  -3.376  0.0000E+00  0.8000E+01
  -3.366  0.0000E+00  0.8000E+01
  -3.356  0.0000E+00  0.8000E+01
  -3.346  0.0000E+00  0.8000E+01
  -3.336  0.0000E+00  0.8000E+01
  -3.326  0.0000E+00  0.8000E+01
  -3.316  0.0000E+00  0.8000E+01
  -3.306  0.0000E+00  0.8000E+01
  -3.296  0.0000E+00  0.8000E+01
  -3.286  0.0000E+00  0.8000E+01
  -3.276  0.0000E+00  0.8000E+01
  -3.266  0.0000E+00  0.8000E+01
  -3.256  0.0000E+00  0.8000E+01
  -3.246  0.0000E+00  0.8000E+01
  -3.236  0.0000E+00  0.8000E+01
  -3.226  0.0000E+00  0.8000E+01
  -3.216  0.0000E+00  0.8000E+01
  -3.206  0.0000E+00  0.8000E+01
  -3.196  0.0000E+00  0.8000E+01
  -3.186  0.0000E+00  0.8000E+01
  -3.176  0.0000E+00  0.8000E+01
  -3.166  0.0000E+00  0.8000E+01
  -3.156  0.0000E+00  0.8000E+01
  -3.146  0.0000E+00  0.8000E+01
  -3.136  0.0000E+00  0.8000E+01
  -3.126  0.0000E+00  0.8000E+01
  -3.116  0.0000E+00  0.8000E+01
  -3.106  0.0000E+00  0.8000E+01
  -3.096  0.0000E+00  0.8000E+01
  -3.086  0.0000E+00  0.8000E+01
  -3.076  0.0000E+00  0.8000E+01
  -3.066  0.0000E+00  0.8000E+01
  -3.056  0.0000E+00  0.8000E+01
  -3.046  0.0000E+00  0.8000E+01
  -3.036  0.0000E+00  0.8000E+01
  -3.026  0.0000E+00  0.8000E+01
  -3.016  0.0000E+00  0.8000E+01
  -3.006  0.0000E+00  0.8000E+01
  -2.996  0.0000E+00  0.8000E+01
  -2.986  0.0000E+00  0.8000E+01
  -2.976  0.0000E+00  0.8000E+01
  -2.966  0.0000E+00  0.8000E+01
  -2.956  0.0000E+00  0.8000E+01
  -2.946  0.0000E+00  0.8000E+01
  -2.936  0.0000E+00  0.8000E+01
  -2.926  0.0000E+00  0.8000E+01
  -2.916  0.0000E+00  0.8000E+01
  -2.906  0.0000E+00  0.8000E+01
  -2.896  0.0000E+00  0.8000E+01
  -2.886  0.0000E+00  0.8000E+01
  -2.876  0.0000E+00  0.8000E+01
  -2.866  0.0000E+00  0.8000E+01
  -2.856  0.0000E+00  0.8000E+01
  -2.846  0.0000E+00  0.8000E+01
  -2.836  0.0000E+00  0.8000E+01
  -2.826  0.0000E+00  0.8000E+01
  -2.816  0.0000E+00  0.8000E+01
  -2.806  0.0000E+00  0.8000E+01
  -2.796  0.0000E+00  0.8000E+01
  -2.786  0.0000E+00  0.8000E+01
  -2.776  0.5013E+00  0.8003E+01
  -2.766  0.8694E+00  0.8010E+01
  -2.756  0.1258E+01  0.8021E+01
  -2.746  0.1675E+01  0.8035E+01
  -2.736  0.2116E+01  0.8054E+01
  -2.726  0.2625E+01  0.8078E+01
  -2.716  0.3193E+01  0.8107E+01
  -2.706  0.3498E+01  0.8141E+01
  -2.696  0.3801E+01  0.8177E+01
  -2.686  0.4246E+01  0.8217E+01
  -2.676  0.4840E+01  0.8262E+01
  -2.666  0.5480E+01  0.8316E+01
  -2.656  0.5947E+01  0.8374E+01
  -2.646  0.6193E+01  0.8435E+01
  -2.636  0.6340E+01  0.8497E+01
  -2.626  0.6412E+01  0.8561E+01
  -2.616  0.6496E+01  0.8625E+01
  -2.606  0.6072E+01  0.8688E+01
  -2.596  0.5702E+01  0.8747E+01
  -2.586  0.5674E+01  0.8803E+01
  -2.576  0.5678E+01  0.8860E+01
  -2.566  0.5674E+01  0.8917E+01
  -2.556  0.5691E+01  0.8974E+01
  -2.546  0.5697E+01  0.9031E+01
  -2.536  0.5629E+01  0.9088E+01
  -2.526  0.5355E+01  0.9142E+01
  -2.516  0.5078E+01  0.9195E+01
  -2.506  0.4793E+01  0.9244E+01
  -2.496  0.4511E+01  0.9291E+01
  -2.486  0.4257E+01  0.9334E+01
  -2.476  0.4067E+01  0.9376E+01
  -2.466  0.4002E+01  0.9416E+01
  -2.456  0.3927E+01  0.9456E+01
  -2.446  0.3844E+01  0.9494E+01
  -2.436  0.3736E+01  0.9533E+01
  -2.426  0.3560E+01  0.9569E+01
  -2.416  0.3417E+01  0.9604E+01
  -2.406  0.3331E+01  0.9638E+01
  -2.396  0.3259E+01  0.9671E+01
  -2.386  0.3203E+01  0.9703E+01
  -2.376  0.3149E+01  0.9735E+01
  -2.366  0.3098E+01  0.9766E+01
  -2.356  0.3052E+01  0.9797E+01
  -2.346  0.3014E+01  0.9827E+01
  -2.336  0.2988E+01  0.9857E+01
  -2.326  0.2958E+01  0.9887E+01
  -2.316  0.2928E+01  0.9916E+01
  -2.306  0.2933E+01  0.9945E+01
  -2.296  0.2931E+01  0.9975E+01
  -2.286  0.2917E+01  0.1000E+02
  -2.276  0.2847E+01  0.1003E+02
  -2.266  0.2846E+01  0.1006E+02
  -2.256  0.2843E+01  0.1009E+02
  -2.246  0.2845E+01  0.1012E+02
  -2.236  0.2836E+01  0.1015E+02
  -2.226  0.2812E+01  0.1017E+02
  -2.216  0.2788E+01  0.1020E+02
  -2.206  0.2759E+01  0.1023E+02
  -2.196  0.2713E+01  0.1026E+02
  -2.186  0.2680E+01  0.1028E+02
  -2.176  0.2651E+01  0.1031E+02
  -2.166  0.2641E+01  0.1034E+02
  -2.156  0.2558E+01  0.1036E+02
  -2.146  0.2517E+01  0.1039E+02
  -2.136  0.2489E+01  0.1041E+02
  -2.126  0.2462E+01  0.1044E+02
  -2.116  0.2436E+01  0.1046E+02
  -2.106  0.2410E+01  0.1049E+02
  -2.096  0.2389E+01  0.1051E+02
  -2.086  0.2373E+01  0.1054E+02
  -2.076  0.2359E+01  0.1056E+02
  -2.066  0.2346E+01  0.1058E+02
  -2.056  0.2338E+01  0.1061E+02
  -2.046  0.2340E+01  0.1063E+02
  -2.036  0.2344E+01  0.1065E+02
  -2.026  0.2349E+01  0.1068E+02
  -2.016  0.2360E+01  0.1070E+02
  -2.006  0.2370E+01  0.1072E+02
  -1.996  0.2376E+01  0.1075E+02
  -1.986  0.2383E+01  0.1077E+02
  -1.976  0.2394E+01  0.1080E+02
  -1.966  0.2404E+01  0.1082E+02
  -1.956  0.2361E+01  0.1084E+02
  -1.946  0.2341E+01  0.1087E+02
  -1.936  0.2351E+01  0.1089E+02
  -1.926  0.2369E+01  0.1091E+02
  -1.916  0.2378E+01  0.1094E+02
  -1.906  0.2391E+01  0.1096E+02
  -1.896  0.2400E+01  0.1098E+02
  -1.886  0.2403E+01  0.1101E+02
  -1.876  0.2398E+01  0.1103E+02
  -1.866  0.2387E+01  0.1106E+02
  -1.856  0.2381E+01  0.1108E+02
  -1.846  0.2373E+01  0.1110E+02
  -1.836  0.2367E+01  0.1113E+02
  -1.826  0.2375E+01  0.1115E+02
  -1.816  0.2330E+01  0.1118E+02
  -1.806  0.2322E+01  0.1120E+02
  -1.796  0.2318E+01  0.1122E+02
  -1.786  0.2315E+01  0.1125E+02
  -1.776  0.2312E+01  0.1127E+02
  -1.766  0.2311E+01  0.1129E+02
  -1.756  0.2310E+01  0.1131E+02
  -1.746  0.2312E+01  0.1134E+02
  -1.736  0.2318E+01  0.1136E+02
  -1.726  0.2325E+01  0.1138E+02
  -1.716  0.2333E+01  0.1141E+02
  -1.706  0.2346E+01  0.1143E+02
  -1.696  0.2363E+01  0.1145E+02
  -1.686  0.2390E+01  0.1148E+02
  -1.676  0.2431E+01  0.1150E+02
  -1.666  0.2477E+01  0.1153E+02
  -1.656  0.2527E+01  0.1155E+02
  -1.646  0.2583E+01  0.1158E+02
  -1.636  0.2639E+01  0.1160E+02
  -1.626  0.2694E+01  0.1163E+02
  -1.616  0.2824E+01  0.1166E+02
  -1.606  0.2925E+01  0.1169E+02
  -1.596  0.3037E+01  0.1172E+02
  -1.586  0.3163E+01  0.1175E+02
  -1.576  0.3287E+01  0.1178E+02
  -1.566  0.3442E+01  0.1181E+02
  -1.556  0.3720E+01  0.1185E+02
  -1.546  0.4051E+01  0.1189E+02
  -1.536  0.4316E+01  0.1193E+02
  -1.526  0.4556E+01  0.1197E+02
  -1.516  0.5226E+01  0.1202E+02
  -1.506  0.6938E+01  0.1208E+02
  -1.496  0.7889E+01  0.1216E+02
  -1.486  0.9292E+01  0.1224E+02
  -1.476  0.9055E+01  0.1234E+02
  -1.466  0.7664E+01  0.1242E+02
  -1.456  0.6933E+01  0.1249E+02
  -1.446  0.7968E+01  0.1256E+02
  -1.436  0.1127E+02  0.1266E+02
  -1.426  0.1241E+02  0.1278E+02
  -1.416  0.1296E+02  0.1291E+02
  -1.406  0.1119E+02  0.1303E+02
  -1.396  0.1002E+02  0.1313E+02
  -1.386  0.9271E+01  0.1323E+02
  -1.376  0.9142E+01  0.1332E+02
  -1.366  0.7642E+01  0.1340E+02
  -1.356  0.6719E+01  0.1348E+02
  -1.346  0.6081E+01  0.1354E+02
  -1.336  0.5559E+01  0.1360E+02
  -1.326  0.4697E+01  0.1365E+02
  -1.316  0.4025E+01  0.1369E+02
  -1.306  0.4085E+01  0.1373E+02
  -1.296  0.4389E+01  0.1377E+02
  -1.286  0.4593E+01  0.1382E+02
  -1.276  0.4415E+01  0.1386E+02
  -1.266  0.4197E+01  0.1391E+02
  -1.256  0.3916E+01  0.1395E+02
  -1.246  0.3601E+01  0.1399E+02
  -1.236  0.3642E+01  0.1402E+02
  -1.226  0.3632E+01  0.1406E+02
  -1.216  0.3573E+01  0.1409E+02
  -1.206  0.3546E+01  0.1413E+02
  -1.196  0.3560E+01  0.1417E+02
  -1.186  0.3627E+01  0.1420E+02
  -1.176  0.3634E+01  0.1424E+02
  -1.166  0.3636E+01  0.1427E+02
  -1.156  0.3662E+01  0.1431E+02
  -1.146  0.3720E+01  0.1435E+02
  -1.136  0.3840E+01  0.1439E+02
  -1.126  0.3995E+01  0.1442E+02
  -1.116  0.4213E+01  0.1447E+02
  -1.106  0.4550E+01  0.1451E+02
  -1.096  0.4875E+01  0.1456E+02
  -1.086  0.5140E+01  0.1461E+02
  -1.076  0.5593E+01  0.1466E+02
  -1.066  0.6196E+01  0.1472E+02
  -1.056  0.6623E+01  0.1478E+02
  -1.046  0.6845E+01  0.1485E+02
  -1.036  0.7020E+01  0.1492E+02
  -1.026  0.7094E+01  0.1499E+02
  -1.016  0.7198E+01  0.1506E+02
  -1.006  0.7362E+01  0.1513E+02
  -0.996  0.7630E+01  0.1521E+02
  -0.986  0.7939E+01  0.1529E+02
  -0.976  0.8098E+01  0.1537E+02
  -0.966  0.8105E+01  0.1545E+02
  -0.956  0.8044E+01  0.1553E+02
  -0.946  0.7770E+01  0.1561E+02
  -0.936  0.7446E+01  0.1569E+02
  -0.926  0.7131E+01  0.1576E+02
  -0.916  0.6683E+01  0.1583E+02
  -0.906  0.6438E+01  0.1589E+02
  -0.896  0.6419E+01  0.1596E+02
  -0.886  0.6451E+01  0.1602E+02
  -0.876  0.6478E+01  0.1609E+02
  -0.866  0.6498E+01  0.1615E+02
  -0.856  0.6562E+01  0.1622E+02
  -0.846  0.6661E+01  0.1628E+02
  -0.836  0.6851E+01  0.1635E+02
  -0.826  0.6972E+01  0.1642E+02
  -0.816  0.7124E+01  0.1649E+02
  -0.806  0.7415E+01  0.1656E+02
  -0.796  0.8299E+01  0.1664E+02
  -0.786  0.1023E+02  0.1673E+02
  -0.776  0.9643E+01  0.1683E+02
  -0.766  0.9657E+01  0.1693E+02
  -0.756  0.9417E+01  0.1703E+02
  -0.746  0.1025E+02  0.1712E+02
  -0.736  0.1319E+02  0.1724E+02
  -0.726  0.1458E+02  0.1738E+02
  -0.716  0.1450E+02  0.1753E+02
  -0.706  0.1125E+02  0.1766E+02
  -0.696  0.1107E+02  0.1776E+02
  -0.686  0.1017E+02  0.1787E+02
  -0.676  0.1076E+02  0.1797E+02
  -0.666  0.1119E+02  0.1808E+02
  -0.656  0.1175E+02  0.1820E+02
  -0.646  0.1201E+02  0.1832E+02
  -0.636  0.1197E+02  0.1843E+02
  -0.626  0.1259E+02  0.1856E+02
  -0.616  0.1287E+02  0.1868E+02
  -0.606  0.1180E+02  0.1881E+02
  -0.596  0.1132E+02  0.1892E+02
  -0.586  0.1152E+02  0.1903E+02
  -0.576  0.1209E+02  0.1915E+02
  -0.566  0.1247E+02  0.1928E+02
  -0.556  0.1302E+02  0.1940E+02
  -0.546  0.1269E+02  0.1953E+02
  -0.536  0.1224E+02  0.1966E+02
  -0.526  0.1381E+02  0.1979E+02
  -0.516  0.1473E+02  0.1993E+02
  -0.506  0.1536E+02  0.2008E+02
  -0.496  0.1722E+02  0.2025E+02
  -0.486  0.2186E+02  0.2045E+02
  -0.476  0.1968E+02  0.2066E+02
  -0.466  0.1771E+02  0.2084E+02
  -0.456  0.1707E+02  0.2101E+02
  -0.446  0.1674E+02  0.2118E+02
  -0.436  0.1698E+02  0.2135E+02
  -0.426  0.1676E+02  0.2152E+02
  -0.416  0.1503E+02  0.2168E+02
  -0.406  0.1431E+02  0.2183E+02
  -0.396  0.1450E+02  0.2197E+02
  -0.386  0.1346E+02  0.2212E+02
  -0.376  0.1278E+02  0.2225E+02
  -0.366  0.1244E+02  0.2237E+02
  -0.356  0.1217E+02  0.2249E+02
  -0.346  0.1197E+02  0.2262E+02
  -0.336  0.1206E+02  0.2274E+02
  -0.326  0.1171E+02  0.2285E+02
  -0.316  0.1162E+02  0.2297E+02
  -0.306  0.1132E+02  0.2309E+02
  -0.296  0.1115E+02  0.2320E+02
  -0.286  0.1118E+02  0.2331E+02
  -0.276  0.1144E+02  0.2342E+02
  -0.266  0.1149E+02  0.2354E+02
  -0.256  0.1154E+02  0.2365E+02
  -0.246  0.1137E+02  0.2377E+02
  -0.236  0.1122E+02  0.2388E+02
  -0.226  0.1108E+02  0.2399E+02
  -0.216  0.1067E+02  0.2410E+02
  -0.206  0.1028E+02  0.2420E+02
  -0.196  0.1011E+02  0.2431E+02
  -0.186  0.9945E+01  0.2441E+02
  -0.176  0.9703E+01  0.2450E+02
  -0.166  0.9322E+01  0.2460E+02
  -0.156  0.8944E+01  0.2469E+02
  -0.146  0.8655E+01  0.2478E+02
  -0.136  0.8443E+01  0.2486E+02
  -0.126  0.8009E+01  0.2495E+02
  -0.116  0.7497E+01  0.2502E+02
  -0.106  0.7200E+01  0.2510E+02
  -0.096  0.6876E+01  0.2517E+02
  -0.086  0.7162E+01  0.2524E+02
  -0.076  0.7155E+01  0.2531E+02
  -0.066  0.6993E+01  0.2538E+02
  -0.056  0.6547E+01  0.2545E+02
  -0.046  0.6376E+01  0.2551E+02
  -0.036  0.7003E+01  0.2558E+02
  -0.026  0.5887E+01  0.2565E+02
  -0.016  0.3612E+01  0.2569E+02
  -0.006  0.2067E+01  0.2572E+02
   0.004  0.1518E+01  0.2574E+02
   0.014  0.1449E+01  0.2575E+02
   0.024  0.1393E+01  0.2577E+02
   0.034  0.1341E+01  0.2578E+02
   0.044  0.1294E+01  0.2579E+02
   0.054  0.1248E+01  0.2581E+02
   0.064  0.1204E+01  0.2582E+02
   0.074  0.1172E+01  0.2583E+02
   0.084  0.1150E+01  0.2584E+02
   0.094  0.1132E+01  0.2585E+02
   0.104  0.1118E+01  0.2586E+02
   0.114  0.1105E+01  0.2588E+02
   0.124  0.1094E+01  0.2589E+02
   0.134  0.1066E+01  0.2590E+02
   0.144  0.1001E+01  0.2591E+02
   0.154  0.9174E+00  0.2592E+02
   0.164  0.8229E+00  0.2593E+02
   0.174  0.7207E+00  0.2593E+02
   0.184  0.6110E+00  0.2594E+02
   0.194  0.5115E+00  0.2595E+02
   0.204  0.4459E+00  0.2595E+02
   0.214  0.3949E+00  0.2596E+02
   0.224  0.3539E+00  0.2596E+02
   0.234  0.3183E+00  0.2596E+02
   0.244  0.2883E+00  0.2597E+02
   0.254  0.2639E+00  0.2597E+02
   0.264  0.2433E+00  0.2597E+02
   0.274  0.2245E+00  0.2597E+02
   0.284  0.2073E+00  0.2598E+02
   0.294  0.1917E+00  0.2598E+02
   0.304  0.1779E+00  0.2598E+02
   0.314  0.1656E+00  0.2598E+02
   0.324  0.1544E+00  0.2598E+02
   0.334  0.1438E+00  0.2598E+02
   0.344  0.1339E+00  0.2599E+02
   0.354  0.1247E+00  0.2599E+02
   0.364  0.1163E+00  0.2599E+02
   0.374  0.1085E+00  0.2599E+02
   0.384  0.1014E+00  0.2599E+02
   0.394  0.9509E-01  0.2599E+02
   0.404  0.8943E-01  0.2599E+02
   0.414  0.8417E-01  0.2599E+02
   0.424  0.7906E-01  0.2599E+02
   0.434  0.7410E-01  0.2599E+02
   0.444  0.6929E-01  0.2599E+02
   0.454  0.6462E-01  0.2600E+02
   0.464  0.6005E-01  0.2600E+02
   0.474  0.5540E-01  0.2600E+02
   0.484  0.5068E-01  0.2600E+02
   0.494  0.4589E-01  0.2600E+02
   0.504  0.4103E-01  0.2600E+02
   0.514  0.3610E-01  0.2600E+02
   0.524  0.3109E-01  0.2600E+02
   0.534  0.2602E-01  0.2600E+02
   0.544  0.2091E-01  0.2600E+02
   0.554  0.1625E-01  0.2600E+02
   0.564  0.1217E-01  0.2600E+02
   0.574  0.8679E-02  0.2600E+02
   0.584  0.5778E-02  0.2600E+02
   0.594  0.3465E-02  0.2600E+02
   0.604  0.1741E-02  0.2600E+02
   0.614  0.6038E-03  0.2600E+02
   0.624  0.5512E-04  0.2600E+02
   0.634  0.0000E+00  0.2600E+02
   0.644  0.0000E+00  0.2600E+02
   0.654  0.0000E+00  0.2600E+02
   0.664  0.0000E+00  0.2600E+02
   0.674  0.0000E+00  0.2600E+02
   0.684  0.0000E+00  0.2600E+02
   0.694  0.0000E+00  0.2600E+02
   0.704  0.0000E+00  0.2600E+02
   0.714  0.0000E+00  0.2600E+02
   0.724  0.0000E+00  0.2600E+02
   0.734  0.0000E+00  0.2600E+02
   0.744  0.0000E+00  0.2600E+02
   0.754  0.0000E+00  0.2600E+02
   0.764  0.0000E+00  0.2600E+02
   0.774  0.0000E+00  0.2600E+02
   0.784  0.0000E+00  0.2600E+02
   0.794  0.0000E+00  0.2600E+02
   0.804  0.0000E+00  0.2600E+02
   0.814  0.0000E+00  0.2600E+02
   0.824  0.0000E+00  0.2600E+02
   0.834  0.0000E+00  0.2600E+02
   0.844  0.0000E+00  0.2600E+02
   0.854  0.0000E+00  0.2600E+02
   0.864  0.0000E+00  0.2600E+02
   0.874  0.0000E+00  0.2600E+02
   0.884  0.0000E+00  0.2600E+02
   0.894  0.0000E+00  0.2600E+02
   0.904  0.0000E+00  0.2600E+02
   0.914  0.0000E+00  0.2600E+02
   0.924  0.0000E+00  0.2600E+02
   0.934  0.0000E+00  0.2600E+02
   0.944  0.0000E+00  0.2600E+02
   0.954  0.0000E+00  0.2600E+02
   0.964  0.0000E+00  0.2600E+02
   0.974  0.0000E+00  0.2600E+02
   0.984  0.0000E+00  0.2600E+02
   0.994  0.0000E+00  0.2600E+02
   1.004  0.0000E+00  0.2600E+02
   1.014  0.0000E+00  0.2600E+02
   1.024  0.0000E+00  0.2600E+02
   1.034  0.0000E+00  0.2600E+02
   1.044  0.0000E+00  0.2600E+02
   1.054  0.0000E+00  0.2600E+02
   1.064  0.0000E+00  0.2600E+02
   1.074  0.0000E+00  0.2600E+02
   1.084  0.0000E+00  0.2600E+02
   1.094  0.0000E+00  0.2600E+02
   1.104  0.0000E+00  0.2600E+02
   1.114  0.0000E+00  0.2600E+02
   1.124  0.0000E+00  0.2600E+02
   1.134  0.0000E+00  0.2600E+02
   1.144  0.0000E+00  0.2600E+02
   1.154  0.0000E+00  0.2600E+02
   1.164  0.0000E+00  0.2600E+02
   1.174  0.0000E+00  0.2600E+02
   1.184  0.0000E+00  0.2600E+02
   1.194  0.0000E+00  0.2600E+02
   1.204  0.0000E+00  0.2600E+02
   1.214  0.0000E+00  0.2600E+02
   1.224  0.0000E+00  0.2600E+02
   1.234  0.0000E+00  0.2600E+02
   1.244  0.0000E+00  0.2600E+02
   1.254  0.0000E+00  0.2600E+02
   1.264  0.0000E+00  0.2600E+02
   1.274  0.0000E+00  0.2600E+02
   1.284  0.0000E+00  0.2600E+02
   1.294  0.0000E+00  0.2600E+02
   1.304  0.0000E+00  0.2600E+02
   1.314  0.0000E+00  0.2600E+02
   1.324  0.0000E+00  0.2600E+02
   1.334  0.0000E+00  0.2600E+02
   1.344  0.0000E+00  0.2600E+02
   1.354  0.0000E+00  0.2600E+02
   1.364  0.0000E+00  0.2600E+02
   1.374  0.0000E+00  0.2600E+02
   1.384  0.0000E+00  0.2600E+02
   1.394  0.0000E+00  0.2600E+02
   1.404  0.0000E+00  0.2600E+02
   1.414  0.0000E+00  0.2600E+02
   1.424  0.0000E+00  0.2600E+02
   1.434  0.0000E+00  0.2600E+02
   1.444  0.0000E+00  0.2600E+02
   1.454  0.0000E+00  0.2600E+02
   1.464  0.0000E+00  0.2600E+02
   1.474  0.0000E+00  0.2600E+02
   1.484  0.0000E+00  0.2600E+02
   1.494  0.0000E+00  0.2600E+02
   1.504  0.0000E+00  0.2600E+02
   1.514  0.0000E+00  0.2600E+02
   1.524  0.0000E+00  0.2600E+02
   1.534  0.0000E+00  0.2600E+02
   1.544  0.0000E+00  0.2600E+02
   1.554  0.0000E+00  0.2600E+02
   1.564  0.0000E+00  0.2600E+02
   1.574  0.0000E+00  0.2600E+02
   1.584  0.0000E+00  0.2600E+02
   1.594  0.0000E+00  0.2600E+02
   1.604  0.0000E+00  0.2600E+02
   1.614  0.0000E+00  0.2600E+02
   1.624  0.0000E+00  0.2600E+02
   1.634  0.0000E+00  0.2600E+02
   1.644  0.0000E+00  0.2600E+02
   1.654  0.0000E+00  0.2600E+02
   1.664  0.0000E+00  0.2600E+02
   1.674  0.0000E+00  0.2600E+02
   1.684  0.0000E+00  0.2600E+02
   1.694  0.0000E+00  0.2600E+02
   1.704  0.0000E+00  0.2600E+02
   1.714  0.0000E+00  0.2600E+02
   1.724  0.0000E+00  0.2600E+02
   1.734  0.0000E+00  0.2600E+02
   1.744  0.0000E+00  0.2600E+02
   1.754  0.0000E+00  0.2600E+02
   1.764  0.0000E+00  0.2600E+02
   1.774  0.0000E+00  0.2600E+02
   1.784  0.0000E+00  0.2600E+02
   1.794  0.0000E+00  0.2600E+02
   1.804  0.0000E+00  0.2600E+02
   1.814  0.0000E+00  0.2600E+02
   1.824  0.0000E+00  0.2600E+02
   1.834  0.0000E+00  0.2600E+02
   1.844  0.0000E+00  0.2600E+02
   1.854  0.0000E+00  0.2600E+02
   1.864  0.0000E+00  0.2600E+02
   1.874  0.0000E+00  0.2600E+02
   1.884  0.0000E+00  0.2600E+02
   1.894  0.0000E+00  0.2600E+02
   1.904  0.0000E+00  0.2600E+02
   1.914  0.0000E+00  0.2600E+02
   1.924  0.0000E+00  0.2600E+02
   1.934  0.3733E-02  0.2600E+02
   1.944  0.4783E-01  0.2600E+02
   1.954  0.1263E+00  0.2600E+02
   1.964  0.1411E+00  0.2600E+02
   1.974  0.1232E+00  0.2600E+02
   1.984  0.1434E+00  0.2601E+02
   1.994  0.1661E+00  0.2601E+02
   2.004  0.1914E+00  0.2601E+02
   2.014  0.2144E+00  0.2601E+02
   2.024  0.2292E+00  0.2601E+02
   2.034  0.2551E+00  0.2602E+02
   2.044  0.2820E+00  0.2602E+02
   2.054  0.3099E+00  0.2602E+02
   2.064  0.3387E+00  0.2602E+02
   2.074  0.3684E+00  0.2603E+02
   2.084  0.3992E+00  0.2603E+02
   2.094  0.4293E+00  0.2604E+02
   2.104  0.4596E+00  0.2604E+02
   2.114  0.4925E+00  0.2604E+02
   2.124  0.5282E+00  0.2605E+02
   2.134  0.5819E+00  0.2606E+02
   2.144  0.6415E+00  0.2606E+02
   2.154  0.6900E+00  0.2607E+02
   2.164  0.7312E+00  0.2608E+02
   2.174  0.7655E+00  0.2608E+02
   2.184  0.7972E+00  0.2609E+02
   2.194  0.8297E+00  0.2610E+02
   2.204  0.8469E+00  0.2611E+02
   2.214  0.8670E+00  0.2612E+02
   2.224  0.8885E+00  0.2612E+02
   2.234  0.9182E+00  0.2613E+02
   2.244  0.9526E+00  0.2614E+02
   2.254  0.9880E+00  0.2615E+02
   2.264  0.1032E+01  0.2616E+02
   2.274  0.1071E+01  0.2617E+02
   2.284  0.1111E+01  0.2618E+02
   2.294  0.1154E+01  0.2620E+02
   2.304  0.1200E+01  0.2621E+02
   2.314  0.1247E+01  0.2622E+02
   2.324  0.1311E+01  0.2623E+02
   2.334  0.1384E+01  0.2625E+02
   2.344  0.1450E+01  0.2626E+02
   2.354  0.1522E+01  0.2627E+02
   2.364  0.1660E+01  0.2629E+02
   2.374  0.1841E+01  0.2631E+02
   2.384  0.1775E+01  0.2633E+02
   2.394  0.1852E+01  0.2634E+02
   2.404  0.1924E+01  0.2636E+02
   2.414  0.1989E+01  0.2638E+02
   2.424  0.2047E+01  0.2640E+02
   2.434  0.2096E+01  0.2642E+02
   2.444  0.2141E+01  0.2645E+02
   2.454  0.2182E+01  0.2647E+02
   2.464  0.2219E+01  0.2649E+02
   2.474  0.2251E+01  0.2651E+02
   2.484  0.2289E+01  0.2653E+02
   2.494  0.2319E+01  0.2656E+02
   2.504  0.2340E+01  0.2658E+02
   2.514  0.2354E+01  0.2660E+02
   2.524  0.2433E+01  0.2663E+02
   2.534  0.2397E+01  0.2665E+02
   2.544  0.2312E+01  0.2668E+02
   2.554  0.2283E+01  0.2670E+02
   2.564  0.2283E+01  0.2672E+02
   2.574  0.2228E+01  0.2674E+02
   2.584  0.2206E+01  0.2677E+02
   2.594  0.2215E+01  0.2679E+02
   2.604  0.2224E+01  0.2681E+02
   2.614  0.2246E+01  0.2683E+02
   2.624  0.2306E+01  0.2686E+02
   2.634  0.2337E+01  0.2688E+02
   2.644  0.2355E+01  0.2690E+02
   2.654  0.2373E+01  0.2693E+02
   2.664  0.2394E+01  0.2695E+02
   2.674  0.2409E+01  0.2697E+02
   2.684  0.2424E+01  0.2700E+02
   2.694  0.2439E+01  0.2702E+02
   2.704  0.2375E+01  0.2705E+02
   2.714  0.2310E+01  0.2707E+02
   2.724  0.2262E+01  0.2709E+02
   2.734  0.2215E+01  0.2711E+02
   2.744  0.2169E+01  0.2714E+02
   2.754  0.2121E+01  0.2716E+02
   2.764  0.2073E+01  0.2718E+02
   2.774  0.2026E+01  0.2720E+02
   2.784  0.1982E+01  0.2722E+02
   2.794  0.1941E+01  0.2724E+02
   2.804  0.1894E+01  0.2726E+02
   2.814  0.1848E+01  0.2728E+02
   2.824  0.1807E+01  0.2730E+02
   2.834  0.1757E+01  0.2731E+02
   2.844  0.1740E+01  0.2733E+02
   2.854  0.1735E+01  0.2735E+02
   2.864  0.1730E+01  0.2737E+02
   2.874  0.1724E+01  0.2738E+02
   2.884  0.1718E+01  0.2740E+02
   2.894  0.1711E+01  0.2742E+02
   2.904  0.1709E+01  0.2743E+02
   2.914  0.1707E+01  0.2745E+02
   2.924  0.1703E+01  0.2747E+02
   2.934  0.1700E+01  0.2749E+02
   2.944  0.1731E+01  0.2750E+02
   2.954  0.1706E+01  0.2752E+02
   2.964  0.1677E+01  0.2754E+02
   2.974  0.1650E+01  0.2755E+02
   2.984  0.1620E+01  0.2757E+02
   2.994  0.1591E+01  0.2759E+02
   3.004  0.1569E+01  0.2760E+02
   3.014  0.1537E+01  0.2762E+02
   3.024  0.1486E+01  0.2763E+02
   3.034  0.1478E+01  0.2765E+02
   3.044  0.1471E+01  0.2766E+02
   3.054  0.1463E+01  0.2768E+02
   3.064  0.1456E+01  0.2769E+02
   3.074  0.1449E+01  0.2771E+02
   3.084  0.1441E+01  0.2772E+02
   3.094  0.1434E+01  0.2773E+02
   3.104  0.1427E+01  0.2775E+02
   3.114  0.1420E+01  0.2776E+02
   3.124  0.1413E+01  0.2778E+02
   3.134  0.1406E+01  0.2779E+02
   3.144  0.1399E+01  0.2780E+02
   3.154  0.1393E+01  0.2782E+02
   3.164  0.1386E+01  0.2783E+02
   3.174  0.1379E+01  0.2785E+02
   3.184  0.1371E+01  0.2786E+02
   3.194  0.1363E+01  0.2787E+02
   3.204  0.1356E+01  0.2789E+02
   3.214  0.1395E+01  0.2790E+02
   3.224  0.1415E+01  0.2792E+02
   3.234  0.1429E+01  0.2793E+02
   3.244  0.1443E+01  0.2794E+02
   3.254  0.1451E+01  0.2796E+02
   3.264  0.1461E+01  0.2797E+02
   3.274  0.1468E+01  0.2799E+02
   3.284  0.1472E+01  0.2800E+02
   3.294  0.1475E+01  0.2802E+02
   3.304  0.1481E+01  0.2803E+02
   3.314  0.1443E+01  0.2805E+02
   3.324  0.1427E+01  0.2806E+02
   3.334  0.1415E+01  0.2808E+02
   3.344  0.1403E+01  0.2809E+02
   3.354  0.1401E+01  0.2810E+02
   3.364  0.1402E+01  0.2812E+02
   3.374  0.1400E+01  0.2813E+02
   3.384  0.1399E+01  0.2815E+02
   3.394  0.1397E+01  0.2816E+02
   3.404  0.1395E+01  0.2817E+02
   3.414  0.1393E+01  0.2819E+02
   3.424  0.1393E+01  0.2820E+02
   3.434  0.1395E+01  0.2821E+02
   3.444  0.1396E+01  0.2823E+02
   3.454  0.1395E+01  0.2824E+02
   3.464  0.1395E+01  0.2826E+02
   3.474  0.1397E+01  0.2827E+02
   3.484  0.1400E+01  0.2828E+02
   3.494  0.1406E+01  0.2830E+02
   3.504  0.1444E+01  0.2831E+02
   3.514  0.1432E+01  0.2833E+02
   3.524  0.1416E+01  0.2834E+02
   3.534  0.1400E+01  0.2836E+02
   3.544  0.1386E+01  0.2837E+02
   3.554  0.1372E+01  0.2838E+02
   3.564  0.1355E+01  0.2840E+02
   3.574  0.1346E+01  0.2841E+02
   3.584  0.1349E+01  0.2842E+02
   3.594  0.1333E+01  0.2844E+02
   3.604  0.1334E+01  0.2845E+02
   3.614  0.1353E+01  0.2846E+02
   3.624  0.1366E+01  0.2848E+02
   3.634  0.1370E+01  0.2849E+02
   3.644  0.1371E+01  0.2851E+02
   3.654  0.1375E+01  0.2852E+02
   3.664  0.1383E+01  0.2853E+02
   3.674  0.1393E+01  0.2855E+02
   3.684  0.1404E+01  0.2856E+02
   3.694  0.1416E+01  0.2857E+02
   3.704  0.1430E+01  0.2859E+02
   3.714  0.1444E+01  0.2860E+02
   3.724  0.1456E+01  0.2862E+02
   3.734  0.1467E+01  0.2863E+02
   3.744  0.1471E+01  0.2865E+02
   3.754  0.1475E+01  0.2866E+02
   3.764  0.1481E+01  0.2868E+02
   3.774  0.1489E+01  0.2869E+02
   3.784  0.1497E+01  0.2871E+02
   3.794  0.1505E+01  0.2872E+02
   3.804  0.1513E+01  0.2874E+02
   3.814  0.1520E+01  0.2875E+02
   3.824  0.1528E+01  0.2877E+02
   3.834  0.1572E+01  0.2878E+02
   3.844  0.1625E+01  0.2880E+02
   3.854  0.1649E+01  0.2881E+02
   3.864  0.1670E+01  0.2883E+02
   3.874  0.1679E+01  0.2885E+02
   3.884  0.1692E+01  0.2886E+02
   3.894  0.1706E+01  0.2888E+02
   3.904  0.1722E+01  0.2890E+02
   3.914  0.1739E+01  0.2892E+02
   3.924  0.1759E+01  0.2893E+02
   3.934  0.1783E+01  0.2895E+02
   3.944  0.1802E+01  0.2897E+02
   3.954  0.1768E+01  0.2899E+02
   3.964  0.1770E+01  0.2900E+02
   3.974  0.1767E+01  0.2902E+02
   3.984  0.1773E+01  0.2904E+02
   3.994  0.1778E+01  0.2906E+02
   4.004  0.1782E+01  0.2908E+02
   4.014  0.1791E+01  0.2909E+02
   4.024  0.1810E+01  0.2911E+02
   4.034  0.1831E+01  0.2913E+02
   4.044  0.1852E+01  0.2915E+02
   4.054  0.1875E+01  0.2917E+02
   4.064  0.1899E+01  0.2919E+02
   4.074  0.1942E+01  0.2921E+02
   4.084  0.1990E+01  0.2922E+02
   4.094  0.2039E+01  0.2924E+02
   4.104  0.2095E+01  0.2927E+02
   4.114  0.2211E+01  0.2929E+02
   4.124  0.2271E+01  0.2931E+02
   4.134  0.2304E+01  0.2933E+02
   4.144  0.2363E+01  0.2936E+02
   4.154  0.2562E+01  0.2938E+02
   4.164  0.2709E+01  0.2941E+02
   4.174  0.2740E+01  0.2943E+02
   4.184  0.2644E+01  0.2946E+02
   4.194  0.2380E+01  0.2949E+02
   4.204  0.1392E+01  0.2950E+02
   4.214  0.1272E+01  0.2952E+02
   4.224  0.1240E+01  0.2953E+02
   4.234  0.1215E+01  0.2954E+02
   4.244  0.1195E+01  0.2955E+02
   4.254  0.1180E+01  0.2957E+02
   4.264  0.1172E+01  0.2958E+02
   4.274  0.1169E+01  0.2959E+02
   4.284  0.1172E+01  0.2960E+02
   4.294  0.1176E+01  0.2961E+02
   4.304  0.1180E+01  0.2963E+02
   4.314  0.1404E+01  0.2964E+02
   4.324  0.1691E+01  0.2965E+02
   4.334  0.1833E+01  0.2967E+02
   4.344  0.1901E+01  0.2969E+02
   4.354  0.1973E+01  0.2971E+02
   4.364  0.2050E+01  0.2973E+02
   4.374  0.2098E+01  0.2975E+02
   4.384  0.2130E+01  0.2977E+02
   4.394  0.2132E+01  0.2979E+02
   4.404  0.2122E+01  0.2981E+02
   4.414  0.2091E+01  0.2984E+02
   4.424  0.2058E+01  0.2986E+02
   4.434  0.2028E+01  0.2988E+02
   4.444  0.2064E+01  0.2990E+02
   4.454  0.2078E+01  0.2992E+02
   4.464  0.2078E+01  0.2994E+02
   4.474  0.2090E+01  0.2996E+02
   4.484  0.2112E+01  0.2998E+02
   4.494  0.2118E+01  0.3000E+02
   4.504  0.2114E+01  0.3002E+02
   4.514  0.2128E+01  0.3004E+02
   4.524  0.2093E+01  0.3006E+02
   4.534  0.2080E+01  0.3009E+02
   4.544  0.2094E+01  0.3011E+02
   4.554  0.2115E+01  0.3013E+02
   4.564  0.2020E+01  0.3015E+02
   4.574  0.2020E+01  0.3017E+02
   4.584  0.2029E+01  0.3019E+02
   4.594  0.2067E+01  0.3021E+02
   4.604  0.2137E+01  0.3023E+02
   4.614  0.2245E+01  0.3025E+02
   4.624  0.2326E+01  0.3027E+02
   4.634  0.2364E+01  0.3030E+02
   4.644  0.2391E+01  0.3032E+02
   4.654  0.2409E+01  0.3035E+02
   4.664  0.2432E+01  0.3037E+02
   4.674  0.2458E+01  0.3039E+02
   4.684  0.2481E+01  0.3042E+02
   4.694  0.2502E+01  0.3044E+02
   4.704  0.2523E+01  0.3047E+02
   4.714  0.2543E+01  0.3049E+02
   4.724  0.2564E+01  0.3052E+02
   4.734  0.2604E+01  0.3055E+02
   4.744  0.2739E+01  0.3057E+02
   4.754  0.2858E+01  0.3060E+02
   4.764  0.2923E+01  0.3063E+02
   4.774  0.3330E+01  0.3066E+02
   4.784  0.2799E+01  0.3069E+02
   4.794  0.2767E+01  0.3072E+02
   4.804  0.3219E+01  0.3075E+02
   4.814  0.2995E+01  0.3078E+02
   4.824  0.3023E+01  0.3081E+02
   4.834  0.3131E+01  0.3084E+02
   4.844  0.3322E+01  0.3087E+02
   4.854  0.3525E+01  0.3091E+02
   4.864  0.3731E+01  0.3094E+02
   4.874  0.3903E+01  0.3098E+02
   4.884  0.4049E+01  0.3102E+02
   4.894  0.4292E+01  0.3106E+02
   4.904  0.4691E+01  0.3111E+02
   4.914  0.5112E+01  0.3116E+02
   4.924  0.5161E+01  0.3121E+02
   4.934  0.4970E+01  0.3126E+02
   4.944  0.4869E+01  0.3131E+02
   4.954  0.4870E+01  0.3136E+02
   4.964  0.4929E+01  0.3141E+02
   4.974  0.4904E+01  0.3146E+02
   4.984  0.4900E+01  0.3151E+02
   4.994  0.4876E+01  0.3155E+02
   5.004  0.4855E+01  0.3160E+02
   5.014  0.4829E+01  0.3165E+02
   5.024  0.4810E+01  0.3170E+02
   5.034  0.4783E+01  0.3175E+02
   5.044  0.4768E+01  0.3180E+02
   5.054  0.4777E+01  0.3184E+02
   5.064  0.4805E+01  0.3189E+02
   5.074  0.4846E+01  0.3194E+02
   5.084  0.4838E+01  0.3199E+02
   5.094  0.4754E+01  0.3204E+02
   5.104  0.4767E+01  0.3208E+02
   5.114  0.5043E+01  0.3213E+02
   5.124  0.5398E+01  0.3218E+02
   5.134  0.6030E+01  0.3224E+02
   5.144  0.6590E+01  0.3230E+02
   5.154  0.6720E+01  0.3237E+02
   5.164  0.6689E+01  0.3244E+02
   5.174  0.6672E+01  0.3250E+02
   5.184  0.6437E+01  0.3257E+02
   5.194  0.6016E+01  0.3263E+02
   5.204  0.5815E+01  0.3269E+02
   5.214  0.5712E+01  0.3275E+02
   5.224  0.5530E+01  0.3281E+02
   5.234  0.5319E+01  0.3286E+02
   5.244  0.5132E+01  0.3291E+02
   5.254  0.4984E+01  0.3296E+02
   5.264  0.4976E+01  0.3301E+02
   5.274  0.4987E+01  0.3306E+02
   5.284  0.5266E+01  0.3311E+02
   5.294  0.5377E+01  0.3317E+02
   5.304  0.5346E+01  0.3322E+02
   5.314  0.4760E+01  0.3327E+02
   5.324  0.4263E+01  0.3332E+02
   5.334  0.4657E+01  0.3336E+02
   5.344  0.4744E+01  0.3341E+02
   5.354  0.4006E+01  0.3345E+02
   5.364  0.4023E+01  0.3349E+02
   5.374  0.3965E+01  0.3353E+02
   5.384  0.3913E+01  0.3357E+02
   5.394  0.3940E+01  0.3361E+02
   5.404  0.3903E+01  0.3365E+02
   5.414  0.3793E+01  0.3369E+02
   5.424  0.3617E+01  0.3373E+02
   5.434  0.3381E+01  0.3376E+02
   5.444  0.3045E+01  0.3379E+02
   5.454  0.2583E+01  0.3382E+02
   5.464  0.2126E+01  0.3384E+02
   5.474  0.1833E+01  0.3386E+02
   5.484  0.1574E+01  0.3388E+02
   5.494  0.1332E+01  0.3390E+02
   5.504  0.1126E+01  0.3391E+02
   5.514  0.1035E+01  0.3392E+02
   5.524  0.9828E+00  0.3393E+02
   5.534  0.9508E+00  0.3394E+02
   5.544  0.9101E+00  0.3395E+02
   5.554  0.7965E+00  0.3396E+02
   5.564  0.6451E+00  0.3396E+02
   5.574  0.6093E+00  0.3397E+02
   5.584  0.5566E+00  0.3398E+02
   5.594  0.4894E+00  0.3398E+02
   5.604  0.4291E+00  0.3399E+02
   5.614  0.3602E+00  0.3399E+02
   5.624  0.2929E+00  0.3399E+02
   5.634  0.2289E+00  0.3400E+02
   5.644  0.1681E+00  0.3400E+02
   5.654  0.1106E+00  0.3400E+02
   5.664  0.4399E-01  0.3400E+02
   5.674  0.5299E-02  0.3400E+02
