#  E (eV)   dos(E)     Int dos(E) EFermi =    1.930 eV
 -11.516  0.0000E+00  0.0000E+00
 -11.506  0.7555E+00  0.4706E-02
 -11.496  0.1116E+01  0.1427E-01
 -11.486  0.1405E+01  0.2703E-01
 -11.476  0.1668E+01  0.4246E-01
 -11.466  0.1904E+01  0.6029E-01
 -11.456  0.2123E+01  0.8046E-01
 -11.446  0.2354E+01  0.1028E+00
 -11.436  0.2563E+01  0.1274E+00
 -11.426  0.2788E+01  0.1542E+00
 -11.416  0.3008E+01  0.1831E+00
 -11.406  0.3241E+01  0.2144E+00
 -11.396  0.3480E+01  0.2480E+00
 -11.386  0.3734E+01  0.2840E+00
 -11.376  0.4010E+01  0.3227E+00
 -11.366  0.4306E+01  0.3643E+00
 -11.356  0.4651E+01  0.4090E+00
 -11.346  0.5052E+01  0.4574E+00
 -11.336  0.5538E+01  0.5103E+00
 -11.326  0.6342E+01  0.5696E+00
 -11.316  0.7161E+01  0.6402E+00
 -11.306  0.7047E+01  0.7115E+00
 -11.296  0.6914E+01  0.7814E+00
 -11.286  0.6786E+01  0.8500E+00
 -11.276  0.6669E+01  0.9173E+00
 -11.266  0.6524E+01  0.9832E+00
 -11.256  0.6397E+01  0.1048E+01
 -11.246  0.6259E+01  0.1111E+01
 -11.236  0.6122E+01  0.1173E+01
 -11.226  0.5981E+01  0.1233E+01
 -11.216  0.5839E+01  0.1293E+01
 -11.206  0.5692E+01  0.1350E+01
 -11.196  0.5542E+01  0.1406E+01
 -11.186  0.5385E+01  0.1461E+01
 -11.176  0.5223E+01  0.1514E+01
 -11.166  0.5054E+01  0.1565E+01
 -11.156  0.4873E+01  0.1615E+01
 -11.146  0.4694E+01  0.1663E+01
 -11.136  0.4487E+01  0.1709E+01
 -11.126  0.4305E+01  0.1753E+01
 -11.116  0.4022E+01  0.1794E+01
 -11.106  0.3696E+01  0.1834E+01
 -11.096  0.2961E+01  0.1867E+01
 -11.086  0.2525E+01  0.1894E+01
 -11.076  0.2182E+01  0.1917E+01
 -11.066  0.1883E+01  0.1938E+01
 -11.056  0.1602E+01  0.1955E+01
 -11.046  0.1334E+01  0.1970E+01
 -11.036  0.1074E+01  0.1982E+01
 -11.026  0.8094E+00  0.1991E+01
 -11.016  0.4727E+00  0.1998E+01
 -11.006  0.5009E+02  0.2455E+01
 -10.996  0.3063E+02  0.2860E+01
 -10.986  0.2490E+02  0.3144E+01
 -10.976  0.2210E+02  0.3379E+01
 -10.966  0.2027E+02  0.3592E+01
 -10.956  0.1935E+02  0.3790E+01
 -10.946  0.1857E+02  0.3979E+01
 -10.936  0.1799E+02  0.4161E+01
 -10.926  0.1741E+02  0.4339E+01
 -10.916  0.1742E+02  0.4513E+01
 -10.906  0.1719E+02  0.4687E+01
 -10.896  0.1744E+02  0.4860E+01
 -10.886  0.1736E+02  0.5034E+01
 -10.876  0.1764E+02  0.5210E+01
 -10.866  0.1808E+02  0.5388E+01
 -10.856  0.1863E+02  0.5570E+01
 -10.846  0.1893E+02  0.5757E+01
 -10.836  0.2050E+02  0.5953E+01
 -10.826  0.0000E+00  0.6000E+01
 -10.816  0.0000E+00  0.6000E+01
 -10.806  0.0000E+00  0.6000E+01
 -10.796  0.0000E+00  0.6000E+01
 -10.786  0.0000E+00  0.6000E+01
 -10.776  0.0000E+00  0.6000E+01
 -10.766  0.0000E+00  0.6000E+01
 -10.756  0.0000E+00  0.6000E+01
 -10.746  0.0000E+00  0.6000E+01
 -10.736  0.0000E+00  0.6000E+01
 -10.726  0.0000E+00  0.6000E+01
 -10.716  0.0000E+00  0.6000E+01
 -10.706  0.0000E+00  0.6000E+01
 -10.696  0.0000E+00  0.6000E+01
 -10.686  0.0000E+00  0.6000E+01
 -10.676  0.0000E+00  0.6000E+01
 -10.666  0.0000E+00  0.6000E+01
 -10.656  0.0000E+00  0.6000E+01
 -10.646  0.0000E+00  0.6000E+01
 -10.636  0.0000E+00  0.6000E+01
 -10.626  0.0000E+00  0.6000E+01
 -10.616  0.0000E+00  0.6000E+01
 -10.606  0.0000E+00  0.6000E+01
 -10.596  0.0000E+00  0.6000E+01
 -10.586  0.0000E+00  0.6000E+01
 -10.576  0.0000E+00  0.6000E+01
 -10.566  0.0000E+00  0.6000E+01
 -10.556  0.0000E+00  0.6000E+01
 -10.546  0.0000E+00  0.6000E+01
 -10.536  0.0000E+00  0.6000E+01
 -10.526  0.0000E+00  0.6000E+01
 -10.516  0.0000E+00  0.6000E+01
 -10.506  0.0000E+00  0.6000E+01
 -10.496  0.0000E+00  0.6000E+01
 -10.486  0.0000E+00  0.6000E+01
 -10.476  0.0000E+00  0.6000E+01
 -10.466  0.0000E+00  0.6000E+01
 -10.456  0.0000E+00  0.6000E+01
 -10.446  0.0000E+00  0.6000E+01
 -10.436  0.0000E+00  0.6000E+01
 -10.426  0.0000E+00  0.6000E+01
 -10.416  0.0000E+00  0.6000E+01
 -10.406  0.0000E+00  0.6000E+01
 -10.396  0.0000E+00  0.6000E+01
 -10.386  0.0000E+00  0.6000E+01
 -10.376  0.0000E+00  0.6000E+01
 -10.366  0.0000E+00  0.6000E+01
 -10.356  0.0000E+00  0.6000E+01
 -10.346  0.0000E+00  0.6000E+01
 -10.336  0.0000E+00  0.6000E+01
 -10.326  0.0000E+00  0.6000E+01
 -10.316  0.0000E+00  0.6000E+01
 -10.306  0.0000E+00  0.6000E+01
 -10.296  0.0000E+00  0.6000E+01
 -10.286  0.0000E+00  0.6000E+01
 -10.276  0.0000E+00  0.6000E+01
 -10.266  0.0000E+00  0.6000E+01
 -10.256  0.0000E+00  0.6000E+01
 -10.246  0.0000E+00  0.6000E+01
 -10.236  0.0000E+00  0.6000E+01
 -10.226  0.0000E+00  0.6000E+01
 -10.216  0.0000E+00  0.6000E+01
 -10.206  0.0000E+00  0.6000E+01
 -10.196  0.0000E+00  0.6000E+01
 -10.186  0.0000E+00  0.6000E+01
 -10.176  0.0000E+00  0.6000E+01
 -10.166  0.0000E+00  0.6000E+01
 -10.156  0.0000E+00  0.6000E+01
 -10.146  0.0000E+00  0.6000E+01
 -10.136  0.0000E+00  0.6000E+01
 -10.126  0.0000E+00  0.6000E+01
 -10.116  0.0000E+00  0.6000E+01
 -10.106  0.0000E+00  0.6000E+01
 -10.096  0.0000E+00  0.6000E+01
 -10.086  0.0000E+00  0.6000E+01
 -10.076  0.0000E+00  0.6000E+01
 -10.066  0.0000E+00  0.6000E+01
 -10.056  0.0000E+00  0.6000E+01
 -10.046  0.0000E+00  0.6000E+01
 -10.036  0.0000E+00  0.6000E+01
 -10.026  0.0000E+00  0.6000E+01
 -10.016  0.0000E+00  0.6000E+01
 -10.006  0.0000E+00  0.6000E+01
  -9.996  0.0000E+00  0.6000E+01
  -9.986  0.0000E+00  0.6000E+01
  -9.976  0.0000E+00  0.6000E+01
  -9.966  0.0000E+00  0.6000E+01
  -9.956  0.0000E+00  0.6000E+01
  -9.946  0.0000E+00  0.6000E+01
  -9.936  0.0000E+00  0.6000E+01
  -9.926  0.0000E+00  0.6000E+01
  -9.916  0.0000E+00  0.6000E+01
  -9.906  0.0000E+00  0.6000E+01
  -9.896  0.0000E+00  0.6000E+01
  -9.886  0.0000E+00  0.6000E+01
  -9.876  0.0000E+00  0.6000E+01
  -9.866  0.0000E+00  0.6000E+01
  -9.856  0.0000E+00  0.6000E+01
  -9.846  0.0000E+00  0.6000E+01
  -9.836  0.0000E+00  0.6000E+01
  -9.826  0.0000E+00  0.6000E+01
  -9.816  0.0000E+00  0.6000E+01
  -9.806  0.0000E+00  0.6000E+01
  -9.796  0.0000E+00  0.6000E+01
  -9.786  0.0000E+00  0.6000E+01
  -9.776  0.0000E+00  0.6000E+01
  -9.766  0.0000E+00  0.6000E+01
  -9.756  0.0000E+00  0.6000E+01
  -9.746  0.0000E+00  0.6000E+01
  -9.736  0.0000E+00  0.6000E+01
  -9.726  0.0000E+00  0.6000E+01
  -9.716  0.0000E+00  0.6000E+01
  -9.706  0.0000E+00  0.6000E+01
  -9.696  0.0000E+00  0.6000E+01
  -9.686  0.0000E+00  0.6000E+01
  -9.676  0.0000E+00  0.6000E+01
  -9.666  0.0000E+00  0.6000E+01
  -9.656  0.0000E+00  0.6000E+01
  -9.646  0.0000E+00  0.6000E+01
  -9.636  0.0000E+00  0.6000E+01
  -9.626  0.0000E+00  0.6000E+01
  -9.616  0.0000E+00  0.6000E+01
  -9.606  0.0000E+00  0.6000E+01
  -9.596  0.0000E+00  0.6000E+01
  -9.586  0.0000E+00  0.6000E+01
  -9.576  0.0000E+00  0.6000E+01
  -9.566  0.0000E+00  0.6000E+01
  -9.556  0.0000E+00  0.6000E+01
  -9.546  0.0000E+00  0.6000E+01
  -9.536  0.0000E+00  0.6000E+01
  -9.526  0.0000E+00  0.6000E+01
  -9.516  0.0000E+00  0.6000E+01
  -9.506  0.0000E+00  0.6000E+01
  -9.496  0.0000E+00  0.6000E+01
  -9.486  0.0000E+00  0.6000E+01
  -9.476  0.0000E+00  0.6000E+01
  -9.466  0.0000E+00  0.6000E+01
  -9.456  0.0000E+00  0.6000E+01
  -9.446  0.0000E+00  0.6000E+01
  -9.436  0.0000E+00  0.6000E+01
  -9.426  0.0000E+00  0.6000E+01
  -9.416  0.0000E+00  0.6000E+01
  -9.406  0.0000E+00  0.6000E+01
  -9.396  0.0000E+00  0.6000E+01
  -9.386  0.0000E+00  0.6000E+01
  -9.376  0.0000E+00  0.6000E+01
  -9.366  0.0000E+00  0.6000E+01
  -9.356  0.0000E+00  0.6000E+01
  -9.346  0.0000E+00  0.6000E+01
  -9.336  0.0000E+00  0.6000E+01
  -9.326  0.0000E+00  0.6000E+01
  -9.316  0.0000E+00  0.6000E+01
  -9.306  0.0000E+00  0.6000E+01
  -9.296  0.0000E+00  0.6000E+01
  -9.286  0.0000E+00  0.6000E+01
  -9.276  0.0000E+00  0.6000E+01
  -9.266  0.0000E+00  0.6000E+01
  -9.256  0.0000E+00  0.6000E+01
  -9.246  0.0000E+00  0.6000E+01
  -9.236  0.0000E+00  0.6000E+01
  -9.226  0.0000E+00  0.6000E+01
  -9.216  0.0000E+00  0.6000E+01
  -9.206  0.0000E+00  0.6000E+01
  -9.196  0.0000E+00  0.6000E+01
  -9.186  0.0000E+00  0.6000E+01
  -9.176  0.0000E+00  0.6000E+01
  -9.166  0.0000E+00  0.6000E+01
  -9.156  0.0000E+00  0.6000E+01
  -9.146  0.0000E+00  0.6000E+01
  -9.136  0.0000E+00  0.6000E+01
  -9.126  0.0000E+00  0.6000E+01
  -9.116  0.0000E+00  0.6000E+01
  -9.106  0.0000E+00  0.6000E+01
  -9.096  0.0000E+00  0.6000E+01
  -9.086  0.0000E+00  0.6000E+01
  -9.076  0.0000E+00  0.6000E+01
  -9.066  0.0000E+00  0.6000E+01
  -9.056  0.0000E+00  0.6000E+01
  -9.046  0.0000E+00  0.6000E+01
  -9.036  0.0000E+00  0.6000E+01
  -9.026  0.0000E+00  0.6000E+01
  -9.016  0.0000E+00  0.6000E+01
  -9.006  0.0000E+00  0.6000E+01
  -8.996  0.0000E+00  0.6000E+01
  -8.986  0.0000E+00  0.6000E+01
  -8.976  0.0000E+00  0.6000E+01
  -8.966  0.0000E+00  0.6000E+01
  -8.956  0.0000E+00  0.6000E+01
  -8.946  0.0000E+00  0.6000E+01
  -8.936  0.0000E+00  0.6000E+01
  -8.926  0.0000E+00  0.6000E+01
  -8.916  0.0000E+00  0.6000E+01
  -8.906  0.0000E+00  0.6000E+01
  -8.896  0.0000E+00  0.6000E+01
  -8.886  0.0000E+00  0.6000E+01
  -8.876  0.0000E+00  0.6000E+01
  -8.866  0.0000E+00  0.6000E+01
  -8.856  0.0000E+00  0.6000E+01
  -8.846  0.0000E+00  0.6000E+01
  -8.836  0.0000E+00  0.6000E+01
  -8.826  0.0000E+00  0.6000E+01
  -8.816  0.0000E+00  0.6000E+01
  -8.806  0.0000E+00  0.6000E+01
  -8.796  0.0000E+00  0.6000E+01
  -8.786  0.0000E+00  0.6000E+01
  -8.776  0.0000E+00  0.6000E+01
  -8.766  0.0000E+00  0.6000E+01
  -8.756  0.0000E+00  0.6000E+01
  -8.746  0.0000E+00  0.6000E+01
  -8.736  0.0000E+00  0.6000E+01
  -8.726  0.0000E+00  0.6000E+01
  -8.716  0.0000E+00  0.6000E+01
  -8.706  0.0000E+00  0.6000E+01
  -8.696  0.0000E+00  0.6000E+01
  -8.686  0.0000E+00  0.6000E+01
  -8.676  0.0000E+00  0.6000E+01
  -8.666  0.0000E+00  0.6000E+01
  -8.656  0.0000E+00  0.6000E+01
  -8.646  0.0000E+00  0.6000E+01
  -8.636  0.0000E+00  0.6000E+01
  -8.626  0.0000E+00  0.6000E+01
  -8.616  0.0000E+00  0.6000E+01
  -8.606  0.0000E+00  0.6000E+01
  -8.596  0.0000E+00  0.6000E+01
  -8.586  0.0000E+00  0.6000E+01
  -8.576  0.0000E+00  0.6000E+01
  -8.566  0.0000E+00  0.6000E+01
  -8.556  0.0000E+00  0.6000E+01
  -8.546  0.0000E+00  0.6000E+01
  -8.536  0.0000E+00  0.6000E+01
  -8.526  0.0000E+00  0.6000E+01
  -8.516  0.0000E+00  0.6000E+01
  -8.506  0.0000E+00  0.6000E+01
  -8.496  0.0000E+00  0.6000E+01
  -8.486  0.0000E+00  0.6000E+01
  -8.476  0.0000E+00  0.6000E+01
  -8.466  0.0000E+00  0.6000E+01
  -8.456  0.0000E+00  0.6000E+01
  -8.446  0.0000E+00  0.6000E+01
  -8.436  0.0000E+00  0.6000E+01
  -8.426  0.0000E+00  0.6000E+01
  -8.416  0.0000E+00  0.6000E+01
  -8.406  0.0000E+00  0.6000E+01
  -8.396  0.0000E+00  0.6000E+01
  -8.386  0.0000E+00  0.6000E+01
  -8.376  0.0000E+00  0.6000E+01
  -8.366  0.0000E+00  0.6000E+01
  -8.356  0.0000E+00  0.6000E+01
  -8.346  0.0000E+00  0.6000E+01
  -8.336  0.0000E+00  0.6000E+01
  -8.326  0.0000E+00  0.6000E+01
  -8.316  0.0000E+00  0.6000E+01
  -8.306  0.0000E+00  0.6000E+01
  -8.296  0.0000E+00  0.6000E+01
  -8.286  0.0000E+00  0.6000E+01
  -8.276  0.0000E+00  0.6000E+01
  -8.266  0.0000E+00  0.6000E+01
  -8.256  0.0000E+00  0.6000E+01
  -8.246  0.0000E+00  0.6000E+01
  -8.236  0.0000E+00  0.6000E+01
  -8.226  0.0000E+00  0.6000E+01
  -8.216  0.0000E+00  0.6000E+01
  -8.206  0.0000E+00  0.6000E+01
  -8.196  0.0000E+00  0.6000E+01
  -8.186  0.0000E+00  0.6000E+01
  -8.176  0.0000E+00  0.6000E+01
  -8.166  0.0000E+00  0.6000E+01
  -8.156  0.0000E+00  0.6000E+01
  -8.146  0.0000E+00  0.6000E+01
  -8.136  0.0000E+00  0.6000E+01
  -8.126  0.0000E+00  0.6000E+01
  -8.116  0.0000E+00  0.6000E+01
  -8.106  0.0000E+00  0.6000E+01
  -8.096  0.0000E+00  0.6000E+01
  -8.086  0.0000E+00  0.6000E+01
  -8.076  0.0000E+00  0.6000E+01
  -8.066  0.0000E+00  0.6000E+01
  -8.056  0.0000E+00  0.6000E+01
  -8.046  0.0000E+00  0.6000E+01
  -8.036  0.0000E+00  0.6000E+01
  -8.026  0.0000E+00  0.6000E+01
  -8.016  0.0000E+00  0.6000E+01
  -8.006  0.0000E+00  0.6000E+01
  -7.996  0.0000E+00  0.6000E+01
  -7.986  0.0000E+00  0.6000E+01
  -7.976  0.0000E+00  0.6000E+01
  -7.966  0.0000E+00  0.6000E+01
  -7.956  0.0000E+00  0.6000E+01
  -7.946  0.0000E+00  0.6000E+01
  -7.936  0.0000E+00  0.6000E+01
  -7.926  0.0000E+00  0.6000E+01
  -7.916  0.0000E+00  0.6000E+01
  -7.906  0.0000E+00  0.6000E+01
  -7.896  0.0000E+00  0.6000E+01
  -7.886  0.1639E-01  0.6000E+01
  -7.876  0.1231E+00  0.6001E+01
  -7.866  0.1963E+00  0.6002E+01
  -7.856  0.2264E+00  0.6005E+01
  -7.846  0.2694E+00  0.6007E+01
  -7.836  0.3029E+00  0.6010E+01
  -7.826  0.3328E+00  0.6013E+01
  -7.816  0.3653E+00  0.6017E+01
  -7.806  0.3981E+00  0.6020E+01
  -7.796  0.4219E+00  0.6025E+01
  -7.786  0.4482E+00  0.6029E+01
  -7.776  0.4778E+00  0.6034E+01
  -7.766  0.5062E+00  0.6038E+01
  -7.756  0.5299E+00  0.6044E+01
  -7.746  0.5548E+00  0.6049E+01
  -7.736  0.5812E+00  0.6055E+01
  -7.726  0.6086E+00  0.6061E+01
  -7.716  0.6345E+00  0.6067E+01
  -7.706  0.6595E+00  0.6073E+01
  -7.696  0.6846E+00  0.6080E+01
  -7.686  0.7112E+00  0.6087E+01
  -7.676  0.7385E+00  0.6094E+01
  -7.666  0.7657E+00  0.6102E+01
  -7.656  0.7920E+00  0.6110E+01
  -7.646  0.8189E+00  0.6118E+01
  -7.636  0.8468E+00  0.6126E+01
  -7.626  0.8753E+00  0.6135E+01
  -7.616  0.9043E+00  0.6144E+01
  -7.606  0.9336E+00  0.6153E+01
  -7.596  0.9638E+00  0.6162E+01
  -7.586  0.9946E+00  0.6172E+01
  -7.576  0.1026E+01  0.6182E+01
  -7.566  0.1057E+01  0.6192E+01
  -7.556  0.1091E+01  0.6203E+01
  -7.546  0.1127E+01  0.6214E+01
  -7.536  0.1162E+01  0.6226E+01
  -7.526  0.1199E+01  0.6238E+01
  -7.516  0.1235E+01  0.6250E+01
  -7.506  0.1276E+01  0.6262E+01
  -7.496  0.1319E+01  0.6275E+01
  -7.486  0.1364E+01  0.6289E+01
  -7.476  0.1408E+01  0.6303E+01
  -7.466  0.1453E+01  0.6317E+01
  -7.456  0.1509E+01  0.6332E+01
  -7.446  0.1567E+01  0.6347E+01
  -7.436  0.1626E+01  0.6363E+01
  -7.426  0.1685E+01  0.6380E+01
  -7.416  0.1766E+01  0.6397E+01
  -7.406  0.1851E+01  0.6415E+01
  -7.396  0.1935E+01  0.6434E+01
  -7.386  0.2074E+01  0.6454E+01
  -7.376  0.2230E+01  0.6475E+01
  -7.366  0.2514E+01  0.6499E+01
  -7.356  0.2523E+01  0.6525E+01
  -7.346  0.2489E+01  0.6550E+01
  -7.336  0.2496E+01  0.6574E+01
  -7.326  0.2471E+01  0.6599E+01
  -7.316  0.2468E+01  0.6624E+01
  -7.306  0.2468E+01  0.6649E+01
  -7.296  0.2447E+01  0.6673E+01
  -7.286  0.2441E+01  0.6698E+01
  -7.276  0.2437E+01  0.6722E+01
  -7.266  0.2431E+01  0.6746E+01
  -7.256  0.2415E+01  0.6771E+01
  -7.246  0.2407E+01  0.6795E+01
  -7.236  0.2402E+01  0.6819E+01
  -7.226  0.2396E+01  0.6843E+01
  -7.216  0.2384E+01  0.6867E+01
  -7.206  0.2374E+01  0.6891E+01
  -7.196  0.2367E+01  0.6914E+01
  -7.186  0.2361E+01  0.6938E+01
  -7.176  0.2354E+01  0.6961E+01
  -7.166  0.2343E+01  0.6985E+01
  -7.156  0.2335E+01  0.7008E+01
  -7.146  0.2328E+01  0.7032E+01
  -7.136  0.2321E+01  0.7055E+01
  -7.126  0.2313E+01  0.7078E+01
  -7.116  0.2305E+01  0.7101E+01
  -7.106  0.2297E+01  0.7124E+01
  -7.096  0.2289E+01  0.7147E+01
  -7.086  0.2281E+01  0.7170E+01
  -7.076  0.2273E+01  0.7193E+01
  -7.066  0.2267E+01  0.7215E+01
  -7.056  0.2260E+01  0.7238E+01
  -7.046  0.2252E+01  0.7261E+01
  -7.036  0.2243E+01  0.7283E+01
  -7.026  0.2235E+01  0.7305E+01
  -7.016  0.2229E+01  0.7328E+01
  -7.006  0.2225E+01  0.7350E+01
  -6.996  0.2215E+01  0.7372E+01
  -6.986  0.2205E+01  0.7394E+01
  -6.976  0.2196E+01  0.7416E+01
  -6.966  0.2198E+01  0.7438E+01
  -6.956  0.2189E+01  0.7460E+01
  -6.946  0.2177E+01  0.7482E+01
  -6.936  0.2166E+01  0.7504E+01
  -6.926  0.2173E+01  0.7525E+01
  -6.916  0.2161E+01  0.7547E+01
  -6.906  0.2140E+01  0.7569E+01
  -6.896  0.2161E+01  0.7590E+01
  -6.886  0.2120E+01  0.7612E+01
  -6.876  0.2119E+01  0.7633E+01
  -6.866  0.1838E+01  0.7652E+01
  -6.856  0.1683E+01  0.7670E+01
  -6.846  0.1588E+01  0.7686E+01
  -6.836  0.1493E+01  0.7702E+01
  -6.826  0.1423E+01  0.7716E+01
  -6.816  0.1356E+01  0.7730E+01
  -6.806  0.1290E+01  0.7743E+01
  -6.796  0.1238E+01  0.7756E+01
  -6.786  0.1187E+01  0.7768E+01
  -6.776  0.1138E+01  0.7780E+01
  -6.766  0.1090E+01  0.7791E+01
  -6.756  0.1049E+01  0.7802E+01
  -6.746  0.1010E+01  0.7812E+01
  -6.736  0.9706E+00  0.7822E+01
  -6.726  0.9317E+00  0.7831E+01
  -6.716  0.8973E+00  0.7840E+01
  -6.706  0.8648E+00  0.7849E+01
  -6.696  0.8326E+00  0.7858E+01
  -6.686  0.8011E+00  0.7866E+01
  -6.676  0.7698E+00  0.7874E+01
  -6.666  0.7414E+00  0.7881E+01
  -6.656  0.7141E+00  0.7889E+01
  -6.646  0.6872E+00  0.7896E+01
  -6.636  0.6607E+00  0.7902E+01
  -6.626  0.6347E+00  0.7909E+01
  -6.616  0.6097E+00  0.7915E+01
  -6.606  0.5859E+00  0.7921E+01
  -6.596  0.5626E+00  0.7927E+01
  -6.586  0.5396E+00  0.7932E+01
  -6.576  0.5171E+00  0.7938E+01
  -6.566  0.4951E+00  0.7943E+01
  -6.556  0.4734E+00  0.7947E+01
  -6.546  0.4519E+00  0.7952E+01
  -6.536  0.4313E+00  0.7957E+01
  -6.526  0.4110E+00  0.7961E+01
  -6.516  0.3921E+00  0.7965E+01
  -6.506  0.3707E+00  0.7969E+01
  -6.496  0.3499E+00  0.7972E+01
  -6.486  0.3307E+00  0.7976E+01
  -6.476  0.3121E+00  0.7979E+01
  -6.466  0.2940E+00  0.7982E+01
  -6.456  0.2711E+00  0.7985E+01
  -6.446  0.2511E+00  0.7987E+01
  -6.436  0.2314E+00  0.7990E+01
  -6.426  0.2145E+00  0.7992E+01
  -6.416  0.1887E+00  0.7994E+01
  -6.406  0.1638E+00  0.7996E+01
  -6.396  0.1470E+00  0.7997E+01
  -6.386  0.1106E+00  0.7999E+01
  -6.376  0.8436E-01  0.7999E+01
  -6.366  0.1021E-01  0.8000E+01
  -6.356  0.0000E+00  0.8000E+01
  -6.346  0.0000E+00  0.8000E+01
  -6.336  0.0000E+00  0.8000E+01
  -6.326  0.0000E+00  0.8000E+01
  -6.316  0.0000E+00  0.8000E+01
  -6.306  0.0000E+00  0.8000E+01
  -6.296  0.0000E+00  0.8000E+01
  -6.286  0.0000E+00  0.8000E+01
  -6.276  0.0000E+00  0.8000E+01
  -6.266  0.0000E+00  0.8000E+01
  -6.256  0.0000E+00  0.8000E+01
  -6.246  0.0000E+00  0.8000E+01
  -6.236  0.0000E+00  0.8000E+01
  -6.226  0.0000E+00  0.8000E+01
  -6.216  0.0000E+00  0.8000E+01
  -6.206  0.0000E+00  0.8000E+01
  -6.196  0.0000E+00  0.8000E+01
  -6.186  0.0000E+00  0.8000E+01
  -6.176  0.0000E+00  0.8000E+01
  -6.166  0.0000E+00  0.8000E+01
  -6.156  0.0000E+00  0.8000E+01
  -6.146  0.0000E+00  0.8000E+01
  -6.136  0.0000E+00  0.8000E+01
  -6.126  0.0000E+00  0.8000E+01
  -6.116  0.0000E+00  0.8000E+01
  -6.106  0.0000E+00  0.8000E+01
  -6.096  0.0000E+00  0.8000E+01
  -6.086  0.0000E+00  0.8000E+01
  -6.076  0.0000E+00  0.8000E+01
  -6.066  0.0000E+00  0.8000E+01
  -6.056  0.0000E+00  0.8000E+01
  -6.046  0.0000E+00  0.8000E+01
  -6.036  0.0000E+00  0.8000E+01
  -6.026  0.0000E+00  0.8000E+01
  -6.016  0.0000E+00  0.8000E+01
  -6.006  0.0000E+00  0.8000E+01
  -5.996  0.0000E+00  0.8000E+01
  -5.986  0.0000E+00  0.8000E+01
  -5.976  0.0000E+00  0.8000E+01
  -5.966  0.0000E+00  0.8000E+01
  -5.956  0.0000E+00  0.8000E+01
  -5.946  0.0000E+00  0.8000E+01
  -5.936  0.0000E+00  0.8000E+01
  -5.926  0.0000E+00  0.8000E+01
  -5.916  0.0000E+00  0.8000E+01
  -5.906  0.0000E+00  0.8000E+01
  -5.896  0.0000E+00  0.8000E+01
  -5.886  0.0000E+00  0.8000E+01
  -5.876  0.0000E+00  0.8000E+01
  -5.866  0.0000E+00  0.8000E+01
  -5.856  0.0000E+00  0.8000E+01
  -5.846  0.0000E+00  0.8000E+01
  -5.836  0.0000E+00  0.8000E+01
  -5.826  0.0000E+00  0.8000E+01
  -5.816  0.0000E+00  0.8000E+01
  -5.806  0.0000E+00  0.8000E+01
  -5.796  0.0000E+00  0.8000E+01
  -5.786  0.0000E+00  0.8000E+01
  -5.776  0.0000E+00  0.8000E+01
  -5.766  0.0000E+00  0.8000E+01
  -5.756  0.0000E+00  0.8000E+01
  -5.746  0.0000E+00  0.8000E+01
  -5.736  0.0000E+00  0.8000E+01
  -5.726  0.0000E+00  0.8000E+01
  -5.716  0.0000E+00  0.8000E+01
  -5.706  0.0000E+00  0.8000E+01
  -5.696  0.0000E+00  0.8000E+01
  -5.686  0.0000E+00  0.8000E+01
  -5.676  0.0000E+00  0.8000E+01
  -5.666  0.0000E+00  0.8000E+01
  -5.656  0.0000E+00  0.8000E+01
  -5.646  0.0000E+00  0.8000E+01
  -5.636  0.0000E+00  0.8000E+01
  -5.626  0.0000E+00  0.8000E+01
  -5.616  0.0000E+00  0.8000E+01
  -5.606  0.0000E+00  0.8000E+01
  -5.596  0.0000E+00  0.8000E+01
  -5.586  0.0000E+00  0.8000E+01
  -5.576  0.0000E+00  0.8000E+01
  -5.566  0.0000E+00  0.8000E+01
  -5.556  0.0000E+00  0.8000E+01
  -5.546  0.0000E+00  0.8000E+01
  -5.536  0.0000E+00  0.8000E+01
  -5.526  0.0000E+00  0.8000E+01
  -5.516  0.0000E+00  0.8000E+01
  -5.506  0.0000E+00  0.8000E+01
  -5.496  0.0000E+00  0.8000E+01
  -5.486  0.0000E+00  0.8000E+01
  -5.476  0.0000E+00  0.8000E+01
  -5.466  0.0000E+00  0.8000E+01
  -5.456  0.0000E+00  0.8000E+01
  -5.446  0.0000E+00  0.8000E+01
  -5.436  0.0000E+00  0.8000E+01
  -5.426  0.0000E+00  0.8000E+01
  -5.416  0.0000E+00  0.8000E+01
  -5.406  0.0000E+00  0.8000E+01
  -5.396  0.0000E+00  0.8000E+01
  -5.386  0.0000E+00  0.8000E+01
  -5.376  0.0000E+00  0.8000E+01
  -5.366  0.0000E+00  0.8000E+01
  -5.356  0.0000E+00  0.8000E+01
  -5.346  0.0000E+00  0.8000E+01
  -5.336  0.0000E+00  0.8000E+01
  -5.326  0.0000E+00  0.8000E+01
  -5.316  0.0000E+00  0.8000E+01
  -5.306  0.0000E+00  0.8000E+01
  -5.296  0.0000E+00  0.8000E+01
  -5.286  0.0000E+00  0.8000E+01
  -5.276  0.0000E+00  0.8000E+01
  -5.266  0.0000E+00  0.8000E+01
  -5.256  0.0000E+00  0.8000E+01
  -5.246  0.0000E+00  0.8000E+01
  -5.236  0.0000E+00  0.8000E+01
  -5.226  0.0000E+00  0.8000E+01
  -5.216  0.0000E+00  0.8000E+01
  -5.206  0.0000E+00  0.8000E+01
  -5.196  0.0000E+00  0.8000E+01
  -5.186  0.0000E+00  0.8000E+01
  -5.176  0.0000E+00  0.8000E+01
  -5.166  0.0000E+00  0.8000E+01
  -5.156  0.0000E+00  0.8000E+01
  -5.146  0.0000E+00  0.8000E+01
  -5.136  0.0000E+00  0.8000E+01
  -5.126  0.0000E+00  0.8000E+01
  -5.116  0.0000E+00  0.8000E+01
  -5.106  0.0000E+00  0.8000E+01
  -5.096  0.0000E+00  0.8000E+01
  -5.086  0.0000E+00  0.8000E+01
  -5.076  0.0000E+00  0.8000E+01
  -5.066  0.0000E+00  0.8000E+01
  -5.056  0.0000E+00  0.8000E+01
  -5.046  0.0000E+00  0.8000E+01
  -5.036  0.0000E+00  0.8000E+01
  -5.026  0.0000E+00  0.8000E+01
  -5.016  0.0000E+00  0.8000E+01
  -5.006  0.0000E+00  0.8000E+01
  -4.996  0.0000E+00  0.8000E+01
  -4.986  0.0000E+00  0.8000E+01
  -4.976  0.0000E+00  0.8000E+01
  -4.966  0.0000E+00  0.8000E+01
  -4.956  0.0000E+00  0.8000E+01
  -4.946  0.0000E+00  0.8000E+01
  -4.936  0.0000E+00  0.8000E+01
  -4.926  0.0000E+00  0.8000E+01
  -4.916  0.0000E+00  0.8000E+01
  -4.906  0.0000E+00  0.8000E+01
  -4.896  0.0000E+00  0.8000E+01
  -4.886  0.0000E+00  0.8000E+01
  -4.876  0.0000E+00  0.8000E+01
  -4.866  0.0000E+00  0.8000E+01
  -4.856  0.0000E+00  0.8000E+01
  -4.846  0.0000E+00  0.8000E+01
  -4.836  0.0000E+00  0.8000E+01
  -4.826  0.0000E+00  0.8000E+01
  -4.816  0.0000E+00  0.8000E+01
  -4.806  0.0000E+00  0.8000E+01
  -4.796  0.0000E+00  0.8000E+01
  -4.786  0.0000E+00  0.8000E+01
  -4.776  0.0000E+00  0.8000E+01
  -4.766  0.0000E+00  0.8000E+01
  -4.756  0.0000E+00  0.8000E+01
  -4.746  0.0000E+00  0.8000E+01
  -4.736  0.0000E+00  0.8000E+01
  -4.726  0.0000E+00  0.8000E+01
  -4.716  0.0000E+00  0.8000E+01
  -4.706  0.0000E+00  0.8000E+01
  -4.696  0.0000E+00  0.8000E+01
  -4.686  0.0000E+00  0.8000E+01
  -4.676  0.0000E+00  0.8000E+01
  -4.666  0.0000E+00  0.8000E+01
  -4.656  0.0000E+00  0.8000E+01
  -4.646  0.0000E+00  0.8000E+01
  -4.636  0.0000E+00  0.8000E+01
  -4.626  0.0000E+00  0.8000E+01
  -4.616  0.0000E+00  0.8000E+01
  -4.606  0.0000E+00  0.8000E+01
  -4.596  0.0000E+00  0.8000E+01
  -4.586  0.0000E+00  0.8000E+01
  -4.576  0.0000E+00  0.8000E+01
  -4.566  0.0000E+00  0.8000E+01
  -4.556  0.0000E+00  0.8000E+01
  -4.546  0.0000E+00  0.8000E+01
  -4.536  0.0000E+00  0.8000E+01
  -4.526  0.0000E+00  0.8000E+01
  -4.516  0.0000E+00  0.8000E+01
  -4.506  0.0000E+00  0.8000E+01
  -4.496  0.0000E+00  0.8000E+01
  -4.486  0.0000E+00  0.8000E+01
  -4.476  0.0000E+00  0.8000E+01
  -4.466  0.0000E+00  0.8000E+01
  -4.456  0.0000E+00  0.8000E+01
  -4.446  0.0000E+00  0.8000E+01
  -4.436  0.0000E+00  0.8000E+01
  -4.426  0.0000E+00  0.8000E+01
  -4.416  0.0000E+00  0.8000E+01
  -4.406  0.0000E+00  0.8000E+01
  -4.396  0.0000E+00  0.8000E+01
  -4.386  0.0000E+00  0.8000E+01
  -4.376  0.0000E+00  0.8000E+01
  -4.366  0.0000E+00  0.8000E+01
  -4.356  0.0000E+00  0.8000E+01
  -4.346  0.0000E+00  0.8000E+01
  -4.336  0.0000E+00  0.8000E+01
  -4.326  0.0000E+00  0.8000E+01
  -4.316  0.0000E+00  0.8000E+01
  -4.306  0.0000E+00  0.8000E+01
  -4.296  0.0000E+00  0.8000E+01
  -4.286  0.0000E+00  0.8000E+01
  -4.276  0.0000E+00  0.8000E+01
  -4.266  0.0000E+00  0.8000E+01
  -4.256  0.0000E+00  0.8000E+01
  -4.246  0.0000E+00  0.8000E+01
  -4.236  0.0000E+00  0.8000E+01
  -4.226  0.0000E+00  0.8000E+01
  -4.216  0.0000E+00  0.8000E+01
  -4.206  0.0000E+00  0.8000E+01
  -4.196  0.0000E+00  0.8000E+01
  -4.186  0.0000E+00  0.8000E+01
  -4.176  0.0000E+00  0.8000E+01
  -4.166  0.0000E+00  0.8000E+01
  -4.156  0.0000E+00  0.8000E+01
  -4.146  0.0000E+00  0.8000E+01
  -4.136  0.0000E+00  0.8000E+01
  -4.126  0.0000E+00  0.8000E+01
  -4.116  0.0000E+00  0.8000E+01
  -4.106  0.0000E+00  0.8000E+01
  -4.096  0.0000E+00  0.8000E+01
  -4.086  0.0000E+00  0.8000E+01
  -4.076  0.0000E+00  0.8000E+01
  -4.066  0.0000E+00  0.8000E+01
  -4.056  0.0000E+00  0.8000E+01
  -4.046  0.0000E+00  0.8000E+01
  -4.036  0.0000E+00  0.8000E+01
  -4.026  0.0000E+00  0.8000E+01
  -4.016  0.0000E+00  0.8000E+01
  -4.006  0.0000E+00  0.8000E+01
  -3.996  0.0000E+00  0.8000E+01
  -3.986  0.0000E+00  0.8000E+01
  -3.976  0.0000E+00  0.8000E+01
  -3.966  0.0000E+00  0.8000E+01
  -3.956  0.0000E+00  0.8000E+01
  -3.946  0.0000E+00  0.8000E+01
  -3.936  0.0000E+00  0.8000E+01
  -3.926  0.0000E+00  0.8000E+01
  -3.916  0.0000E+00  0.8000E+01
  -3.906  0.0000E+00  0.8000E+01
  -3.896  0.0000E+00  0.8000E+01
  -3.886  0.0000E+00  0.8000E+01
  -3.876  0.0000E+00  0.8000E+01
  -3.866  0.0000E+00  0.8000E+01
  -3.856  0.0000E+00  0.8000E+01
  -3.846  0.0000E+00  0.8000E+01
  -3.836  0.0000E+00  0.8000E+01
  -3.826  0.0000E+00  0.8000E+01
  -3.816  0.0000E+00  0.8000E+01
  -3.806  0.0000E+00  0.8000E+01
  -3.796  0.0000E+00  0.8000E+01
  -3.786  0.0000E+00  0.8000E+01
  -3.776  0.0000E+00  0.8000E+01
  -3.766  0.0000E+00  0.8000E+01
  -3.756  0.0000E+00  0.8000E+01
  -3.746  0.0000E+00  0.8000E+01
  -3.736  0.0000E+00  0.8000E+01
  -3.726  0.0000E+00  0.8000E+01
  -3.716  0.0000E+00  0.8000E+01
  -3.706  0.0000E+00  0.8000E+01
  -3.696  0.0000E+00  0.8000E+01
  -3.686  0.0000E+00  0.8000E+01
  -3.676  0.0000E+00  0.8000E+01
  -3.666  0.0000E+00  0.8000E+01
  -3.656  0.0000E+00  0.8000E+01
  -3.646  0.0000E+00  0.8000E+01
  -3.636  0.0000E+00  0.8000E+01
  -3.626  0.0000E+00  0.8000E+01
  -3.616  0.0000E+00  0.8000E+01
  -3.606  0.0000E+00  0.8000E+01
  -3.596  0.0000E+00  0.8000E+01
  -3.586  0.0000E+00  0.8000E+01
  -3.576  0.0000E+00  0.8000E+01
  -3.566  0.0000E+00  0.8000E+01
  -3.556  0.0000E+00  0.8000E+01
  -3.546  0.0000E+00  0.8000E+01
  -3.536  0.0000E+00  0.8000E+01
  -3.526  0.0000E+00  0.8000E+01
  -3.516  0.0000E+00  0.8000E+01
  -3.506  0.0000E+00  0.8000E+01
  -3.496  0.0000E+00  0.8000E+01
  -3.486  0.0000E+00  0.8000E+01
  -3.476  0.0000E+00  0.8000E+01
  -3.466  0.0000E+00  0.8000E+01
  -3.456  0.0000E+00  0.8000E+01
  -3.446  0.0000E+00  0.8000E+01
  -3.436  0.0000E+00  0.8000E+01
  -3.426  0.0000E+00  0.8000E+01
  -3.416  0.0000E+00  0.8000E+01
  -3.406  0.0000E+00  0.8000E+01
  -3.396  0.0000E+00  0.8000E+01
  -3.386  0.0000E+00  0.8000E+01
  -3.376  0.0000E+00  0.8000E+01
  -3.366  0.0000E+00  0.8000E+01
  -3.356  0.0000E+00  0.8000E+01
  -3.346  0.0000E+00  0.8000E+01
  -3.336  0.0000E+00  0.8000E+01
  -3.326  0.0000E+00  0.8000E+01
  -3.316  0.0000E+00  0.8000E+01
  -3.306  0.0000E+00  0.8000E+01
  -3.296  0.0000E+00  0.8000E+01
  -3.286  0.0000E+00  0.8000E+01
  -3.276  0.0000E+00  0.8000E+01
  -3.266  0.0000E+00  0.8000E+01
  -3.256  0.0000E+00  0.8000E+01
  -3.246  0.0000E+00  0.8000E+01
  -3.236  0.0000E+00  0.8000E+01
  -3.226  0.0000E+00  0.8000E+01
  -3.216  0.0000E+00  0.8000E+01
  -3.206  0.0000E+00  0.8000E+01
  -3.196  0.0000E+00  0.8000E+01
  -3.186  0.0000E+00  0.8000E+01
  -3.176  0.0000E+00  0.8000E+01
  -3.166  0.0000E+00  0.8000E+01
  -3.156  0.0000E+00  0.8000E+01
  -3.146  0.0000E+00  0.8000E+01
  -3.136  0.0000E+00  0.8000E+01
  -3.126  0.0000E+00  0.8000E+01
  -3.116  0.0000E+00  0.8000E+01
  -3.106  0.0000E+00  0.8000E+01
  -3.096  0.0000E+00  0.8000E+01
  -3.086  0.0000E+00  0.8000E+01
  -3.076  0.0000E+00  0.8000E+01
  -3.066  0.0000E+00  0.8000E+01
  -3.056  0.0000E+00  0.8000E+01
  -3.046  0.0000E+00  0.8000E+01
  -3.036  0.0000E+00  0.8000E+01
  -3.026  0.0000E+00  0.8000E+01
  -3.016  0.0000E+00  0.8000E+01
  -3.006  0.0000E+00  0.8000E+01
  -2.996  0.0000E+00  0.8000E+01
  -2.986  0.0000E+00  0.8000E+01
  -2.976  0.0000E+00  0.8000E+01
  -2.966  0.0000E+00  0.8000E+01
  -2.956  0.0000E+00  0.8000E+01
  -2.946  0.0000E+00  0.8000E+01
  -2.936  0.0000E+00  0.8000E+01
  -2.926  0.0000E+00  0.8000E+01
  -2.916  0.0000E+00  0.8000E+01
  -2.906  0.0000E+00  0.8000E+01
  -2.896  0.0000E+00  0.8000E+01
  -2.886  0.0000E+00  0.8000E+01
  -2.876  0.0000E+00  0.8000E+01
  -2.866  0.0000E+00  0.8000E+01
  -2.856  0.0000E+00  0.8000E+01
  -2.846  0.0000E+00  0.8000E+01
  -2.836  0.0000E+00  0.8000E+01
  -2.826  0.0000E+00  0.8000E+01
  -2.816  0.0000E+00  0.8000E+01
  -2.806  0.0000E+00  0.8000E+01
  -2.796  0.0000E+00  0.8000E+01
  -2.786  0.0000E+00  0.8000E+01
  -2.776  0.6403E+00  0.8003E+01
  -2.766  0.1391E+01  0.8013E+01
  -2.756  0.1717E+01  0.8029E+01
  -2.746  0.2040E+01  0.8048E+01
  -2.736  0.2382E+01  0.8070E+01
  -2.726  0.2754E+01  0.8095E+01
  -2.716  0.3173E+01  0.8125E+01
  -2.706  0.3554E+01  0.8159E+01
  -2.696  0.3953E+01  0.8196E+01
  -2.686  0.4458E+01  0.8238E+01
  -2.676  0.5230E+01  0.8286E+01
  -2.666  0.6278E+01  0.8345E+01
  -2.656  0.6562E+01  0.8409E+01
  -2.646  0.6160E+01  0.8472E+01
  -2.636  0.6166E+01  0.8533E+01
  -2.626  0.6113E+01  0.8595E+01
  -2.616  0.6106E+01  0.8656E+01
  -2.606  0.6039E+01  0.8717E+01
  -2.596  0.5857E+01  0.8776E+01
  -2.586  0.5780E+01  0.8834E+01
  -2.576  0.5735E+01  0.8892E+01
  -2.566  0.5694E+01  0.8949E+01
  -2.556  0.5665E+01  0.9006E+01
  -2.546  0.5643E+01  0.9062E+01
  -2.536  0.5624E+01  0.9119E+01
  -2.526  0.5094E+01  0.9172E+01
  -2.516  0.4625E+01  0.9221E+01
  -2.506  0.4441E+01  0.9266E+01
  -2.496  0.4269E+01  0.9310E+01
  -2.486  0.4113E+01  0.9351E+01
  -2.476  0.3963E+01  0.9392E+01
  -2.466  0.3844E+01  0.9431E+01
  -2.456  0.3762E+01  0.9469E+01
  -2.446  0.3685E+01  0.9506E+01
  -2.436  0.3617E+01  0.9543E+01
  -2.426  0.3546E+01  0.9578E+01
  -2.416  0.3457E+01  0.9613E+01
  -2.406  0.3372E+01  0.9647E+01
  -2.396  0.3307E+01  0.9681E+01
  -2.386  0.3239E+01  0.9714E+01
  -2.376  0.3192E+01  0.9746E+01
  -2.366  0.3145E+01  0.9777E+01
  -2.356  0.3100E+01  0.9809E+01
  -2.346  0.3067E+01  0.9839E+01
  -2.336  0.3033E+01  0.9870E+01
  -2.326  0.2996E+01  0.9900E+01
  -2.316  0.2960E+01  0.9930E+01
  -2.306  0.2921E+01  0.9959E+01
  -2.296  0.2880E+01  0.9988E+01
  -2.286  0.2831E+01  0.1002E+02
  -2.276  0.2793E+01  0.1005E+02
  -2.266  0.2773E+01  0.1007E+02
  -2.256  0.2766E+01  0.1010E+02
  -2.246  0.2741E+01  0.1013E+02
  -2.236  0.2710E+01  0.1016E+02
  -2.226  0.2684E+01  0.1018E+02
  -2.216  0.2660E+01  0.1021E+02
  -2.206  0.2638E+01  0.1024E+02
  -2.196  0.2616E+01  0.1026E+02
  -2.186  0.2593E+01  0.1029E+02
  -2.176  0.2579E+01  0.1031E+02
  -2.166  0.2565E+01  0.1034E+02
  -2.156  0.2546E+01  0.1036E+02
  -2.146  0.2527E+01  0.1039E+02
  -2.136  0.2507E+01  0.1042E+02
  -2.126  0.2489E+01  0.1044E+02
  -2.116  0.2464E+01  0.1047E+02
  -2.106  0.2458E+01  0.1049E+02
  -2.096  0.2454E+01  0.1051E+02
  -2.086  0.2446E+01  0.1054E+02
  -2.076  0.2436E+01  0.1056E+02
  -2.066  0.2419E+01  0.1059E+02
  -2.056  0.2406E+01  0.1061E+02
  -2.046  0.2394E+01  0.1064E+02
  -2.036  0.2383E+01  0.1066E+02
  -2.026  0.2374E+01  0.1068E+02
  -2.016  0.2363E+01  0.1071E+02
  -2.006  0.2352E+01  0.1073E+02
  -1.996  0.2347E+01  0.1075E+02
  -1.986  0.2346E+01  0.1078E+02
  -1.976  0.2340E+01  0.1080E+02
  -1.966  0.2332E+01  0.1082E+02
  -1.956  0.2325E+01  0.1085E+02
  -1.946  0.2316E+01  0.1087E+02
  -1.936  0.2305E+01  0.1089E+02
  -1.926  0.2305E+01  0.1092E+02
  -1.916  0.2307E+01  0.1094E+02
  -1.906  0.2305E+01  0.1096E+02
  -1.896  0.2305E+01  0.1099E+02
  -1.886  0.2303E+01  0.1101E+02
  -1.876  0.2301E+01  0.1103E+02
  -1.866  0.2299E+01  0.1106E+02
  -1.856  0.2298E+01  0.1108E+02
  -1.846  0.2297E+01  0.1110E+02
  -1.836  0.2295E+01  0.1112E+02
  -1.826  0.2294E+01  0.1115E+02
  -1.816  0.2298E+01  0.1117E+02
  -1.806  0.2310E+01  0.1119E+02
  -1.796  0.2314E+01  0.1122E+02
  -1.786  0.2316E+01  0.1124E+02
  -1.776  0.2320E+01  0.1126E+02
  -1.766  0.2323E+01  0.1129E+02
  -1.756  0.2325E+01  0.1131E+02
  -1.746  0.2326E+01  0.1133E+02
  -1.736  0.2343E+01  0.1136E+02
  -1.726  0.2362E+01  0.1138E+02
  -1.716  0.2376E+01  0.1140E+02
  -1.706  0.2395E+01  0.1143E+02
  -1.696  0.2412E+01  0.1145E+02
  -1.686  0.2430E+01  0.1147E+02
  -1.676  0.2448E+01  0.1150E+02
  -1.666  0.2463E+01  0.1152E+02
  -1.656  0.2478E+01  0.1155E+02
  -1.646  0.2514E+01  0.1157E+02
  -1.636  0.2549E+01  0.1160E+02
  -1.626  0.2584E+01  0.1162E+02
  -1.616  0.2622E+01  0.1165E+02
  -1.606  0.2655E+01  0.1168E+02
  -1.596  0.2689E+01  0.1170E+02
  -1.586  0.2752E+01  0.1173E+02
  -1.576  0.2828E+01  0.1176E+02
  -1.566  0.2915E+01  0.1179E+02
  -1.556  0.3013E+01  0.1182E+02
  -1.546  0.3119E+01  0.1185E+02
  -1.536  0.3244E+01  0.1188E+02
  -1.526  0.3432E+01  0.1191E+02
  -1.516  0.4684E+01  0.1195E+02
  -1.506  0.5865E+01  0.1200E+02
  -1.496  0.7136E+01  0.1207E+02
  -1.486  0.8545E+01  0.1215E+02
  -1.476  0.1141E+02  0.1225E+02
  -1.466  0.9694E+01  0.1235E+02
  -1.456  0.9800E+01  0.1245E+02
  -1.446  0.9701E+01  0.1255E+02
  -1.436  0.9823E+01  0.1264E+02
  -1.426  0.1342E+02  0.1276E+02
  -1.416  0.1459E+02  0.1291E+02
  -1.406  0.1318E+02  0.1303E+02
  -1.396  0.9593E+01  0.1314E+02
  -1.386  0.8415E+01  0.1323E+02
  -1.376  0.8230E+01  0.1331E+02
  -1.366  0.9631E+01  0.1340E+02
  -1.356  0.6849E+01  0.1348E+02
  -1.346  0.5899E+01  0.1355E+02
  -1.336  0.4756E+01  0.1360E+02
  -1.326  0.4228E+01  0.1365E+02
  -1.316  0.3861E+01  0.1369E+02
  -1.306  0.3998E+01  0.1373E+02
  -1.296  0.4554E+01  0.1377E+02
  -1.286  0.4700E+01  0.1381E+02
  -1.276  0.4646E+01  0.1386E+02
  -1.266  0.4450E+01  0.1391E+02
  -1.256  0.4164E+01  0.1395E+02
  -1.246  0.3782E+01  0.1399E+02
  -1.236  0.3505E+01  0.1403E+02
  -1.226  0.3528E+01  0.1406E+02
  -1.216  0.3519E+01  0.1410E+02
  -1.206  0.3522E+01  0.1413E+02
  -1.196  0.3546E+01  0.1417E+02
  -1.186  0.3548E+01  0.1420E+02
  -1.176  0.3572E+01  0.1424E+02
  -1.166  0.3635E+01  0.1427E+02
  -1.156  0.3731E+01  0.1431E+02
  -1.146  0.3822E+01  0.1435E+02
  -1.136  0.3979E+01  0.1439E+02
  -1.126  0.4138E+01  0.1443E+02
  -1.116  0.4324E+01  0.1447E+02
  -1.106  0.4574E+01  0.1452E+02
  -1.096  0.4828E+01  0.1456E+02
  -1.086  0.5246E+01  0.1461E+02
  -1.076  0.6212E+01  0.1467E+02
  -1.066  0.6379E+01  0.1473E+02
  -1.056  0.6611E+01  0.1480E+02
  -1.046  0.6630E+01  0.1486E+02
  -1.036  0.6754E+01  0.1493E+02
  -1.026  0.6970E+01  0.1500E+02
  -1.016  0.7404E+01  0.1507E+02
  -1.006  0.7483E+01  0.1515E+02
  -0.996  0.7487E+01  0.1522E+02
  -0.986  0.7584E+01  0.1530E+02
  -0.976  0.7599E+01  0.1537E+02
  -0.966  0.7668E+01  0.1545E+02
  -0.956  0.7683E+01  0.1553E+02
  -0.946  0.7687E+01  0.1560E+02
  -0.936  0.7862E+01  0.1568E+02
  -0.926  0.7595E+01  0.1576E+02
  -0.916  0.6832E+01  0.1583E+02
  -0.906  0.6461E+01  0.1590E+02
  -0.896  0.6399E+01  0.1596E+02
  -0.886  0.6427E+01  0.1602E+02
  -0.876  0.6424E+01  0.1609E+02
  -0.866  0.6442E+01  0.1615E+02
  -0.856  0.6517E+01  0.1622E+02
  -0.846  0.6566E+01  0.1628E+02
  -0.836  0.6656E+01  0.1635E+02
  -0.826  0.6788E+01  0.1642E+02
  -0.816  0.6909E+01  0.1648E+02
  -0.806  0.7120E+01  0.1655E+02
  -0.796  0.7475E+01  0.1663E+02
  -0.786  0.7867E+01  0.1670E+02
  -0.776  0.9802E+01  0.1680E+02
  -0.766  0.9688E+01  0.1689E+02
  -0.756  0.1067E+02  0.1700E+02
  -0.746  0.1241E+02  0.1711E+02
  -0.736  0.1456E+02  0.1725E+02
  -0.726  0.1478E+02  0.1740E+02
  -0.716  0.1294E+02  0.1754E+02
  -0.706  0.1099E+02  0.1766E+02
  -0.696  0.1059E+02  0.1777E+02
  -0.686  0.1054E+02  0.1787E+02
  -0.676  0.1104E+02  0.1798E+02
  -0.666  0.1211E+02  0.1810E+02
  -0.656  0.1182E+02  0.1822E+02
  -0.646  0.1181E+02  0.1833E+02
  -0.636  0.1236E+02  0.1845E+02
  -0.626  0.1240E+02  0.1858E+02
  -0.616  0.1210E+02  0.1870E+02
  -0.606  0.1122E+02  0.1882E+02
  -0.596  0.1099E+02  0.1893E+02
  -0.586  0.1096E+02  0.1904E+02
  -0.576  0.1109E+02  0.1915E+02
  -0.566  0.1187E+02  0.1926E+02
  -0.556  0.1246E+02  0.1938E+02
  -0.546  0.1335E+02  0.1951E+02
  -0.536  0.1302E+02  0.1965E+02
  -0.526  0.1417E+02  0.1978E+02
  -0.516  0.1692E+02  0.1995E+02
  -0.506  0.1599E+02  0.2011E+02
  -0.496  0.1851E+02  0.2028E+02
  -0.486  0.1965E+02  0.2048E+02
  -0.476  0.1817E+02  0.2067E+02
  -0.466  0.1728E+02  0.2084E+02
  -0.456  0.1694E+02  0.2101E+02
  -0.446  0.1679E+02  0.2118E+02
  -0.436  0.1684E+02  0.2135E+02
  -0.426  0.1795E+02  0.2152E+02
  -0.416  0.1563E+02  0.2168E+02
  -0.406  0.1443E+02  0.2183E+02
  -0.396  0.1385E+02  0.2197E+02
  -0.386  0.1343E+02  0.2211E+02
  -0.376  0.1291E+02  0.2224E+02
  -0.366  0.1261E+02  0.2237E+02
  -0.356  0.1236E+02  0.2249E+02
  -0.346  0.1208E+02  0.2262E+02
  -0.336  0.1194E+02  0.2274E+02
  -0.326  0.1160E+02  0.2285E+02
  -0.316  0.1146E+02  0.2297E+02
  -0.306  0.1126E+02  0.2308E+02
  -0.296  0.1123E+02  0.2319E+02
  -0.286  0.1122E+02  0.2331E+02
  -0.276  0.1108E+02  0.2342E+02
  -0.266  0.1099E+02  0.2353E+02
  -0.256  0.1131E+02  0.2364E+02
  -0.246  0.1152E+02  0.2376E+02
  -0.236  0.1133E+02  0.2387E+02
  -0.226  0.1103E+02  0.2398E+02
  -0.216  0.1069E+02  0.2409E+02
  -0.206  0.1044E+02  0.2420E+02
  -0.196  0.1010E+02  0.2430E+02
  -0.186  0.9755E+01  0.2440E+02
  -0.176  0.9443E+01  0.2449E+02
  -0.166  0.9190E+01  0.2459E+02
  -0.156  0.8936E+01  0.2468E+02
  -0.146  0.8635E+01  0.2477E+02
  -0.136  0.8361E+01  0.2485E+02
  -0.126  0.8149E+01  0.2493E+02
  -0.116  0.7845E+01  0.2501E+02
  -0.106  0.7322E+01  0.2509E+02
  -0.096  0.7092E+01  0.2516E+02
  -0.086  0.7111E+01  0.2523E+02
  -0.076  0.7022E+01  0.2530E+02
  -0.066  0.6857E+01  0.2537E+02
  -0.056  0.6726E+01  0.2544E+02
  -0.046  0.6427E+01  0.2551E+02
  -0.036  0.6390E+01  0.2557E+02
  -0.026  0.6267E+01  0.2563E+02
  -0.016  0.4204E+01  0.2569E+02
  -0.006  0.2356E+01  0.2572E+02
   0.004  0.1421E+01  0.2574E+02
   0.014  0.1372E+01  0.2575E+02
   0.024  0.1328E+01  0.2576E+02
   0.034  0.1287E+01  0.2578E+02
   0.044  0.1248E+01  0.2579E+02
   0.054  0.1211E+01  0.2580E+02
   0.064  0.1174E+01  0.2581E+02
   0.074  0.1140E+01  0.2582E+02
   0.084  0.1106E+01  0.2584E+02
   0.094  0.1073E+01  0.2585E+02
   0.104  0.1044E+01  0.2586E+02
   0.114  0.1029E+01  0.2587E+02
   0.124  0.1014E+01  0.2588E+02
   0.134  0.9820E+00  0.2589E+02
   0.144  0.9430E+00  0.2590E+02
   0.154  0.9102E+00  0.2591E+02
   0.164  0.9201E+00  0.2592E+02
   0.174  0.9063E+00  0.2593E+02
   0.184  0.7619E+00  0.2593E+02
   0.194  0.6017E+00  0.2594E+02
   0.204  0.5117E+00  0.2595E+02
   0.214  0.4460E+00  0.2595E+02
   0.224  0.3942E+00  0.2595E+02
   0.234  0.3529E+00  0.2596E+02
   0.244  0.3175E+00  0.2596E+02
   0.254  0.2882E+00  0.2597E+02
   0.264  0.2629E+00  0.2597E+02
   0.274  0.2411E+00  0.2597E+02
   0.284  0.2218E+00  0.2597E+02
   0.294  0.2046E+00  0.2597E+02
   0.304  0.1894E+00  0.2598E+02
   0.314  0.1751E+00  0.2598E+02
   0.324  0.1625E+00  0.2598E+02
   0.334  0.1517E+00  0.2598E+02
   0.344  0.1421E+00  0.2598E+02
   0.354  0.1326E+00  0.2598E+02
   0.364  0.1232E+00  0.2599E+02
   0.374  0.1147E+00  0.2599E+02
   0.384  0.1073E+00  0.2599E+02
   0.394  0.1008E+00  0.2599E+02
   0.404  0.9470E-01  0.2599E+02
   0.414  0.8869E-01  0.2599E+02
   0.424  0.8275E-01  0.2599E+02
   0.434  0.7695E-01  0.2599E+02
   0.444  0.7162E-01  0.2599E+02
   0.454  0.6683E-01  0.2599E+02
   0.464  0.6242E-01  0.2599E+02
   0.474  0.5813E-01  0.2600E+02
   0.484  0.5403E-01  0.2600E+02
   0.494  0.5016E-01  0.2600E+02
   0.504  0.4652E-01  0.2600E+02
   0.514  0.4286E-01  0.2600E+02
   0.524  0.3902E-01  0.2600E+02
   0.534  0.3502E-01  0.2600E+02
   0.544  0.3110E-01  0.2600E+02
   0.554  0.2769E-01  0.2600E+02
   0.564  0.2497E-01  0.2600E+02
   0.574  0.2282E-01  0.2600E+02
   0.584  0.1941E-01  0.2600E+02
   0.594  0.1414E-01  0.2600E+02
   0.604  0.7435E-02  0.2600E+02
   0.614  0.2584E-02  0.2600E+02
   0.624  0.2381E-03  0.2600E+02
   0.634  0.0000E+00  0.2600E+02
   0.644  0.0000E+00  0.2600E+02
   0.654  0.0000E+00  0.2600E+02
   0.664  0.0000E+00  0.2600E+02
   0.674  0.0000E+00  0.2600E+02
   0.684  0.0000E+00  0.2600E+02
   0.694  0.0000E+00  0.2600E+02
   0.704  0.0000E+00  0.2600E+02
   0.714  0.0000E+00  0.2600E+02
   0.724  0.0000E+00  0.2600E+02
   0.734  0.0000E+00  0.2600E+02
   0.744  0.0000E+00  0.2600E+02
   0.754  0.0000E+00  0.2600E+02
   0.764  0.0000E+00  0.2600E+02
   0.774  0.0000E+00  0.2600E+02
   0.784  0.0000E+00  0.2600E+02
   0.794  0.0000E+00  0.2600E+02
   0.804  0.0000E+00  0.2600E+02
   0.814  0.0000E+00  0.2600E+02
   0.824  0.0000E+00  0.2600E+02
   0.834  0.0000E+00  0.2600E+02
   0.844  0.0000E+00  0.2600E+02
   0.854  0.0000E+00  0.2600E+02
   0.864  0.0000E+00  0.2600E+02
   0.874  0.0000E+00  0.2600E+02
   0.884  0.0000E+00  0.2600E+02
   0.894  0.0000E+00  0.2600E+02
   0.904  0.0000E+00  0.2600E+02
   0.914  0.0000E+00  0.2600E+02
   0.924  0.0000E+00  0.2600E+02
   0.934  0.0000E+00  0.2600E+02
   0.944  0.0000E+00  0.2600E+02
   0.954  0.0000E+00  0.2600E+02
   0.964  0.0000E+00  0.2600E+02
   0.974  0.0000E+00  0.2600E+02
   0.984  0.0000E+00  0.2600E+02
   0.994  0.0000E+00  0.2600E+02
   1.004  0.0000E+00  0.2600E+02
   1.014  0.0000E+00  0.2600E+02
   1.024  0.0000E+00  0.2600E+02
   1.034  0.0000E+00  0.2600E+02
   1.044  0.0000E+00  0.2600E+02
   1.054  0.0000E+00  0.2600E+02
   1.064  0.0000E+00  0.2600E+02
   1.074  0.0000E+00  0.2600E+02
   1.084  0.0000E+00  0.2600E+02
   1.094  0.0000E+00  0.2600E+02
   1.104  0.0000E+00  0.2600E+02
   1.114  0.0000E+00  0.2600E+02
   1.124  0.0000E+00  0.2600E+02
   1.134  0.0000E+00  0.2600E+02
   1.144  0.0000E+00  0.2600E+02
   1.154  0.0000E+00  0.2600E+02
   1.164  0.0000E+00  0.2600E+02
   1.174  0.0000E+00  0.2600E+02
   1.184  0.0000E+00  0.2600E+02
   1.194  0.0000E+00  0.2600E+02
   1.204  0.0000E+00  0.2600E+02
   1.214  0.0000E+00  0.2600E+02
   1.224  0.0000E+00  0.2600E+02
   1.234  0.0000E+00  0.2600E+02
   1.244  0.0000E+00  0.2600E+02
   1.254  0.0000E+00  0.2600E+02
   1.264  0.0000E+00  0.2600E+02
   1.274  0.0000E+00  0.2600E+02
   1.284  0.0000E+00  0.2600E+02
   1.294  0.0000E+00  0.2600E+02
   1.304  0.0000E+00  0.2600E+02
   1.314  0.0000E+00  0.2600E+02
   1.324  0.0000E+00  0.2600E+02
   1.334  0.0000E+00  0.2600E+02
   1.344  0.0000E+00  0.2600E+02
   1.354  0.0000E+00  0.2600E+02
   1.364  0.0000E+00  0.2600E+02
   1.374  0.0000E+00  0.2600E+02
   1.384  0.0000E+00  0.2600E+02
   1.394  0.0000E+00  0.2600E+02
   1.404  0.0000E+00  0.2600E+02
   1.414  0.0000E+00  0.2600E+02
   1.424  0.0000E+00  0.2600E+02
   1.434  0.0000E+00  0.2600E+02
   1.444  0.0000E+00  0.2600E+02
   1.454  0.0000E+00  0.2600E+02
   1.464  0.0000E+00  0.2600E+02
   1.474  0.0000E+00  0.2600E+02
   1.484  0.0000E+00  0.2600E+02
   1.494  0.0000E+00  0.2600E+02
   1.504  0.0000E+00  0.2600E+02
   1.514  0.0000E+00  0.2600E+02
   1.524  0.0000E+00  0.2600E+02
   1.534  0.0000E+00  0.2600E+02
   1.544  0.0000E+00  0.2600E+02
   1.554  0.0000E+00  0.2600E+02
   1.564  0.0000E+00  0.2600E+02
   1.574  0.0000E+00  0.2600E+02
   1.584  0.0000E+00  0.2600E+02
   1.594  0.0000E+00  0.2600E+02
   1.604  0.0000E+00  0.2600E+02
   1.614  0.0000E+00  0.2600E+02
   1.624  0.0000E+00  0.2600E+02
   1.634  0.0000E+00  0.2600E+02
   1.644  0.0000E+00  0.2600E+02
   1.654  0.0000E+00  0.2600E+02
   1.664  0.0000E+00  0.2600E+02
   1.674  0.0000E+00  0.2600E+02
   1.684  0.0000E+00  0.2600E+02
   1.694  0.0000E+00  0.2600E+02
   1.704  0.0000E+00  0.2600E+02
   1.714  0.0000E+00  0.2600E+02
   1.724  0.0000E+00  0.2600E+02
   1.734  0.0000E+00  0.2600E+02
   1.744  0.0000E+00  0.2600E+02
   1.754  0.0000E+00  0.2600E+02
   1.764  0.0000E+00  0.2600E+02
   1.774  0.0000E+00  0.2600E+02
   1.784  0.0000E+00  0.2600E+02
   1.794  0.0000E+00  0.2600E+02
   1.804  0.0000E+00  0.2600E+02
   1.814  0.0000E+00  0.2600E+02
   1.824  0.0000E+00  0.2600E+02
   1.834  0.0000E+00  0.2600E+02
   1.844  0.0000E+00  0.2600E+02
   1.854  0.0000E+00  0.2600E+02
   1.864  0.0000E+00  0.2600E+02
   1.874  0.0000E+00  0.2600E+02
   1.884  0.0000E+00  0.2600E+02
   1.894  0.0000E+00  0.2600E+02
   1.904  0.0000E+00  0.2600E+02
   1.914  0.0000E+00  0.2600E+02
   1.924  0.0000E+00  0.2600E+02
   1.934  0.2217E-01  0.2600E+02
   1.944  0.6403E-01  0.2600E+02
   1.954  0.1014E+00  0.2600E+02
   1.964  0.1317E+00  0.2600E+02
   1.974  0.1713E+00  0.2600E+02
   1.984  0.2105E+00  0.2601E+02
   1.994  0.2628E+00  0.2601E+02
   2.004  0.3123E+00  0.2601E+02
   2.014  0.3359E+00  0.2601E+02
   2.024  0.3416E+00  0.2602E+02
   2.034  0.3643E+00  0.2602E+02
   2.044  0.3845E+00  0.2603E+02
   2.054  0.4063E+00  0.2603E+02
   2.064  0.4294E+00  0.2603E+02
   2.074  0.4531E+00  0.2604E+02
   2.084  0.4770E+00  0.2604E+02
   2.094  0.5024E+00  0.2605E+02
   2.104  0.5289E+00  0.2605E+02
   2.114  0.5559E+00  0.2606E+02
   2.124  0.5834E+00  0.2606E+02
   2.134  0.6120E+00  0.2607E+02
   2.144  0.6416E+00  0.2608E+02
   2.154  0.6737E+00  0.2608E+02
   2.164  0.7108E+00  0.2609E+02
   2.174  0.7587E+00  0.2610E+02
   2.184  0.7948E+00  0.2610E+02
   2.194  0.8288E+00  0.2611E+02
   2.204  0.8486E+00  0.2612E+02
   2.214  0.8803E+00  0.2613E+02
   2.224  0.9134E+00  0.2614E+02
   2.234  0.9472E+00  0.2615E+02
   2.244  0.9853E+00  0.2616E+02
   2.254  0.1025E+01  0.2617E+02
   2.264  0.1067E+01  0.2618E+02
   2.274  0.1109E+01  0.2619E+02
   2.284  0.1158E+01  0.2620E+02
   2.294  0.1209E+01  0.2621E+02
   2.304  0.1262E+01  0.2622E+02
   2.314  0.1322E+01  0.2624E+02
   2.324  0.1387E+01  0.2625E+02
   2.334  0.1456E+01  0.2627E+02
   2.344  0.1542E+01  0.2628E+02
   2.354  0.1635E+01  0.2630E+02
   2.364  0.1771E+01  0.2631E+02
   2.374  0.1924E+01  0.2633E+02
   2.384  0.2051E+01  0.2635E+02
   2.394  0.2130E+01  0.2637E+02
   2.404  0.2190E+01  0.2639E+02
   2.414  0.2239E+01  0.2642E+02
   2.424  0.2183E+01  0.2644E+02
   2.434  0.2148E+01  0.2646E+02
   2.444  0.2160E+01  0.2648E+02
   2.454  0.2162E+01  0.2650E+02
   2.464  0.2167E+01  0.2653E+02
   2.474  0.2180E+01  0.2655E+02
   2.484  0.2196E+01  0.2657E+02
   2.494  0.2212E+01  0.2659E+02
   2.504  0.2226E+01  0.2661E+02
   2.514  0.2239E+01  0.2664E+02
   2.524  0.2253E+01  0.2666E+02
   2.534  0.2265E+01  0.2668E+02
   2.544  0.2280E+01  0.2670E+02
   2.554  0.2304E+01  0.2673E+02
   2.564  0.2289E+01  0.2675E+02
   2.574  0.2273E+01  0.2677E+02
   2.584  0.2254E+01  0.2679E+02
   2.594  0.2265E+01  0.2682E+02
   2.604  0.2277E+01  0.2684E+02
   2.614  0.2288E+01  0.2686E+02
   2.624  0.2300E+01  0.2689E+02
   2.634  0.2315E+01  0.2691E+02
   2.644  0.2327E+01  0.2693E+02
   2.654  0.2342E+01  0.2695E+02
   2.664  0.2357E+01  0.2698E+02
   2.674  0.2371E+01  0.2700E+02
   2.684  0.2385E+01  0.2703E+02
   2.694  0.2403E+01  0.2705E+02
   2.704  0.2334E+01  0.2707E+02
   2.714  0.2254E+01  0.2710E+02
   2.724  0.2167E+01  0.2712E+02
   2.734  0.2075E+01  0.2714E+02
   2.744  0.2018E+01  0.2716E+02
   2.754  0.1982E+01  0.2718E+02
   2.764  0.1968E+01  0.2720E+02
   2.774  0.1931E+01  0.2722E+02
   2.784  0.1893E+01  0.2724E+02
   2.794  0.1851E+01  0.2726E+02
   2.804  0.1806E+01  0.2728E+02
   2.814  0.1783E+01  0.2729E+02
   2.824  0.1759E+01  0.2731E+02
   2.834  0.1734E+01  0.2733E+02
   2.844  0.1711E+01  0.2735E+02
   2.854  0.1687E+01  0.2736E+02
   2.864  0.1671E+01  0.2738E+02
   2.874  0.1662E+01  0.2740E+02
   2.884  0.1653E+01  0.2741E+02
   2.894  0.1644E+01  0.2743E+02
   2.904  0.1635E+01  0.2745E+02
   2.914  0.1626E+01  0.2746E+02
   2.924  0.1617E+01  0.2748E+02
   2.934  0.1609E+01  0.2749E+02
   2.944  0.1600E+01  0.2751E+02
   2.954  0.1591E+01  0.2753E+02
   2.964  0.1582E+01  0.2754E+02
   2.974  0.1573E+01  0.2756E+02
   2.984  0.1564E+01  0.2757E+02
   2.994  0.1553E+01  0.2759E+02
   3.004  0.1543E+01  0.2760E+02
   3.014  0.1537E+01  0.2762E+02
   3.024  0.1539E+01  0.2764E+02
   3.034  0.1556E+01  0.2765E+02
   3.044  0.1545E+01  0.2767E+02
   3.054  0.1538E+01  0.2768E+02
   3.064  0.1524E+01  0.2770E+02
   3.074  0.1490E+01  0.2771E+02
   3.084  0.1479E+01  0.2773E+02
   3.094  0.1469E+01  0.2774E+02
   3.104  0.1462E+01  0.2776E+02
   3.114  0.1454E+01  0.2777E+02
   3.124  0.1449E+01  0.2779E+02
   3.134  0.1446E+01  0.2780E+02
   3.144  0.1442E+01  0.2781E+02
   3.154  0.1438E+01  0.2783E+02
   3.164  0.1434E+01  0.2784E+02
   3.174  0.1429E+01  0.2786E+02
   3.184  0.1425E+01  0.2787E+02
   3.194  0.1421E+01  0.2789E+02
   3.204  0.1416E+01  0.2790E+02
   3.214  0.1412E+01  0.2791E+02
   3.224  0.1408E+01  0.2793E+02
   3.234  0.1404E+01  0.2794E+02
   3.244  0.1400E+01  0.2796E+02
   3.254  0.1396E+01  0.2797E+02
   3.264  0.1391E+01  0.2798E+02
   3.274  0.1386E+01  0.2800E+02
   3.284  0.1382E+01  0.2801E+02
   3.294  0.1380E+01  0.2803E+02
   3.304  0.1381E+01  0.2804E+02
   3.314  0.1382E+01  0.2805E+02
   3.324  0.1389E+01  0.2807E+02
   3.334  0.1394E+01  0.2808E+02
   3.344  0.1384E+01  0.2810E+02
   3.354  0.1381E+01  0.2811E+02
   3.364  0.1384E+01  0.2812E+02
   3.374  0.1372E+01  0.2814E+02
   3.384  0.1376E+01  0.2815E+02
   3.394  0.1380E+01  0.2816E+02
   3.404  0.1376E+01  0.2818E+02
   3.414  0.1362E+01  0.2819E+02
   3.424  0.1358E+01  0.2821E+02
   3.434  0.1352E+01  0.2822E+02
   3.444  0.1346E+01  0.2823E+02
   3.454  0.1341E+01  0.2825E+02
   3.464  0.1337E+01  0.2826E+02
   3.474  0.1333E+01  0.2827E+02
   3.484  0.1332E+01  0.2829E+02
   3.494  0.1330E+01  0.2830E+02
   3.504  0.1329E+01  0.2831E+02
   3.514  0.1327E+01  0.2833E+02
   3.524  0.1326E+01  0.2834E+02
   3.534  0.1324E+01  0.2835E+02
   3.544  0.1322E+01  0.2837E+02
   3.554  0.1320E+01  0.2838E+02
   3.564  0.1322E+01  0.2839E+02
   3.574  0.1359E+01  0.2841E+02
   3.584  0.1373E+01  0.2842E+02
   3.594  0.1385E+01  0.2843E+02
   3.604  0.1404E+01  0.2845E+02
   3.614  0.1415E+01  0.2846E+02
   3.624  0.1422E+01  0.2848E+02
   3.634  0.1435E+01  0.2849E+02
   3.644  0.1453E+01  0.2850E+02
   3.654  0.1470E+01  0.2852E+02
   3.664  0.1473E+01  0.2853E+02
   3.674  0.1468E+01  0.2855E+02
   3.684  0.1464E+01  0.2856E+02
   3.694  0.1473E+01  0.2858E+02
   3.704  0.1486E+01  0.2859E+02
   3.714  0.1503E+01  0.2861E+02
   3.724  0.1518E+01  0.2862E+02
   3.734  0.1531E+01  0.2864E+02
   3.744  0.1542E+01  0.2865E+02
   3.754  0.1528E+01  0.2867E+02
   3.764  0.1528E+01  0.2868E+02
   3.774  0.1531E+01  0.2870E+02
   3.784  0.1534E+01  0.2871E+02
   3.794  0.1541E+01  0.2873E+02
   3.804  0.1546E+01  0.2874E+02
   3.814  0.1550E+01  0.2876E+02
   3.824  0.1554E+01  0.2878E+02
   3.834  0.1558E+01  0.2879E+02
   3.844  0.1566E+01  0.2881E+02
   3.854  0.1573E+01  0.2882E+02
   3.864  0.1579E+01  0.2884E+02
   3.874  0.1586E+01  0.2885E+02
   3.884  0.1595E+01  0.2887E+02
   3.894  0.1603E+01  0.2889E+02
   3.904  0.1612E+01  0.2890E+02
   3.914  0.1621E+01  0.2892E+02
   3.924  0.1631E+01  0.2893E+02
   3.934  0.1641E+01  0.2895E+02
   3.944  0.1650E+01  0.2897E+02
   3.954  0.1660E+01  0.2898E+02
   3.964  0.1673E+01  0.2900E+02
   3.974  0.1697E+01  0.2902E+02
   3.984  0.1705E+01  0.2903E+02
   3.994  0.1709E+01  0.2905E+02
   4.004  0.1711E+01  0.2907E+02
   4.014  0.1715E+01  0.2909E+02
   4.024  0.1740E+01  0.2910E+02
   4.034  0.1756E+01  0.2912E+02
   4.044  0.1776E+01  0.2914E+02
   4.054  0.1797E+01  0.2916E+02
   4.064  0.1828E+01  0.2917E+02
   4.074  0.1875E+01  0.2919E+02
   4.084  0.1938E+01  0.2921E+02
   4.094  0.1980E+01  0.2923E+02
   4.104  0.2071E+01  0.2925E+02
   4.114  0.2303E+01  0.2927E+02
   4.124  0.2423E+01  0.2930E+02
   4.134  0.2314E+01  0.2932E+02
   4.144  0.2053E+01  0.2934E+02
   4.154  0.1893E+01  0.2936E+02
   4.164  0.1788E+01  0.2938E+02
   4.174  0.1751E+01  0.2940E+02
   4.184  0.1727E+01  0.2942E+02
   4.194  0.1710E+01  0.2943E+02
   4.204  0.1718E+01  0.2945E+02
   4.214  0.1742E+01  0.2947E+02
   4.224  0.1791E+01  0.2948E+02
   4.234  0.1862E+01  0.2950E+02
   4.244  0.2002E+01  0.2952E+02
   4.254  0.1996E+01  0.2954E+02
   4.264  0.1938E+01  0.2956E+02
   4.274  0.1433E+01  0.2958E+02
   4.284  0.1451E+01  0.2959E+02
   4.294  0.1471E+01  0.2961E+02
   4.304  0.1502E+01  0.2962E+02
   4.314  0.1545E+01  0.2964E+02
   4.324  0.1592E+01  0.2965E+02
   4.334  0.1641E+01  0.2967E+02
   4.344  0.1694E+01  0.2968E+02
   4.354  0.1783E+01  0.2970E+02
   4.364  0.1862E+01  0.2972E+02
   4.374  0.1960E+01  0.2974E+02
   4.384  0.2105E+01  0.2976E+02
   4.394  0.2303E+01  0.2978E+02
   4.404  0.2601E+01  0.2981E+02
   4.414  0.3380E+01  0.2983E+02
   4.424  0.2522E+01  0.2987E+02
   4.434  0.2086E+01  0.2989E+02
   4.444  0.2003E+01  0.2991E+02
   4.454  0.1970E+01  0.2993E+02
   4.464  0.1950E+01  0.2995E+02
   4.474  0.1973E+01  0.2997E+02
   4.484  0.1929E+01  0.2999E+02
   4.494  0.1846E+01  0.3001E+02
   4.504  0.1812E+01  0.3003E+02
   4.514  0.1814E+01  0.3004E+02
   4.524  0.1863E+01  0.3006E+02
   4.534  0.1864E+01  0.3008E+02
   4.544  0.1884E+01  0.3010E+02
   4.554  0.1913E+01  0.3012E+02
   4.564  0.1967E+01  0.3014E+02
   4.574  0.2054E+01  0.3016E+02
   4.584  0.2138E+01  0.3018E+02
   4.594  0.2235E+01  0.3020E+02
   4.604  0.2300E+01  0.3022E+02
   4.614  0.2350E+01  0.3025E+02
   4.624  0.2403E+01  0.3027E+02
   4.634  0.2452E+01  0.3029E+02
   4.644  0.2491E+01  0.3032E+02
   4.654  0.2518E+01  0.3034E+02
   4.664  0.2571E+01  0.3037E+02
   4.674  0.2584E+01  0.3040E+02
   4.684  0.2630E+01  0.3042E+02
   4.694  0.2718E+01  0.3045E+02
   4.704  0.2588E+01  0.3047E+02
   4.714  0.2552E+01  0.3050E+02
   4.724  0.2513E+01  0.3053E+02
   4.734  0.2510E+01  0.3055E+02
   4.744  0.2524E+01  0.3058E+02
   4.754  0.2716E+01  0.3060E+02
   4.764  0.2666E+01  0.3063E+02
   4.774  0.2736E+01  0.3066E+02
   4.784  0.2802E+01  0.3068E+02
   4.794  0.2854E+01  0.3071E+02
   4.804  0.2911E+01  0.3074E+02
   4.814  0.2963E+01  0.3077E+02
   4.824  0.3024E+01  0.3080E+02
   4.834  0.3228E+01  0.3083E+02
   4.844  0.3367E+01  0.3086E+02
   4.854  0.3529E+01  0.3090E+02
   4.864  0.3675E+01  0.3093E+02
   4.874  0.3799E+01  0.3097E+02
   4.884  0.3951E+01  0.3101E+02
   4.894  0.4120E+01  0.3105E+02
   4.904  0.4318E+01  0.3109E+02
   4.914  0.4642E+01  0.3114E+02
   4.924  0.4648E+01  0.3118E+02
   4.934  0.4654E+01  0.3123E+02
   4.944  0.4726E+01  0.3128E+02
   4.954  0.4774E+01  0.3133E+02
   4.964  0.4844E+01  0.3137E+02
   4.974  0.4879E+01  0.3142E+02
   4.984  0.4881E+01  0.3147E+02
   4.994  0.4938E+01  0.3152E+02
   5.004  0.5082E+01  0.3157E+02
   5.014  0.5256E+01  0.3162E+02
   5.024  0.5325E+01  0.3167E+02
   5.034  0.5129E+01  0.3173E+02
   5.044  0.5265E+01  0.3178E+02
   5.054  0.5388E+01  0.3183E+02
   5.064  0.5158E+01  0.3188E+02
   5.074  0.5107E+01  0.3194E+02
   5.084  0.5099E+01  0.3199E+02
   5.094  0.5188E+01  0.3204E+02
   5.104  0.5339E+01  0.3209E+02
   5.114  0.5528E+01  0.3214E+02
   5.124  0.5665E+01  0.3220E+02
   5.134  0.5705E+01  0.3226E+02
   5.144  0.5733E+01  0.3232E+02
   5.154  0.6083E+01  0.3237E+02
   5.164  0.5773E+01  0.3243E+02
   5.174  0.5797E+01  0.3249E+02
   5.184  0.5770E+01  0.3255E+02
   5.194  0.5585E+01  0.3261E+02
   5.204  0.5505E+01  0.3266E+02
   5.214  0.5479E+01  0.3272E+02
   5.224  0.5430E+01  0.3277E+02
   5.234  0.5482E+01  0.3283E+02
   5.244  0.5511E+01  0.3288E+02
   5.254  0.5549E+01  0.3294E+02
   5.264  0.5928E+01  0.3299E+02
   5.274  0.6112E+01  0.3305E+02
   5.284  0.6499E+01  0.3312E+02
   5.294  0.6850E+01  0.3318E+02
   5.304  0.7344E+01  0.3325E+02
   5.314  0.6977E+01  0.3333E+02
   5.324  0.6868E+01  0.3340E+02
   5.334  0.7400E+01  0.3347E+02
   5.344  0.8196E+01  0.3355E+02
   5.354  0.7895E+01  0.3363E+02
   5.364  0.7009E+01  0.3370E+02
   5.374  0.6463E+01  0.3377E+02
   5.384  0.6416E+01  0.3383E+02
   5.394  0.6905E+01  0.3390E+02
   5.404  0.7510E+01  0.3397E+02
   5.414  0.7687E+01  0.3405E+02
   5.424  0.7722E+01  0.3413E+02
   5.434  0.8179E+01  0.3421E+02
   5.444  0.8102E+01  0.3429E+02
   5.454  0.7235E+01  0.3437E+02
   5.464  0.6992E+01  0.3444E+02
   5.474  0.6589E+01  0.3450E+02
   5.484  0.6050E+01  0.3457E+02
   5.494  0.5838E+01  0.3463E+02
   5.504  0.5787E+01  0.3468E+02
   5.514  0.5909E+01  0.3474E+02
   5.524  0.6227E+01  0.3480E+02
   5.534  0.7229E+01  0.3487E+02
   5.544  0.7603E+01  0.3494E+02
   5.554  0.7248E+01  0.3502E+02
   5.564  0.6554E+01  0.3509E+02
   5.574  0.6221E+01  0.3515E+02
   5.584  0.6032E+01  0.3521E+02
   5.594  0.5940E+01  0.3527E+02
   5.604  0.5864E+01  0.3533E+02
   5.614  0.5789E+01  0.3539E+02
   5.624  0.5745E+01  0.3545E+02
   5.634  0.5730E+01  0.3551E+02
   5.644  0.5608E+01  0.3556E+02
   5.654  0.5435E+01  0.3562E+02
   5.664  0.5510E+01  0.3567E+02
   5.674  0.5824E+01  0.3573E+02
   5.684  0.5922E+01  0.3579E+02
   5.694  0.6223E+01  0.3585E+02
   5.704  0.6495E+01  0.3591E+02
   5.714  0.6954E+01  0.3598E+02
   5.724  0.7247E+01  0.3605E+02
   5.734  0.7937E+01  0.3612E+02
   5.744  0.8351E+01  0.3621E+02
   5.754  0.9592E+01  0.3630E+02
   5.764  0.9479E+01  0.3639E+02
   5.774  0.9306E+01  0.3648E+02
   5.784  0.9115E+01  0.3658E+02
   5.794  0.9025E+01  0.3667E+02
   5.804  0.9036E+01  0.3676E+02
   5.814  0.8961E+01  0.3685E+02
   5.824  0.8605E+01  0.3694E+02
   5.834  0.8481E+01  0.3702E+02
   5.844  0.8447E+01  0.3711E+02
   5.854  0.8542E+01  0.3719E+02
   5.864  0.8773E+01  0.3728E+02
   5.874  0.8759E+01  0.3736E+02
   5.884  0.8839E+01  0.3745E+02
   5.894  0.8907E+01  0.3754E+02
   5.904  0.9150E+01  0.3763E+02
   5.914  0.9495E+01  0.3773E+02
   5.924  0.9735E+01  0.3782E+02
   5.934  0.1000E+02  0.3792E+02
   5.944  0.9980E+01  0.3802E+02
   5.954  0.9985E+01  0.3812E+02
   5.964  0.1017E+02  0.3822E+02
   5.974  0.1087E+02  0.3833E+02
   5.984  0.1003E+02  0.3843E+02
   5.994  0.9712E+01  0.3853E+02
   6.004  0.9035E+01  0.3862E+02
   6.014  0.8395E+01  0.3871E+02
   6.024  0.8038E+01  0.3879E+02
   6.034  0.7830E+01  0.3887E+02
   6.044  0.7805E+01  0.3895E+02
   6.054  0.7845E+01  0.3903E+02
   6.064  0.7970E+01  0.3911E+02
   6.074  0.8067E+01  0.3919E+02
   6.084  0.8088E+01  0.3927E+02
   6.094  0.8095E+01  0.3935E+02
   6.104  0.8141E+01  0.3943E+02
   6.114  0.8747E+01  0.3951E+02
   6.124  0.7685E+01  0.3959E+02
   6.134  0.7313E+01  0.3967E+02
   6.144  0.7181E+01  0.3974E+02
   6.154  0.7262E+01  0.3981E+02
   6.164  0.7159E+01  0.3989E+02
   6.174  0.7437E+01  0.3996E+02
   6.184  0.7842E+01  0.4003E+02
   6.194  0.8280E+01  0.4012E+02
   6.204  0.7989E+01  0.4020E+02
   6.214  0.7500E+01  0.4027E+02
   6.224  0.7184E+01  0.4035E+02
   6.234  0.6194E+01  0.4041E+02
   6.244  0.5764E+01  0.4047E+02
   6.254  0.5479E+01  0.4053E+02
   6.264  0.5080E+01  0.4058E+02
   6.274  0.4655E+01  0.4063E+02
   6.284  0.4388E+01  0.4067E+02
   6.294  0.4195E+01  0.4072E+02
   6.304  0.3970E+01  0.4076E+02
   6.314  0.3759E+01  0.4080E+02
   6.324  0.3594E+01  0.4083E+02
   6.334  0.3537E+01  0.4087E+02
   6.344  0.3559E+01  0.4090E+02
   6.354  0.3611E+01  0.4094E+02
   6.364  0.3767E+01  0.4098E+02
   6.374  0.4013E+01  0.4102E+02
   6.384  0.4410E+01  0.4106E+02
   6.394  0.5677E+01  0.4111E+02
   6.404  0.6515E+01  0.4117E+02
   6.414  0.7545E+01  0.4124E+02
   6.424  0.7981E+01  0.4131E+02
   6.434  0.8343E+01  0.4140E+02
   6.444  0.7666E+01  0.4148E+02
   6.454  0.7163E+01  0.4155E+02
   6.464  0.7030E+01  0.4162E+02
   6.474  0.7252E+01  0.4169E+02
   6.484  0.7403E+01  0.4177E+02
   6.494  0.6967E+01  0.4184E+02
   6.504  0.6897E+01  0.4191E+02
   6.514  0.6743E+01  0.4198E+02
   6.524  0.6563E+01  0.4204E+02
   6.534  0.6579E+01  0.4211E+02
   6.544  0.6762E+01  0.4217E+02
   6.554  0.6895E+01  0.4224E+02
   6.564  0.7058E+01  0.4231E+02
   6.574  0.7680E+01  0.4239E+02
   6.584  0.8687E+01  0.4247E+02
   6.594  0.1025E+02  0.4256E+02
   6.604  0.1240E+02  0.4267E+02
   6.614  0.1274E+02  0.4280E+02
   6.624  0.9898E+01  0.4292E+02
   6.634  0.8142E+01  0.4301E+02
   6.644  0.6717E+01  0.4308E+02
   6.654  0.5321E+01  0.4314E+02
   6.664  0.4218E+01  0.4319E+02
   6.674  0.3665E+01  0.4323E+02
   6.684  0.3751E+01  0.4327E+02
   6.694  0.4437E+01  0.4331E+02
   6.704  0.5782E+01  0.4336E+02
   6.714  0.7387E+01  0.4343E+02
   6.724  0.6837E+01  0.4350E+02
   6.734  0.6489E+01  0.4356E+02
   6.744  0.6207E+01  0.4363E+02
   6.754  0.6099E+01  0.4369E+02
   6.764  0.6518E+01  0.4375E+02
   6.774  0.5899E+01  0.4381E+02
   6.784  0.5679E+01  0.4387E+02
   6.794  0.5442E+01  0.4393E+02
   6.804  0.5274E+01  0.4398E+02
   6.814  0.5126E+01  0.4403E+02
   6.824  0.5037E+01  0.4408E+02
   6.834  0.4936E+01  0.4413E+02
   6.844  0.4829E+01  0.4418E+02
   6.854  0.4776E+01  0.4423E+02
   6.864  0.4800E+01  0.4428E+02
   6.874  0.4749E+01  0.4433E+02
   6.884  0.4818E+01  0.4437E+02
   6.894  0.4748E+01  0.4442E+02
   6.904  0.4711E+01  0.4447E+02
   6.914  0.4728E+01  0.4452E+02
   6.924  0.4573E+01  0.4456E+02
   6.934  0.4454E+01  0.4461E+02
   6.944  0.4378E+01  0.4465E+02
   6.954  0.4351E+01  0.4470E+02
   6.964  0.4402E+01  0.4474E+02
   6.974  0.4412E+01  0.4478E+02
   6.984  0.4534E+01  0.4483E+02
   6.994  0.4641E+01  0.4487E+02
   7.004  0.4845E+01  0.4492E+02
   7.014  0.5664E+01  0.4497E+02
   7.024  0.5806E+01  0.4503E+02
   7.034  0.6099E+01  0.4509E+02
   7.044  0.6390E+01  0.4515E+02
   7.054  0.6571E+01  0.4522E+02
   7.064  0.6539E+01  0.4528E+02
   7.074  0.6399E+01  0.4535E+02
   7.084  0.6119E+01  0.4541E+02
   7.094  0.5801E+01  0.4547E+02
   7.104  0.5565E+01  0.4553E+02
   7.114  0.5432E+01  0.4558E+02
   7.124  0.5328E+01  0.4564E+02
   7.134  0.5241E+01  0.4569E+02
   7.144  0.5155E+01  0.4574E+02
   7.154  0.5068E+01  0.4579E+02
   7.164  0.5034E+01  0.4584E+02
   7.174  0.5021E+01  0.4589E+02
   7.184  0.5017E+01  0.4594E+02
   7.194  0.5040E+01  0.4599E+02
   7.204  0.5054E+01  0.4604E+02
   7.214  0.5062E+01  0.4609E+02
   7.224  0.5118E+01  0.4615E+02
   7.234  0.5142E+01  0.4620E+02
   7.244  0.5124E+01  0.4625E+02
   7.254  0.5108E+01  0.4630E+02
   7.264  0.5020E+01  0.4635E+02
   7.274  0.4848E+01  0.4640E+02
   7.284  0.4866E+01  0.4645E+02
   7.294  0.4821E+01  0.4650E+02
   7.304  0.4793E+01  0.4655E+02
   7.314  0.4799E+01  0.4659E+02
   7.324  0.4688E+01  0.4664E+02
   7.334  0.4657E+01  0.4669E+02
   7.344  0.4640E+01  0.4673E+02
   7.354  0.4612E+01  0.4678E+02
   7.364  0.4621E+01  0.4683E+02
   7.374  0.4592E+01  0.4687E+02
   7.384  0.4614E+01  0.4692E+02
   7.394  0.4691E+01  0.4696E+02
   7.404  0.4785E+01  0.4701E+02
   7.414  0.4889E+01  0.4706E+02
   7.424  0.4948E+01  0.4711E+02
   7.434  0.4986E+01  0.4716E+02
   7.444  0.4864E+01  0.4721E+02
   7.454  0.4743E+01  0.4726E+02
   7.464  0.4790E+01  0.4730E+02
   7.474  0.5026E+01  0.4735E+02
   7.484  0.5030E+01  0.4740E+02
   7.494  0.5173E+01  0.4745E+02
   7.504  0.5170E+01  0.4751E+02
   7.514  0.5187E+01  0.4756E+02
   7.524  0.5261E+01  0.4761E+02
   7.534  0.5387E+01  0.4766E+02
   7.544  0.5521E+01  0.4772E+02
   7.554  0.5777E+01  0.4777E+02
   7.564  0.5840E+01  0.4783E+02
   7.574  0.5999E+01  0.4789E+02
   7.584  0.6186E+01  0.4795E+02
   7.594  0.6384E+01  0.4802E+02
   7.604  0.6600E+01  0.4808E+02
   7.614  0.6938E+01  0.4815E+02
   7.624  0.7607E+01  0.4822E+02
   7.634  0.8382E+01  0.4830E+02
   7.644  0.8919E+01  0.4839E+02
   7.654  0.8831E+01  0.4848E+02
   7.664  0.8898E+01  0.4857E+02
   7.674  0.8977E+01  0.4865E+02
   7.684  0.8892E+01  0.4874E+02
   7.694  0.8686E+01  0.4883E+02
   7.704  0.8199E+01  0.4892E+02
   7.714  0.7764E+01  0.4900E+02
   7.724  0.7419E+01  0.4907E+02
   7.734  0.7213E+01  0.4915E+02
   7.744  0.7023E+01  0.4922E+02
   7.754  0.6946E+01  0.4929E+02
   7.764  0.6975E+01  0.4936E+02
   7.774  0.7002E+01  0.4943E+02
   7.784  0.7095E+01  0.4950E+02
   7.794  0.7155E+01  0.4957E+02
   7.804  0.7101E+01  0.4964E+02
   7.814  0.7072E+01  0.4971E+02
   7.824  0.6978E+01  0.4978E+02
   7.834  0.7001E+01  0.4985E+02
   7.844  0.7142E+01  0.4992E+02
   7.854  0.7372E+01  0.4999E+02
   7.864  0.8034E+01  0.5007E+02
   7.874  0.8388E+01  0.5015E+02
   7.884  0.8897E+01  0.5024E+02
   7.894  0.9246E+01  0.5033E+02
   7.904  0.1065E+02  0.5043E+02
   7.914  0.1165E+02  0.5054E+02
   7.924  0.1029E+02  0.5065E+02
   7.934  0.9166E+01  0.5075E+02
   7.944  0.8498E+01  0.5084E+02
   7.954  0.7891E+01  0.5092E+02
   7.964  0.6711E+01  0.5099E+02
   7.974  0.6035E+01  0.5105E+02
   7.984  0.5969E+01  0.5111E+02
   7.994  0.5727E+01  0.5117E+02
   8.004  0.5589E+01  0.5123E+02
   8.014  0.5486E+01  0.5129E+02
   8.024  0.5379E+01  0.5134E+02
   8.034  0.5126E+01  0.5139E+02
   8.044  0.5018E+01  0.5144E+02
   8.054  0.4882E+01  0.5149E+02
   8.064  0.4845E+01  0.5154E+02
   8.074  0.4934E+01  0.5159E+02
   8.084  0.5181E+01  0.5164E+02
   8.094  0.5554E+01  0.5169E+02
   8.104  0.6124E+01  0.5175E+02
   8.114  0.6867E+01  0.5182E+02
   8.124  0.7375E+01  0.5189E+02
   8.134  0.7049E+01  0.5196E+02
   8.144  0.7085E+01  0.5203E+02
   8.154  0.7032E+01  0.5210E+02
   8.164  0.6818E+01  0.5217E+02
   8.174  0.6678E+01  0.5224E+02
   8.184  0.6739E+01  0.5231E+02
   8.194  0.6914E+01  0.5237E+02
   8.204  0.6814E+01  0.5244E+02
   8.214  0.6464E+01  0.5251E+02
   8.224  0.6189E+01  0.5257E+02
   8.234  0.6073E+01  0.5263E+02
   8.244  0.6055E+01  0.5269E+02
   8.254  0.6181E+01  0.5276E+02
   8.264  0.6487E+01  0.5282E+02
   8.274  0.6972E+01  0.5289E+02
   8.284  0.7720E+01  0.5296E+02
   8.294  0.7621E+01  0.5304E+02
   8.304  0.8147E+01  0.5312E+02
   8.314  0.7913E+01  0.5320E+02
   8.324  0.7726E+01  0.5327E+02
   8.334  0.7811E+01  0.5335E+02
   8.344  0.7550E+01  0.5343E+02
   8.354  0.7667E+01  0.5350E+02
   8.364  0.7632E+01  0.5358E+02
   8.374  0.7067E+01  0.5365E+02
   8.384  0.6952E+01  0.5372E+02
   8.394  0.7315E+01  0.5379E+02
   8.404  0.7058E+01  0.5387E+02
   8.414  0.6329E+01  0.5394E+02
   8.424  0.6045E+01  0.5400E+02
   8.434  0.5794E+01  0.5406E+02
   8.444  0.5561E+01  0.5411E+02
   8.454  0.5390E+01  0.5417E+02
   8.464  0.5249E+01  0.5422E+02
   8.474  0.5122E+01  0.5427E+02
   8.484  0.5008E+01  0.5432E+02
   8.494  0.4928E+01  0.5437E+02
   8.504  0.4861E+01  0.5442E+02
   8.514  0.4806E+01  0.5447E+02
   8.524  0.4755E+01  0.5452E+02
   8.534  0.4704E+01  0.5457E+02
   8.544  0.4664E+01  0.5461E+02
   8.554  0.4622E+01  0.5466E+02
   8.564  0.4593E+01  0.5470E+02
   8.574  0.4577E+01  0.5475E+02
   8.584  0.4560E+01  0.5480E+02
   8.594  0.4546E+01  0.5484E+02
   8.604  0.4530E+01  0.5489E+02
   8.614  0.4520E+01  0.5493E+02
   8.624  0.4511E+01  0.5498E+02
   8.634  0.4508E+01  0.5502E+02
   8.644  0.4522E+01  0.5507E+02
   8.654  0.4555E+01  0.5511E+02
   8.664  0.4596E+01  0.5516E+02
   8.674  0.4628E+01  0.5520E+02
   8.684  0.4665E+01  0.5525E+02
   8.694  0.4711E+01  0.5530E+02
   8.704  0.4795E+01  0.5535E+02
   8.714  0.4907E+01  0.5539E+02
   8.724  0.4956E+01  0.5544E+02
   8.734  0.5124E+01  0.5549E+02
   8.744  0.4857E+01  0.5554E+02
   8.754  0.4456E+01  0.5559E+02
   8.764  0.3960E+01  0.5563E+02
   8.774  0.3663E+01  0.5567E+02
   8.784  0.3493E+01  0.5571E+02
   8.794  0.3407E+01  0.5574E+02
   8.804  0.3390E+01  0.5578E+02
   8.814  0.3396E+01  0.5581E+02
   8.824  0.3419E+01  0.5584E+02
   8.834  0.3533E+01  0.5588E+02
   8.844  0.3807E+01  0.5591E+02
   8.854  0.4086E+01  0.5595E+02
   8.864  0.4438E+01  0.5600E+02
   8.874  0.4841E+01  0.5604E+02
   8.884  0.5570E+01  0.5609E+02
   8.894  0.5610E+01  0.5615E+02
   8.904  0.5525E+01  0.5621E+02
   8.914  0.5358E+01  0.5626E+02
   8.924  0.5364E+01  0.5631E+02
   8.934  0.5280E+01  0.5637E+02
   8.944  0.5230E+01  0.5642E+02
   8.954  0.5161E+01  0.5647E+02
   8.964  0.5111E+01  0.5652E+02
   8.974  0.5031E+01  0.5657E+02
   8.984  0.4924E+01  0.5662E+02
   8.994  0.4828E+01  0.5667E+02
   9.004  0.4719E+01  0.5672E+02
   9.014  0.4588E+01  0.5677E+02
   9.024  0.4471E+01  0.5681E+02
   9.034  0.4372E+01  0.5686E+02
   9.044  0.4287E+01  0.5690E+02
   9.054  0.4201E+01  0.5694E+02
   9.064  0.4103E+01  0.5698E+02
   9.074  0.4026E+01  0.5702E+02
   9.084  0.3959E+01  0.5706E+02
   9.094  0.3887E+01  0.5710E+02
   9.104  0.3892E+01  0.5714E+02
   9.114  0.3851E+01  0.5718E+02
   9.124  0.3817E+01  0.5722E+02
   9.134  0.3784E+01  0.5726E+02
   9.144  0.3762E+01  0.5730E+02
   9.154  0.3735E+01  0.5733E+02
   9.164  0.3685E+01  0.5737E+02
   9.174  0.3657E+01  0.5741E+02
   9.184  0.3676E+01  0.5744E+02
   9.194  0.3702E+01  0.5748E+02
   9.204  0.3406E+01  0.5752E+02
   9.214  0.3291E+01  0.5755E+02
   9.224  0.3391E+01  0.5758E+02
   9.234  0.3520E+01  0.5762E+02
   9.244  0.3358E+01  0.5765E+02
   9.254  0.3168E+01  0.5768E+02
   9.264  0.3185E+01  0.5772E+02
   9.274  0.3122E+01  0.5775E+02
   9.284  0.2855E+01  0.5778E+02
   9.294  0.2672E+01  0.5781E+02
   9.304  0.2616E+01  0.5783E+02
   9.314  0.2899E+01  0.5786E+02
   9.324  0.3573E+01  0.5789E+02
   9.334  0.4151E+01  0.5793E+02
   9.344  0.4410E+01  0.5797E+02
   9.354  0.4056E+01  0.5802E+02
   9.364  0.3952E+01  0.5806E+02
   9.374  0.3826E+01  0.5809E+02
   9.384  0.3785E+01  0.5813E+02
   9.394  0.3723E+01  0.5817E+02
   9.404  0.3722E+01  0.5821E+02
   9.414  0.3663E+01  0.5824E+02
   9.424  0.3609E+01  0.5828E+02
   9.434  0.3522E+01  0.5832E+02
   9.444  0.3457E+01  0.5835E+02
   9.454  0.3400E+01  0.5839E+02
   9.464  0.3350E+01  0.5842E+02
   9.474  0.3309E+01  0.5845E+02
   9.484  0.3272E+01  0.5849E+02
   9.494  0.3237E+01  0.5852E+02
   9.504  0.3213E+01  0.5855E+02
   9.514  0.3185E+01  0.5858E+02
   9.524  0.3158E+01  0.5861E+02
   9.534  0.3122E+01  0.5865E+02
   9.544  0.3083E+01  0.5868E+02
   9.554  0.3061E+01  0.5871E+02
   9.564  0.3050E+01  0.5874E+02
   9.574  0.3025E+01  0.5877E+02
   9.584  0.2977E+01  0.5880E+02
   9.594  0.2907E+01  0.5883E+02
   9.604  0.2819E+01  0.5886E+02
   9.614  0.2769E+01  0.5888E+02
   9.624  0.2744E+01  0.5891E+02
   9.634  0.2717E+01  0.5894E+02
   9.644  0.2682E+01  0.5897E+02
   9.654  0.2654E+01  0.5899E+02
   9.664  0.2624E+01  0.5902E+02
   9.674  0.2614E+01  0.5905E+02
   9.684  0.2604E+01  0.5907E+02
   9.694  0.2605E+01  0.5910E+02
   9.704  0.2607E+01  0.5912E+02
   9.714  0.2624E+01  0.5915E+02
   9.724  0.2636E+01  0.5918E+02
   9.734  0.2651E+01  0.5920E+02
   9.744  0.2672E+01  0.5923E+02
   9.754  0.2707E+01  0.5926E+02
   9.764  0.2736E+01  0.5928E+02
   9.774  0.2750E+01  0.5931E+02
   9.784  0.2767E+01  0.5934E+02
   9.794  0.2819E+01  0.5937E+02
   9.804  0.2919E+01  0.5939E+02
   9.814  0.2987E+01  0.5942E+02
   9.824  0.3133E+01  0.5945E+02
   9.834  0.3197E+01  0.5949E+02
   9.844  0.3278E+01  0.5952E+02
   9.854  0.3685E+01  0.5955E+02
   9.864  0.4286E+01  0.5959E+02
   9.874  0.4731E+01  0.5964E+02
   9.884  0.5099E+01  0.5969E+02
   9.894  0.5417E+01  0.5974E+02
   9.904  0.5223E+01  0.5979E+02
   9.914  0.5241E+01  0.5985E+02
   9.924  0.5530E+01  0.5990E+02
   9.934  0.6975E+01  0.5996E+02
   9.944  0.4137E+01  0.6002E+02
   9.954  0.3207E+01  0.6006E+02
   9.964  0.2917E+01  0.6009E+02
   9.974  0.2713E+01  0.6011E+02
   9.984  0.2622E+01  0.6014E+02
   9.994  0.2597E+01  0.6017E+02
  10.004  0.2561E+01  0.6019E+02
  10.014  0.2677E+01  0.6022E+02
  10.024  0.2845E+01  0.6025E+02
  10.034  0.2983E+01  0.6028E+02
  10.044  0.3006E+01  0.6031E+02
  10.054  0.2952E+01  0.6034E+02
  10.064  0.3062E+01  0.6037E+02
  10.074  0.3155E+01  0.6040E+02
  10.084  0.3266E+01  0.6043E+02
  10.094  0.3438E+01  0.6046E+02
  10.104  0.3655E+01  0.6050E+02
  10.114  0.3891E+01  0.6053E+02
  10.124  0.4136E+01  0.6058E+02
  10.134  0.4351E+01  0.6062E+02
  10.144  0.4460E+01  0.6066E+02
  10.154  0.4643E+01  0.6071E+02
  10.164  0.4941E+01  0.6075E+02
  10.174  0.5305E+01  0.6081E+02
  10.184  0.5636E+01  0.6086E+02
  10.194  0.5685E+01  0.6092E+02
  10.204  0.5519E+01  0.6097E+02
  10.214  0.5214E+01  0.6103E+02
  10.224  0.4918E+01  0.6108E+02
  10.234  0.4506E+01  0.6113E+02
  10.244  0.4381E+01  0.6117E+02
  10.254  0.4414E+01  0.6121E+02
  10.264  0.4451E+01  0.6126E+02
  10.274  0.4528E+01  0.6130E+02
  10.284  0.4664E+01  0.6135E+02
  10.294  0.4860E+01  0.6140E+02
  10.304  0.4749E+01  0.6144E+02
  10.314  0.4429E+01  0.6149E+02
  10.324  0.4021E+01  0.6153E+02
  10.334  0.3606E+01  0.6157E+02
  10.344  0.3332E+01  0.6161E+02
  10.354  0.3161E+01  0.6164E+02
  10.364  0.3052E+01  0.6167E+02
  10.374  0.3040E+01  0.6170E+02
  10.384  0.2993E+01  0.6173E+02
  10.394  0.2878E+01  0.6176E+02
  10.404  0.2813E+01  0.6179E+02
  10.414  0.2797E+01  0.6182E+02
  10.424  0.2803E+01  0.6184E+02
  10.434  0.2819E+01  0.6187E+02
  10.444  0.2858E+01  0.6190E+02
  10.454  0.2909E+01  0.6193E+02
  10.464  0.2948E+01  0.6196E+02
  10.474  0.3092E+01  0.6199E+02
  10.484  0.3098E+01  0.6202E+02
  10.494  0.3088E+01  0.6205E+02
  10.504  0.3017E+01  0.6208E+02
  10.514  0.2943E+01  0.6211E+02
  10.524  0.3001E+01  0.6214E+02
  10.534  0.3233E+01  0.6217E+02
  10.544  0.3180E+01  0.6220E+02
  10.554  0.3020E+01  0.6223E+02
  10.564  0.2900E+01  0.6226E+02
  10.574  0.2959E+01  0.6229E+02
  10.584  0.2966E+01  0.6232E+02
  10.594  0.3107E+01  0.6235E+02
  10.604  0.3180E+01  0.6238E+02
  10.614  0.3129E+01  0.6242E+02
  10.624  0.3155E+01  0.6245E+02
  10.634  0.3213E+01  0.6248E+02
  10.644  0.3285E+01  0.6251E+02
  10.654  0.3353E+01  0.6255E+02
  10.664  0.3435E+01  0.6258E+02
  10.674  0.3527E+01  0.6261E+02
  10.684  0.3631E+01  0.6265E+02
  10.694  0.3728E+01  0.6269E+02
  10.704  0.3830E+01  0.6272E+02
  10.714  0.3927E+01  0.6276E+02
  10.724  0.4038E+01  0.6280E+02
  10.734  0.4267E+01  0.6284E+02
  10.744  0.4439E+01  0.6289E+02
  10.754  0.4584E+01  0.6293E+02
  10.764  0.4766E+01  0.6298E+02
  10.774  0.4935E+01  0.6303E+02
  10.784  0.5131E+01  0.6308E+02
  10.794  0.5351E+01  0.6313E+02
  10.804  0.5749E+01  0.6319E+02
  10.814  0.6035E+01  0.6325E+02
  10.824  0.6209E+01  0.6331E+02
  10.834  0.6432E+01  0.6337E+02
  10.844  0.6893E+01  0.6344E+02
  10.854  0.7498E+01  0.6351E+02
  10.864  0.7482E+01  0.6358E+02
  10.874  0.8298E+01  0.6366E+02
  10.884  0.9466E+01  0.6375E+02
  10.894  0.1031E+02  0.6385E+02
  10.904  0.1068E+02  0.6396E+02
  10.914  0.1038E+02  0.6406E+02
  10.924  0.1046E+02  0.6416E+02
  10.934  0.1058E+02  0.6427E+02
  10.944  0.1044E+02  0.6438E+02
  10.954  0.1069E+02  0.6448E+02
  10.964  0.1087E+02  0.6459E+02
  10.974  0.1074E+02  0.6470E+02
  10.984  0.1040E+02  0.6480E+02
  10.994  0.1001E+02  0.6491E+02
  11.004  0.9351E+01  0.6500E+02
  11.014  0.8912E+01  0.6509E+02
  11.024  0.8600E+01  0.6518E+02
  11.034  0.8483E+01  0.6527E+02
  11.044  0.8562E+01  0.6535E+02
  11.054  0.8751E+01  0.6544E+02
  11.064  0.9000E+01  0.6553E+02
  11.074  0.9321E+01  0.6562E+02
  11.084  0.9539E+01  0.6571E+02
  11.094  0.9791E+01  0.6581E+02
  11.104  0.9951E+01  0.6591E+02
  11.114  0.1030E+02  0.6601E+02
  11.124  0.1051E+02  0.6611E+02
  11.134  0.1019E+02  0.6622E+02
  11.144  0.9890E+01  0.6632E+02
  11.154  0.9892E+01  0.6642E+02
  11.164  0.1005E+02  0.6652E+02
  11.174  0.1049E+02  0.6662E+02
  11.184  0.1017E+02  0.6672E+02
  11.194  0.1025E+02  0.6683E+02
  11.204  0.9998E+01  0.6693E+02
  11.214  0.9764E+01  0.6703E+02
  11.224  0.9811E+01  0.6712E+02
  11.234  0.9659E+01  0.6722E+02
  11.244  0.9493E+01  0.6732E+02
  11.254  0.9475E+01  0.6741E+02
  11.264  0.9649E+01  0.6751E+02
  11.274  0.9403E+01  0.6760E+02
  11.284  0.9011E+01  0.6769E+02
  11.294  0.8599E+01  0.6778E+02
  11.304  0.8242E+01  0.6787E+02
  11.314  0.8165E+01  0.6795E+02
  11.324  0.7916E+01  0.6803E+02
  11.334  0.7895E+01  0.6811E+02
  11.344  0.7725E+01  0.6818E+02
  11.354  0.7441E+01  0.6826E+02
  11.364  0.7338E+01  0.6833E+02
  11.374  0.7543E+01  0.6841E+02
  11.384  0.7223E+01  0.6848E+02
  11.394  0.7154E+01  0.6855E+02
  11.404  0.7262E+01  0.6862E+02
  11.414  0.7381E+01  0.6870E+02
  11.424  0.7427E+01  0.6877E+02
  11.434  0.7429E+01  0.6885E+02
  11.444  0.7337E+01  0.6892E+02
  11.454  0.7266E+01  0.6899E+02
  11.464  0.7322E+01  0.6907E+02
  11.474  0.7411E+01  0.6914E+02
  11.484  0.7532E+01  0.6921E+02
  11.494  0.7500E+01  0.6929E+02
  11.504  0.7426E+01  0.6936E+02
  11.514  0.7775E+01  0.6944E+02
  11.524  0.7567E+01  0.6952E+02
  11.534  0.6908E+01  0.6959E+02
  11.544  0.6595E+01  0.6966E+02
  11.554  0.6581E+01  0.6972E+02
  11.564  0.6817E+01  0.6979E+02
  11.574  0.7089E+01  0.6986E+02
  11.584  0.7063E+01  0.6993E+02
  11.594  0.7206E+01  0.7000E+02
  11.604  0.7156E+01  0.7007E+02
  11.614  0.6875E+01  0.7014E+02
  11.624  0.6852E+01  0.7021E+02
  11.634  0.6920E+01  0.7028E+02
  11.644  0.6800E+01  0.7035E+02
  11.654  0.6879E+01  0.7042E+02
  11.664  0.7107E+01  0.7049E+02
  11.674  0.7462E+01  0.7056E+02
  11.684  0.7796E+01  0.7064E+02
  11.694  0.8111E+01  0.7072E+02
  11.704  0.8369E+01  0.7080E+02
  11.714  0.8818E+01  0.7088E+02
  11.724  0.9146E+01  0.7097E+02
  11.734  0.9239E+01  0.7107E+02
  11.744  0.9253E+01  0.7116E+02
  11.754  0.9267E+01  0.7125E+02
  11.764  0.8743E+01  0.7134E+02
  11.774  0.8454E+01  0.7143E+02
  11.784  0.8175E+01  0.7151E+02
  11.794  0.7889E+01  0.7159E+02
  11.804  0.7651E+01  0.7167E+02
  11.814  0.7440E+01  0.7174E+02
  11.824  0.7363E+01  0.7182E+02
  11.834  0.7277E+01  0.7189E+02
  11.844  0.7267E+01  0.7196E+02
  11.854  0.7351E+01  0.7204E+02
  11.864  0.7568E+01  0.7211E+02
  11.874  0.7710E+01  0.7219E+02
  11.884  0.7957E+01  0.7227E+02
  11.894  0.7905E+01  0.7235E+02
  11.904  0.7845E+01  0.7242E+02
  11.914  0.7936E+01  0.7250E+02
  11.924  0.8204E+01  0.7258E+02
  11.934  0.8399E+01  0.7267E+02
  11.944  0.8589E+01  0.7275E+02
  11.954  0.9007E+01  0.7284E+02
  11.964  0.9087E+01  0.7293E+02
  11.974  0.8920E+01  0.7302E+02
  11.984  0.8683E+01  0.7311E+02
  11.994  0.8639E+01  0.7320E+02
  12.004  0.8719E+01  0.7328E+02
  12.014  0.8702E+01  0.7337E+02
  12.024  0.8536E+01  0.7346E+02
  12.034  0.8591E+01  0.7354E+02
  12.044  0.9048E+01  0.7363E+02
  12.054  0.9403E+01  0.7372E+02
  12.064  0.1000E+02  0.7382E+02
  12.074  0.1063E+02  0.7392E+02
  12.084  0.1022E+02  0.7403E+02
  12.094  0.9776E+01  0.7413E+02
  12.104  0.9184E+01  0.7423E+02
  12.114  0.8697E+01  0.7431E+02
  12.124  0.8624E+01  0.7440E+02
  12.134  0.8683E+01  0.7449E+02
  12.144  0.8534E+01  0.7457E+02
  12.154  0.8312E+01  0.7466E+02
  12.164  0.8301E+01  0.7474E+02
  12.174  0.8338E+01  0.7482E+02
  12.184  0.8171E+01  0.7491E+02
  12.194  0.7870E+01  0.7499E+02
  12.204  0.7559E+01  0.7506E+02
  12.214  0.7465E+01  0.7514E+02
  12.224  0.7377E+01  0.7521E+02
  12.234  0.7420E+01  0.7529E+02
  12.244  0.7525E+01  0.7536E+02
  12.254  0.7506E+01  0.7544E+02
  12.264  0.7700E+01  0.7551E+02
  12.274  0.7592E+01  0.7559E+02
  12.284  0.7424E+01  0.7566E+02
  12.294  0.7244E+01  0.7574E+02
  12.304  0.6990E+01  0.7581E+02
  12.314  0.6978E+01  0.7588E+02
  12.324  0.7277E+01  0.7595E+02
  12.334  0.7209E+01  0.7602E+02
  12.344  0.7229E+01  0.7609E+02
  12.354  0.7176E+01  0.7617E+02
  12.364  0.7368E+01  0.7624E+02
  12.374  0.7366E+01  0.7631E+02
  12.384  0.7327E+01  0.7639E+02
  12.394  0.7417E+01  0.7646E+02
  12.404  0.7551E+01  0.7653E+02
  12.414  0.7528E+01  0.7661E+02
  12.424  0.7435E+01  0.7668E+02
  12.434  0.7345E+01  0.7676E+02
  12.444  0.7308E+01  0.7683E+02
  12.454  0.7399E+01  0.7691E+02
  12.464  0.7332E+01  0.7698E+02
  12.474  0.7378E+01  0.7705E+02
  12.484  0.7331E+01  0.7713E+02
  12.494  0.7565E+01  0.7720E+02
  12.504  0.7215E+01  0.7727E+02
  12.514  0.6506E+01  0.7734E+02
  12.524  0.6067E+01  0.7741E+02
  12.534  0.5935E+01  0.7746E+02
  12.544  0.6083E+01  0.7752E+02
  12.554  0.5867E+01  0.7758E+02
  12.564  0.5670E+01  0.7764E+02
  12.574  0.5360E+01  0.7770E+02
  12.584  0.5216E+01  0.7775E+02
  12.594  0.4849E+01  0.7780E+02
  12.604  0.4660E+01  0.7785E+02
  12.614  0.4564E+01  0.7789E+02
  12.624  0.4591E+01  0.7794E+02
  12.634  0.4796E+01  0.7799E+02
  12.644  0.4935E+01  0.7804E+02
  12.654  0.5166E+01  0.7809E+02
  12.664  0.5440E+01  0.7814E+02
  12.674  0.5709E+01  0.7819E+02
  12.684  0.6030E+01  0.7825E+02
  12.694  0.5845E+01  0.7831E+02
  12.704  0.5611E+01  0.7837E+02
  12.714  0.5475E+01  0.7843E+02
  12.724  0.5354E+01  0.7848E+02
  12.734  0.5230E+01  0.7853E+02
  12.744  0.5026E+01  0.7858E+02
  12.754  0.4850E+01  0.7863E+02
  12.764  0.4679E+01  0.7868E+02
  12.774  0.4504E+01  0.7873E+02
  12.784  0.4087E+01  0.7877E+02
  12.794  0.3938E+01  0.7881E+02
  12.804  0.3749E+01  0.7885E+02
  12.814  0.3582E+01  0.7888E+02
  12.824  0.3486E+01  0.7892E+02
  12.834  0.3386E+01  0.7895E+02
  12.844  0.3380E+01  0.7899E+02
  12.854  0.3331E+01  0.7902E+02
  12.864  0.3237E+01  0.7905E+02
  12.874  0.3170E+01  0.7909E+02
  12.884  0.3144E+01  0.7912E+02
  12.894  0.3035E+01  0.7915E+02
  12.904  0.3027E+01  0.7918E+02
  12.914  0.2955E+01  0.7921E+02
  12.924  0.2888E+01  0.7924E+02
  12.934  0.2809E+01  0.7927E+02
  12.944  0.2824E+01  0.7929E+02
  12.954  0.2866E+01  0.7932E+02
  12.964  0.2850E+01  0.7935E+02
  12.974  0.2873E+01  0.7938E+02
  12.984  0.2820E+01  0.7941E+02
  12.994  0.2767E+01  0.7944E+02
  13.004  0.2769E+01  0.7946E+02
  13.014  0.2579E+01  0.7949E+02
  13.024  0.2453E+01  0.7952E+02
  13.034  0.2365E+01  0.7954E+02
  13.044  0.2291E+01  0.7956E+02
  13.054  0.2239E+01  0.7959E+02
  13.064  0.2225E+01  0.7961E+02
  13.074  0.2271E+01  0.7963E+02
  13.084  0.2389E+01  0.7965E+02
  13.094  0.2315E+01  0.7968E+02
  13.104  0.1995E+01  0.7970E+02
  13.114  0.1728E+01  0.7972E+02
  13.124  0.1558E+01  0.7973E+02
  13.134  0.1490E+01  0.7975E+02
  13.144  0.1446E+01  0.7976E+02
  13.154  0.1393E+01  0.7978E+02
  13.164  0.1312E+01  0.7979E+02
  13.174  0.1195E+01  0.7980E+02
  13.184  0.1101E+01  0.7982E+02
  13.194  0.1024E+01  0.7983E+02
  13.204  0.9643E+00  0.7984E+02
  13.214  0.9144E+00  0.7985E+02
  13.224  0.8806E+00  0.7986E+02
  13.234  0.8503E+00  0.7986E+02
  13.244  0.8252E+00  0.7987E+02
  13.254  0.7951E+00  0.7988E+02
  13.264  0.7613E+00  0.7989E+02
  13.274  0.7257E+00  0.7990E+02
  13.284  0.6934E+00  0.7990E+02
  13.294  0.6588E+00  0.7991E+02
  13.304  0.6289E+00  0.7992E+02
  13.314  0.6048E+00  0.7992E+02
  13.324  0.5811E+00  0.7993E+02
  13.334  0.5586E+00  0.7993E+02
  13.344  0.5370E+00  0.7994E+02
  13.354  0.5158E+00  0.7994E+02
  13.364  0.4941E+00  0.7995E+02
  13.374  0.4702E+00  0.7995E+02
  13.384  0.4456E+00  0.7996E+02
  13.394  0.4210E+00  0.7996E+02
  13.404  0.3986E+00  0.7997E+02
  13.414  0.3785E+00  0.7997E+02
  13.424  0.3592E+00  0.7997E+02
  13.434  0.3420E+00  0.7998E+02
  13.444  0.3331E+00  0.7998E+02
  13.454  0.3212E+00  0.7998E+02
  13.464  0.2964E+00  0.7999E+02
  13.474  0.2589E+00  0.7999E+02
  13.484  0.2193E+00  0.7999E+02
  13.494  0.1797E+00  0.8000E+02
  13.504  0.1407E+00  0.8000E+02
  13.514  0.1064E+00  0.8000E+02
  13.524  0.7722E-01  0.8000E+02
  13.534  0.5176E-01  0.8000E+02
  13.544  0.2498E-01  0.8000E+02
  13.554  0.1316E-02  0.8000E+02
