#  E (eV)   dos(E)     Int dos(E) EFermi =    1.433 eV
 -11.516  0.0000E+00  0.0000E+00
 -11.506  0.7611E-01  0.2537E-03
 -11.496  0.3044E+00  0.2030E-02
 -11.486  0.6850E+00  0.6850E-02
 -11.476  0.1206E+01  0.1623E-01
 -11.466  0.1671E+01  0.3072E-01
 -11.456  0.2011E+01  0.4923E-01
 -11.446  0.2224E+01  0.7051E-01
 -11.436  0.2350E+01  0.9338E-01
 -11.426  0.2516E+01  0.1177E+00
 -11.416  0.2730E+01  0.1439E+00
 -11.406  0.2992E+01  0.1724E+00
 -11.396  0.3278E+01  0.2038E+00
 -11.386  0.3578E+01  0.2380E+00
 -11.376  0.3939E+01  0.2755E+00
 -11.366  0.4386E+01  0.3171E+00
 -11.356  0.4920E+01  0.3636E+00
 -11.346  0.5524E+01  0.4157E+00
 -11.336  0.6126E+01  0.4740E+00
 -11.326  0.6719E+01  0.5382E+00
 -11.316  0.7242E+01  0.6082E+00
 -11.306  0.7523E+01  0.6822E+00
 -11.296  0.7560E+01  0.7579E+00
 -11.286  0.7352E+01  0.8326E+00
 -11.276  0.7066E+01  0.9047E+00
 -11.266  0.6862E+01  0.9742E+00
 -11.256  0.6746E+01  0.1042E+01
 -11.246  0.6704E+01  0.1109E+01
 -11.236  0.6651E+01  0.1176E+01
 -11.226  0.6586E+01  0.1242E+01
 -11.216  0.6502E+01  0.1308E+01
 -11.206  0.6399E+01  0.1372E+01
 -11.196  0.6276E+01  0.1436E+01
 -11.186  0.6049E+01  0.1498E+01
 -11.176  0.5755E+01  0.1557E+01
 -11.166  0.5433E+01  0.1613E+01
 -11.156  0.5099E+01  0.1665E+01
 -11.146  0.4740E+01  0.1714E+01
 -11.136  0.4353E+01  0.1760E+01
 -11.126  0.3940E+01  0.1801E+01
 -11.116  0.3499E+01  0.1839E+01
 -11.106  0.3032E+01  0.1871E+01
 -11.096  0.2581E+01  0.1899E+01
 -11.086  0.2183E+01  0.1923E+01
 -11.076  0.1811E+01  0.1943E+01
 -11.066  0.1482E+01  0.1959E+01
 -11.056  0.1199E+01  0.1973E+01
 -11.046  0.9601E+00  0.1984E+01
 -11.036  0.7666E+00  0.1992E+01
 -11.026  0.3482E+00  0.1998E+01
 -11.016  0.6301E-01  0.2000E+01
 -11.006  0.3581E+02  0.2316E+01
 -10.996  0.3311E+02  0.2661E+01
 -10.986  0.3032E+02  0.2978E+01
 -10.976  0.2745E+02  0.3267E+01
 -10.966  0.2850E+02  0.3531E+01
 -10.956  0.2581E+02  0.3802E+01
 -10.946  0.1811E+02  0.3999E+01
 -10.936  0.1987E+02  0.4185E+01
 -10.926  0.1908E+02  0.4387E+01
 -10.916  0.1765E+02  0.4569E+01
 -10.906  0.1747E+02  0.4745E+01
 -10.896  0.1718E+02  0.4918E+01
 -10.886  0.1675E+02  0.5088E+01
 -10.876  0.2161E+02  0.5273E+01
 -10.866  0.2121E+02  0.5486E+01
 -10.856  0.2116E+02  0.5709E+01
 -10.846  0.1440E+02  0.5887E+01
 -10.836  0.5945E+01  0.5990E+01
 -10.826  0.0000E+00  0.6000E+01
 -10.816  0.0000E+00  0.6000E+01
 -10.806  0.0000E+00  0.6000E+01
 -10.796  0.0000E+00  0.6000E+01
 -10.786  0.0000E+00  0.6000E+01
 -10.776  0.0000E+00  0.6000E+01
 -10.766  0.0000E+00  0.6000E+01
 -10.756  0.0000E+00  0.6000E+01
 -10.746  0.0000E+00  0.6000E+01
 -10.736  0.0000E+00  0.6000E+01
 -10.726  0.0000E+00  0.6000E+01
 -10.716  0.0000E+00  0.6000E+01
 -10.706  0.0000E+00  0.6000E+01
 -10.696  0.0000E+00  0.6000E+01
 -10.686  0.0000E+00  0.6000E+01
 -10.676  0.0000E+00  0.6000E+01
 -10.666  0.0000E+00  0.6000E+01
 -10.656  0.0000E+00  0.6000E+01
 -10.646  0.0000E+00  0.6000E+01
 -10.636  0.0000E+00  0.6000E+01
 -10.626  0.0000E+00  0.6000E+01
 -10.616  0.0000E+00  0.6000E+01
 -10.606  0.0000E+00  0.6000E+01
 -10.596  0.0000E+00  0.6000E+01
 -10.586  0.0000E+00  0.6000E+01
 -10.576  0.0000E+00  0.6000E+01
 -10.566  0.0000E+00  0.6000E+01
 -10.556  0.0000E+00  0.6000E+01
 -10.546  0.0000E+00  0.6000E+01
 -10.536  0.0000E+00  0.6000E+01
 -10.526  0.0000E+00  0.6000E+01
 -10.516  0.0000E+00  0.6000E+01
 -10.506  0.0000E+00  0.6000E+01
 -10.496  0.0000E+00  0.6000E+01
 -10.486  0.0000E+00  0.6000E+01
 -10.476  0.0000E+00  0.6000E+01
 -10.466  0.0000E+00  0.6000E+01
 -10.456  0.0000E+00  0.6000E+01
 -10.446  0.0000E+00  0.6000E+01
 -10.436  0.0000E+00  0.6000E+01
 -10.426  0.0000E+00  0.6000E+01
 -10.416  0.0000E+00  0.6000E+01
 -10.406  0.0000E+00  0.6000E+01
 -10.396  0.0000E+00  0.6000E+01
 -10.386  0.0000E+00  0.6000E+01
 -10.376  0.0000E+00  0.6000E+01
 -10.366  0.0000E+00  0.6000E+01
 -10.356  0.0000E+00  0.6000E+01
 -10.346  0.0000E+00  0.6000E+01
 -10.336  0.0000E+00  0.6000E+01
 -10.326  0.0000E+00  0.6000E+01
 -10.316  0.0000E+00  0.6000E+01
 -10.306  0.0000E+00  0.6000E+01
 -10.296  0.0000E+00  0.6000E+01
 -10.286  0.0000E+00  0.6000E+01
 -10.276  0.0000E+00  0.6000E+01
 -10.266  0.0000E+00  0.6000E+01
 -10.256  0.0000E+00  0.6000E+01
 -10.246  0.0000E+00  0.6000E+01
 -10.236  0.0000E+00  0.6000E+01
 -10.226  0.0000E+00  0.6000E+01
 -10.216  0.0000E+00  0.6000E+01
 -10.206  0.0000E+00  0.6000E+01
 -10.196  0.0000E+00  0.6000E+01
 -10.186  0.0000E+00  0.6000E+01
 -10.176  0.0000E+00  0.6000E+01
 -10.166  0.0000E+00  0.6000E+01
 -10.156  0.0000E+00  0.6000E+01
 -10.146  0.0000E+00  0.6000E+01
 -10.136  0.0000E+00  0.6000E+01
 -10.126  0.0000E+00  0.6000E+01
 -10.116  0.0000E+00  0.6000E+01
 -10.106  0.0000E+00  0.6000E+01
 -10.096  0.0000E+00  0.6000E+01
 -10.086  0.0000E+00  0.6000E+01
 -10.076  0.0000E+00  0.6000E+01
 -10.066  0.0000E+00  0.6000E+01
 -10.056  0.0000E+00  0.6000E+01
 -10.046  0.0000E+00  0.6000E+01
 -10.036  0.0000E+00  0.6000E+01
 -10.026  0.0000E+00  0.6000E+01
 -10.016  0.0000E+00  0.6000E+01
 -10.006  0.0000E+00  0.6000E+01
  -9.996  0.0000E+00  0.6000E+01
  -9.986  0.0000E+00  0.6000E+01
  -9.976  0.0000E+00  0.6000E+01
  -9.966  0.0000E+00  0.6000E+01
  -9.956  0.0000E+00  0.6000E+01
  -9.946  0.0000E+00  0.6000E+01
  -9.936  0.0000E+00  0.6000E+01
  -9.926  0.0000E+00  0.6000E+01
  -9.916  0.0000E+00  0.6000E+01
  -9.906  0.0000E+00  0.6000E+01
  -9.896  0.0000E+00  0.6000E+01
  -9.886  0.0000E+00  0.6000E+01
  -9.876  0.0000E+00  0.6000E+01
  -9.866  0.0000E+00  0.6000E+01
  -9.856  0.0000E+00  0.6000E+01
  -9.846  0.0000E+00  0.6000E+01
  -9.836  0.0000E+00  0.6000E+01
  -9.826  0.0000E+00  0.6000E+01
  -9.816  0.0000E+00  0.6000E+01
  -9.806  0.0000E+00  0.6000E+01
  -9.796  0.0000E+00  0.6000E+01
  -9.786  0.0000E+00  0.6000E+01
  -9.776  0.0000E+00  0.6000E+01
  -9.766  0.0000E+00  0.6000E+01
  -9.756  0.0000E+00  0.6000E+01
  -9.746  0.0000E+00  0.6000E+01
  -9.736  0.0000E+00  0.6000E+01
  -9.726  0.0000E+00  0.6000E+01
  -9.716  0.0000E+00  0.6000E+01
  -9.706  0.0000E+00  0.6000E+01
  -9.696  0.0000E+00  0.6000E+01
  -9.686  0.0000E+00  0.6000E+01
  -9.676  0.0000E+00  0.6000E+01
  -9.666  0.0000E+00  0.6000E+01
  -9.656  0.0000E+00  0.6000E+01
  -9.646  0.0000E+00  0.6000E+01
  -9.636  0.0000E+00  0.6000E+01
  -9.626  0.0000E+00  0.6000E+01
  -9.616  0.0000E+00  0.6000E+01
  -9.606  0.0000E+00  0.6000E+01
  -9.596  0.0000E+00  0.6000E+01
  -9.586  0.0000E+00  0.6000E+01
  -9.576  0.0000E+00  0.6000E+01
  -9.566  0.0000E+00  0.6000E+01
  -9.556  0.0000E+00  0.6000E+01
  -9.546  0.0000E+00  0.6000E+01
  -9.536  0.0000E+00  0.6000E+01
  -9.526  0.0000E+00  0.6000E+01
  -9.516  0.0000E+00  0.6000E+01
  -9.506  0.0000E+00  0.6000E+01
  -9.496  0.0000E+00  0.6000E+01
  -9.486  0.0000E+00  0.6000E+01
  -9.476  0.0000E+00  0.6000E+01
  -9.466  0.0000E+00  0.6000E+01
  -9.456  0.0000E+00  0.6000E+01
  -9.446  0.0000E+00  0.6000E+01
  -9.436  0.0000E+00  0.6000E+01
  -9.426  0.0000E+00  0.6000E+01
  -9.416  0.0000E+00  0.6000E+01
  -9.406  0.0000E+00  0.6000E+01
  -9.396  0.0000E+00  0.6000E+01
  -9.386  0.0000E+00  0.6000E+01
  -9.376  0.0000E+00  0.6000E+01
  -9.366  0.0000E+00  0.6000E+01
  -9.356  0.0000E+00  0.6000E+01
  -9.346  0.0000E+00  0.6000E+01
  -9.336  0.0000E+00  0.6000E+01
  -9.326  0.0000E+00  0.6000E+01
  -9.316  0.0000E+00  0.6000E+01
  -9.306  0.0000E+00  0.6000E+01
  -9.296  0.0000E+00  0.6000E+01
  -9.286  0.0000E+00  0.6000E+01
  -9.276  0.0000E+00  0.6000E+01
  -9.266  0.0000E+00  0.6000E+01
  -9.256  0.0000E+00  0.6000E+01
  -9.246  0.0000E+00  0.6000E+01
  -9.236  0.0000E+00  0.6000E+01
  -9.226  0.0000E+00  0.6000E+01
  -9.216  0.0000E+00  0.6000E+01
  -9.206  0.0000E+00  0.6000E+01
  -9.196  0.0000E+00  0.6000E+01
  -9.186  0.0000E+00  0.6000E+01
  -9.176  0.0000E+00  0.6000E+01
  -9.166  0.0000E+00  0.6000E+01
  -9.156  0.0000E+00  0.6000E+01
  -9.146  0.0000E+00  0.6000E+01
  -9.136  0.0000E+00  0.6000E+01
  -9.126  0.0000E+00  0.6000E+01
  -9.116  0.0000E+00  0.6000E+01
  -9.106  0.0000E+00  0.6000E+01
  -9.096  0.0000E+00  0.6000E+01
  -9.086  0.0000E+00  0.6000E+01
  -9.076  0.0000E+00  0.6000E+01
  -9.066  0.0000E+00  0.6000E+01
  -9.056  0.0000E+00  0.6000E+01
  -9.046  0.0000E+00  0.6000E+01
  -9.036  0.0000E+00  0.6000E+01
  -9.026  0.0000E+00  0.6000E+01
  -9.016  0.0000E+00  0.6000E+01
  -9.006  0.0000E+00  0.6000E+01
  -8.996  0.0000E+00  0.6000E+01
  -8.986  0.0000E+00  0.6000E+01
  -8.976  0.0000E+00  0.6000E+01
  -8.966  0.0000E+00  0.6000E+01
  -8.956  0.0000E+00  0.6000E+01
  -8.946  0.0000E+00  0.6000E+01
  -8.936  0.0000E+00  0.6000E+01
  -8.926  0.0000E+00  0.6000E+01
  -8.916  0.0000E+00  0.6000E+01
  -8.906  0.0000E+00  0.6000E+01
  -8.896  0.0000E+00  0.6000E+01
  -8.886  0.0000E+00  0.6000E+01
  -8.876  0.0000E+00  0.6000E+01
  -8.866  0.0000E+00  0.6000E+01
  -8.856  0.0000E+00  0.6000E+01
  -8.846  0.0000E+00  0.6000E+01
  -8.836  0.0000E+00  0.6000E+01
  -8.826  0.0000E+00  0.6000E+01
  -8.816  0.0000E+00  0.6000E+01
  -8.806  0.0000E+00  0.6000E+01
  -8.796  0.0000E+00  0.6000E+01
  -8.786  0.0000E+00  0.6000E+01
  -8.776  0.0000E+00  0.6000E+01
  -8.766  0.0000E+00  0.6000E+01
  -8.756  0.0000E+00  0.6000E+01
  -8.746  0.0000E+00  0.6000E+01
  -8.736  0.0000E+00  0.6000E+01
  -8.726  0.0000E+00  0.6000E+01
  -8.716  0.0000E+00  0.6000E+01
  -8.706  0.0000E+00  0.6000E+01
  -8.696  0.0000E+00  0.6000E+01
  -8.686  0.0000E+00  0.6000E+01
  -8.676  0.0000E+00  0.6000E+01
  -8.666  0.0000E+00  0.6000E+01
  -8.656  0.0000E+00  0.6000E+01
  -8.646  0.0000E+00  0.6000E+01
  -8.636  0.0000E+00  0.6000E+01
  -8.626  0.0000E+00  0.6000E+01
  -8.616  0.0000E+00  0.6000E+01
  -8.606  0.0000E+00  0.6000E+01
  -8.596  0.0000E+00  0.6000E+01
  -8.586  0.0000E+00  0.6000E+01
  -8.576  0.0000E+00  0.6000E+01
  -8.566  0.0000E+00  0.6000E+01
  -8.556  0.0000E+00  0.6000E+01
  -8.546  0.0000E+00  0.6000E+01
  -8.536  0.0000E+00  0.6000E+01
  -8.526  0.0000E+00  0.6000E+01
  -8.516  0.0000E+00  0.6000E+01
  -8.506  0.0000E+00  0.6000E+01
  -8.496  0.0000E+00  0.6000E+01
  -8.486  0.0000E+00  0.6000E+01
  -8.476  0.0000E+00  0.6000E+01
  -8.466  0.0000E+00  0.6000E+01
  -8.456  0.0000E+00  0.6000E+01
  -8.446  0.0000E+00  0.6000E+01
  -8.436  0.0000E+00  0.6000E+01
  -8.426  0.0000E+00  0.6000E+01
  -8.416  0.0000E+00  0.6000E+01
  -8.406  0.0000E+00  0.6000E+01
  -8.396  0.0000E+00  0.6000E+01
  -8.386  0.0000E+00  0.6000E+01
  -8.376  0.0000E+00  0.6000E+01
  -8.366  0.0000E+00  0.6000E+01
  -8.356  0.0000E+00  0.6000E+01
  -8.346  0.0000E+00  0.6000E+01
  -8.336  0.0000E+00  0.6000E+01
  -8.326  0.0000E+00  0.6000E+01
  -8.316  0.0000E+00  0.6000E+01
  -8.306  0.0000E+00  0.6000E+01
  -8.296  0.0000E+00  0.6000E+01
  -8.286  0.0000E+00  0.6000E+01
  -8.276  0.0000E+00  0.6000E+01
  -8.266  0.0000E+00  0.6000E+01
  -8.256  0.0000E+00  0.6000E+01
  -8.246  0.0000E+00  0.6000E+01
  -8.236  0.0000E+00  0.6000E+01
  -8.226  0.0000E+00  0.6000E+01
  -8.216  0.0000E+00  0.6000E+01
  -8.206  0.0000E+00  0.6000E+01
  -8.196  0.0000E+00  0.6000E+01
  -8.186  0.0000E+00  0.6000E+01
  -8.176  0.0000E+00  0.6000E+01
  -8.166  0.0000E+00  0.6000E+01
  -8.156  0.0000E+00  0.6000E+01
  -8.146  0.0000E+00  0.6000E+01
  -8.136  0.0000E+00  0.6000E+01
  -8.126  0.0000E+00  0.6000E+01
  -8.116  0.0000E+00  0.6000E+01
  -8.106  0.0000E+00  0.6000E+01
  -8.096  0.0000E+00  0.6000E+01
  -8.086  0.0000E+00  0.6000E+01
  -8.076  0.0000E+00  0.6000E+01
  -8.066  0.0000E+00  0.6000E+01
  -8.056  0.0000E+00  0.6000E+01
  -8.046  0.0000E+00  0.6000E+01
  -8.036  0.0000E+00  0.6000E+01
  -8.026  0.0000E+00  0.6000E+01
  -8.016  0.0000E+00  0.6000E+01
  -8.006  0.0000E+00  0.6000E+01
  -7.996  0.0000E+00  0.6000E+01
  -7.986  0.0000E+00  0.6000E+01
  -7.976  0.0000E+00  0.6000E+01
  -7.966  0.0000E+00  0.6000E+01
  -7.956  0.0000E+00  0.6000E+01
  -7.946  0.0000E+00  0.6000E+01
  -7.936  0.0000E+00  0.6000E+01
  -7.926  0.0000E+00  0.6000E+01
  -7.916  0.0000E+00  0.6000E+01
  -7.906  0.0000E+00  0.6000E+01
  -7.896  0.0000E+00  0.6000E+01
  -7.886  0.1476E-03  0.6000E+01
  -7.876  0.3568E-02  0.6000E+01
  -7.866  0.1152E-01  0.6000E+01
  -7.856  0.2400E-01  0.6000E+01
  -7.846  0.4101E-01  0.6001E+01
  -7.836  0.6254E-01  0.6001E+01
  -7.826  0.8861E-01  0.6002E+01
  -7.816  0.1192E+00  0.6003E+01
  -7.806  0.1543E+00  0.6004E+01
  -7.796  0.1940E+00  0.6006E+01
  -7.786  0.2382E+00  0.6008E+01
  -7.776  0.2869E+00  0.6011E+01
  -7.766  0.3404E+00  0.6014E+01
  -7.756  0.3936E+00  0.6018E+01
  -7.746  0.4438E+00  0.6022E+01
  -7.736  0.4910E+00  0.6026E+01
  -7.726  0.5351E+00  0.6032E+01
  -7.716  0.5762E+00  0.6037E+01
  -7.706  0.6143E+00  0.6043E+01
  -7.696  0.6494E+00  0.6049E+01
  -7.686  0.6814E+00  0.6056E+01
  -7.676  0.7104E+00  0.6063E+01
  -7.666  0.7363E+00  0.6070E+01
  -7.656  0.7593E+00  0.6078E+01
  -7.646  0.7799E+00  0.6085E+01
  -7.636  0.8018E+00  0.6093E+01
  -7.626  0.8251E+00  0.6101E+01
  -7.616  0.8498E+00  0.6110E+01
  -7.606  0.8759E+00  0.6118E+01
  -7.596  0.9035E+00  0.6127E+01
  -7.586  0.9325E+00  0.6137E+01
  -7.576  0.9630E+00  0.6146E+01
  -7.566  0.9948E+00  0.6156E+01
  -7.556  0.1028E+01  0.6166E+01
  -7.546  0.1063E+01  0.6176E+01
  -7.536  0.1099E+01  0.6187E+01
  -7.526  0.1135E+01  0.6198E+01
  -7.516  0.1172E+01  0.6210E+01
  -7.506  0.1211E+01  0.6222E+01
  -7.496  0.1256E+01  0.6234E+01
  -7.486  0.1307E+01  0.6247E+01
  -7.476  0.1364E+01  0.6260E+01
  -7.466  0.1426E+01  0.6274E+01
  -7.456  0.1495E+01  0.6289E+01
  -7.446  0.1570E+01  0.6304E+01
  -7.436  0.1651E+01  0.6320E+01
  -7.426  0.1739E+01  0.6337E+01
  -7.416  0.1832E+01  0.6355E+01
  -7.406  0.1931E+01  0.6374E+01
  -7.396  0.2036E+01  0.6394E+01
  -7.386  0.2143E+01  0.6415E+01
  -7.376  0.2249E+01  0.6437E+01
  -7.366  0.2355E+01  0.6460E+01
  -7.356  0.2449E+01  0.6484E+01
  -7.346  0.2529E+01  0.6509E+01
  -7.336  0.2596E+01  0.6534E+01
  -7.326  0.2649E+01  0.6560E+01
  -7.316  0.2690E+01  0.6587E+01
  -7.306  0.2716E+01  0.6614E+01
  -7.296  0.2730E+01  0.6641E+01
  -7.286  0.2730E+01  0.6669E+01
  -7.276  0.2718E+01  0.6696E+01
  -7.266  0.2695E+01  0.6723E+01
  -7.256  0.2661E+01  0.6750E+01
  -7.246  0.2629E+01  0.6776E+01
  -7.236  0.2600E+01  0.6802E+01
  -7.226  0.2574E+01  0.6828E+01
  -7.216  0.2551E+01  0.6854E+01
  -7.206  0.2531E+01  0.6879E+01
  -7.196  0.2515E+01  0.6905E+01
  -7.186  0.2501E+01  0.6930E+01
  -7.176  0.2491E+01  0.6955E+01
  -7.166  0.2484E+01  0.6979E+01
  -7.156  0.2481E+01  0.7004E+01
  -7.146  0.2480E+01  0.7029E+01
  -7.136  0.2480E+01  0.7054E+01
  -7.126  0.2481E+01  0.7079E+01
  -7.116  0.2483E+01  0.7103E+01
  -7.106  0.2486E+01  0.7128E+01
  -7.096  0.2489E+01  0.7153E+01
  -7.086  0.2494E+01  0.7178E+01
  -7.076  0.2499E+01  0.7203E+01
  -7.066  0.2505E+01  0.7228E+01
  -7.056  0.2512E+01  0.7253E+01
  -7.046  0.2520E+01  0.7278E+01
  -7.036  0.2528E+01  0.7304E+01
  -7.026  0.2536E+01  0.7329E+01
  -7.016  0.2544E+01  0.7354E+01
  -7.006  0.2547E+01  0.7380E+01
  -6.996  0.2541E+01  0.7405E+01
  -6.986  0.2526E+01  0.7431E+01
  -6.976  0.2502E+01  0.7456E+01
  -6.966  0.2469E+01  0.7481E+01
  -6.956  0.2428E+01  0.7505E+01
  -6.946  0.2377E+01  0.7529E+01
  -6.936  0.2317E+01  0.7553E+01
  -6.926  0.2248E+01  0.7575E+01
  -6.916  0.2170E+01  0.7597E+01
  -6.906  0.2083E+01  0.7619E+01
  -6.896  0.1991E+01  0.7639E+01
  -6.886  0.1896E+01  0.7659E+01
  -6.876  0.1796E+01  0.7677E+01
  -6.866  0.1695E+01  0.7694E+01
  -6.856  0.1600E+01  0.7711E+01
  -6.846  0.1512E+01  0.7727E+01
  -6.836  0.1429E+01  0.7741E+01
  -6.826  0.1353E+01  0.7755E+01
  -6.816  0.1283E+01  0.7768E+01
  -6.806  0.1219E+01  0.7781E+01
  -6.796  0.1161E+01  0.7793E+01
  -6.786  0.1110E+01  0.7804E+01
  -6.776  0.1065E+01  0.7815E+01
  -6.766  0.1027E+01  0.7825E+01
  -6.756  0.9925E+00  0.7835E+01
  -6.746  0.9589E+00  0.7845E+01
  -6.736  0.9261E+00  0.7855E+01
  -6.726  0.8941E+00  0.7864E+01
  -6.716  0.8629E+00  0.7873E+01
  -6.706  0.8325E+00  0.7881E+01
  -6.696  0.8028E+00  0.7889E+01
  -6.686  0.7739E+00  0.7897E+01
  -6.676  0.7458E+00  0.7905E+01
  -6.666  0.7184E+00  0.7912E+01
  -6.656  0.6916E+00  0.7919E+01
  -6.646  0.6641E+00  0.7926E+01
  -6.636  0.6361E+00  0.7932E+01
  -6.626  0.6075E+00  0.7939E+01
  -6.616  0.5785E+00  0.7944E+01
  -6.606  0.5489E+00  0.7950E+01
  -6.596  0.5187E+00  0.7955E+01
  -6.586  0.4881E+00  0.7960E+01
  -6.576  0.4569E+00  0.7965E+01
  -6.566  0.4252E+00  0.7970E+01
  -6.556  0.3930E+00  0.7974E+01
  -6.546  0.3602E+00  0.7977E+01
  -6.536  0.3269E+00  0.7981E+01
  -6.526  0.2931E+00  0.7984E+01
  -6.516  0.2588E+00  0.7987E+01
  -6.506  0.2259E+00  0.7989E+01
  -6.496  0.1955E+00  0.7991E+01
  -6.486  0.1674E+00  0.7993E+01
  -6.476  0.1414E+00  0.7995E+01
  -6.466  0.1176E+00  0.7996E+01
  -6.456  0.9599E-01  0.7997E+01
  -6.446  0.7658E-01  0.7998E+01
  -6.436  0.5935E-01  0.7999E+01
  -6.426  0.4432E-01  0.7999E+01
  -6.416  0.3148E-01  0.7999E+01
  -6.406  0.2083E-01  0.8000E+01
  -6.396  0.1237E-01  0.8000E+01
  -6.386  0.6106E-02  0.8000E+01
  -6.376  0.2029E-02  0.8000E+01
  -6.366  0.1428E-03  0.8000E+01
  -6.356  0.0000E+00  0.8000E+01
  -6.346  0.0000E+00  0.8000E+01
  -6.336  0.0000E+00  0.8000E+01
  -6.326  0.0000E+00  0.8000E+01
  -6.316  0.0000E+00  0.8000E+01
  -6.306  0.0000E+00  0.8000E+01
  -6.296  0.0000E+00  0.8000E+01
  -6.286  0.0000E+00  0.8000E+01
  -6.276  0.0000E+00  0.8000E+01
  -6.266  0.0000E+00  0.8000E+01
  -6.256  0.0000E+00  0.8000E+01
  -6.246  0.0000E+00  0.8000E+01
  -6.236  0.0000E+00  0.8000E+01
  -6.226  0.0000E+00  0.8000E+01
  -6.216  0.0000E+00  0.8000E+01
  -6.206  0.0000E+00  0.8000E+01
  -6.196  0.0000E+00  0.8000E+01
  -6.186  0.0000E+00  0.8000E+01
  -6.176  0.0000E+00  0.8000E+01
  -6.166  0.0000E+00  0.8000E+01
  -6.156  0.0000E+00  0.8000E+01
  -6.146  0.0000E+00  0.8000E+01
  -6.136  0.0000E+00  0.8000E+01
  -6.126  0.0000E+00  0.8000E+01
  -6.116  0.0000E+00  0.8000E+01
  -6.106  0.0000E+00  0.8000E+01
  -6.096  0.0000E+00  0.8000E+01
  -6.086  0.0000E+00  0.8000E+01
  -6.076  0.0000E+00  0.8000E+01
  -6.066  0.0000E+00  0.8000E+01
  -6.056  0.0000E+00  0.8000E+01
  -6.046  0.0000E+00  0.8000E+01
  -6.036  0.0000E+00  0.8000E+01
  -6.026  0.0000E+00  0.8000E+01
  -6.016  0.0000E+00  0.8000E+01
  -6.006  0.0000E+00  0.8000E+01
  -5.996  0.0000E+00  0.8000E+01
  -5.986  0.0000E+00  0.8000E+01
  -5.976  0.0000E+00  0.8000E+01
  -5.966  0.0000E+00  0.8000E+01
  -5.956  0.0000E+00  0.8000E+01
  -5.946  0.0000E+00  0.8000E+01
  -5.936  0.0000E+00  0.8000E+01
  -5.926  0.0000E+00  0.8000E+01
  -5.916  0.0000E+00  0.8000E+01
  -5.906  0.0000E+00  0.8000E+01
  -5.896  0.0000E+00  0.8000E+01
  -5.886  0.0000E+00  0.8000E+01
  -5.876  0.0000E+00  0.8000E+01
  -5.866  0.0000E+00  0.8000E+01
  -5.856  0.0000E+00  0.8000E+01
  -5.846  0.0000E+00  0.8000E+01
  -5.836  0.0000E+00  0.8000E+01
  -5.826  0.0000E+00  0.8000E+01
  -5.816  0.0000E+00  0.8000E+01
  -5.806  0.0000E+00  0.8000E+01
  -5.796  0.0000E+00  0.8000E+01
  -5.786  0.0000E+00  0.8000E+01
  -5.776  0.0000E+00  0.8000E+01
  -5.766  0.0000E+00  0.8000E+01
  -5.756  0.0000E+00  0.8000E+01
  -5.746  0.0000E+00  0.8000E+01
  -5.736  0.0000E+00  0.8000E+01
  -5.726  0.0000E+00  0.8000E+01
  -5.716  0.0000E+00  0.8000E+01
  -5.706  0.0000E+00  0.8000E+01
  -5.696  0.0000E+00  0.8000E+01
  -5.686  0.0000E+00  0.8000E+01
  -5.676  0.0000E+00  0.8000E+01
  -5.666  0.0000E+00  0.8000E+01
  -5.656  0.0000E+00  0.8000E+01
  -5.646  0.0000E+00  0.8000E+01
  -5.636  0.0000E+00  0.8000E+01
  -5.626  0.0000E+00  0.8000E+01
  -5.616  0.0000E+00  0.8000E+01
  -5.606  0.0000E+00  0.8000E+01
  -5.596  0.0000E+00  0.8000E+01
  -5.586  0.0000E+00  0.8000E+01
  -5.576  0.0000E+00  0.8000E+01
  -5.566  0.0000E+00  0.8000E+01
  -5.556  0.0000E+00  0.8000E+01
  -5.546  0.0000E+00  0.8000E+01
  -5.536  0.0000E+00  0.8000E+01
  -5.526  0.0000E+00  0.8000E+01
  -5.516  0.0000E+00  0.8000E+01
  -5.506  0.0000E+00  0.8000E+01
  -5.496  0.0000E+00  0.8000E+01
  -5.486  0.0000E+00  0.8000E+01
  -5.476  0.0000E+00  0.8000E+01
  -5.466  0.0000E+00  0.8000E+01
  -5.456  0.0000E+00  0.8000E+01
  -5.446  0.0000E+00  0.8000E+01
  -5.436  0.0000E+00  0.8000E+01
  -5.426  0.0000E+00  0.8000E+01
  -5.416  0.0000E+00  0.8000E+01
  -5.406  0.0000E+00  0.8000E+01
  -5.396  0.0000E+00  0.8000E+01
  -5.386  0.0000E+00  0.8000E+01
  -5.376  0.0000E+00  0.8000E+01
  -5.366  0.0000E+00  0.8000E+01
  -5.356  0.0000E+00  0.8000E+01
  -5.346  0.0000E+00  0.8000E+01
  -5.336  0.0000E+00  0.8000E+01
  -5.326  0.0000E+00  0.8000E+01
  -5.316  0.0000E+00  0.8000E+01
  -5.306  0.0000E+00  0.8000E+01
  -5.296  0.0000E+00  0.8000E+01
  -5.286  0.0000E+00  0.8000E+01
  -5.276  0.0000E+00  0.8000E+01
  -5.266  0.0000E+00  0.8000E+01
  -5.256  0.0000E+00  0.8000E+01
  -5.246  0.0000E+00  0.8000E+01
  -5.236  0.0000E+00  0.8000E+01
  -5.226  0.0000E+00  0.8000E+01
  -5.216  0.0000E+00  0.8000E+01
  -5.206  0.0000E+00  0.8000E+01
  -5.196  0.0000E+00  0.8000E+01
  -5.186  0.0000E+00  0.8000E+01
  -5.176  0.0000E+00  0.8000E+01
  -5.166  0.0000E+00  0.8000E+01
  -5.156  0.0000E+00  0.8000E+01
  -5.146  0.0000E+00  0.8000E+01
  -5.136  0.0000E+00  0.8000E+01
  -5.126  0.0000E+00  0.8000E+01
  -5.116  0.0000E+00  0.8000E+01
  -5.106  0.0000E+00  0.8000E+01
  -5.096  0.0000E+00  0.8000E+01
  -5.086  0.0000E+00  0.8000E+01
  -5.076  0.0000E+00  0.8000E+01
  -5.066  0.0000E+00  0.8000E+01
  -5.056  0.0000E+00  0.8000E+01
  -5.046  0.0000E+00  0.8000E+01
  -5.036  0.0000E+00  0.8000E+01
  -5.026  0.0000E+00  0.8000E+01
  -5.016  0.0000E+00  0.8000E+01
  -5.006  0.0000E+00  0.8000E+01
  -4.996  0.0000E+00  0.8000E+01
  -4.986  0.0000E+00  0.8000E+01
  -4.976  0.0000E+00  0.8000E+01
  -4.966  0.0000E+00  0.8000E+01
  -4.956  0.0000E+00  0.8000E+01
  -4.946  0.0000E+00  0.8000E+01
  -4.936  0.0000E+00  0.8000E+01
  -4.926  0.0000E+00  0.8000E+01
  -4.916  0.0000E+00  0.8000E+01
  -4.906  0.0000E+00  0.8000E+01
  -4.896  0.0000E+00  0.8000E+01
  -4.886  0.0000E+00  0.8000E+01
  -4.876  0.0000E+00  0.8000E+01
  -4.866  0.0000E+00  0.8000E+01
  -4.856  0.0000E+00  0.8000E+01
  -4.846  0.0000E+00  0.8000E+01
  -4.836  0.0000E+00  0.8000E+01
  -4.826  0.0000E+00  0.8000E+01
  -4.816  0.0000E+00  0.8000E+01
  -4.806  0.0000E+00  0.8000E+01
  -4.796  0.0000E+00  0.8000E+01
  -4.786  0.0000E+00  0.8000E+01
  -4.776  0.0000E+00  0.8000E+01
  -4.766  0.0000E+00  0.8000E+01
  -4.756  0.0000E+00  0.8000E+01
  -4.746  0.0000E+00  0.8000E+01
  -4.736  0.0000E+00  0.8000E+01
  -4.726  0.0000E+00  0.8000E+01
  -4.716  0.0000E+00  0.8000E+01
  -4.706  0.0000E+00  0.8000E+01
  -4.696  0.0000E+00  0.8000E+01
  -4.686  0.0000E+00  0.8000E+01
  -4.676  0.0000E+00  0.8000E+01
  -4.666  0.0000E+00  0.8000E+01
  -4.656  0.0000E+00  0.8000E+01
  -4.646  0.0000E+00  0.8000E+01
  -4.636  0.0000E+00  0.8000E+01
  -4.626  0.0000E+00  0.8000E+01
  -4.616  0.0000E+00  0.8000E+01
  -4.606  0.0000E+00  0.8000E+01
  -4.596  0.0000E+00  0.8000E+01
  -4.586  0.0000E+00  0.8000E+01
  -4.576  0.0000E+00  0.8000E+01
  -4.566  0.0000E+00  0.8000E+01
  -4.556  0.0000E+00  0.8000E+01
  -4.546  0.0000E+00  0.8000E+01
  -4.536  0.0000E+00  0.8000E+01
  -4.526  0.0000E+00  0.8000E+01
  -4.516  0.0000E+00  0.8000E+01
  -4.506  0.0000E+00  0.8000E+01
  -4.496  0.0000E+00  0.8000E+01
  -4.486  0.0000E+00  0.8000E+01
  -4.476  0.0000E+00  0.8000E+01
  -4.466  0.0000E+00  0.8000E+01
  -4.456  0.0000E+00  0.8000E+01
  -4.446  0.0000E+00  0.8000E+01
  -4.436  0.0000E+00  0.8000E+01
  -4.426  0.0000E+00  0.8000E+01
  -4.416  0.0000E+00  0.8000E+01
  -4.406  0.0000E+00  0.8000E+01
  -4.396  0.0000E+00  0.8000E+01
  -4.386  0.0000E+00  0.8000E+01
  -4.376  0.0000E+00  0.8000E+01
  -4.366  0.0000E+00  0.8000E+01
  -4.356  0.0000E+00  0.8000E+01
  -4.346  0.0000E+00  0.8000E+01
  -4.336  0.0000E+00  0.8000E+01
  -4.326  0.0000E+00  0.8000E+01
  -4.316  0.0000E+00  0.8000E+01
  -4.306  0.0000E+00  0.8000E+01
  -4.296  0.0000E+00  0.8000E+01
  -4.286  0.0000E+00  0.8000E+01
  -4.276  0.0000E+00  0.8000E+01
  -4.266  0.0000E+00  0.8000E+01
  -4.256  0.0000E+00  0.8000E+01
  -4.246  0.0000E+00  0.8000E+01
  -4.236  0.0000E+00  0.8000E+01
  -4.226  0.0000E+00  0.8000E+01
  -4.216  0.0000E+00  0.8000E+01
  -4.206  0.0000E+00  0.8000E+01
  -4.196  0.0000E+00  0.8000E+01
  -4.186  0.0000E+00  0.8000E+01
  -4.176  0.0000E+00  0.8000E+01
  -4.166  0.0000E+00  0.8000E+01
  -4.156  0.0000E+00  0.8000E+01
  -4.146  0.0000E+00  0.8000E+01
  -4.136  0.0000E+00  0.8000E+01
  -4.126  0.0000E+00  0.8000E+01
  -4.116  0.0000E+00  0.8000E+01
  -4.106  0.0000E+00  0.8000E+01
  -4.096  0.0000E+00  0.8000E+01
  -4.086  0.0000E+00  0.8000E+01
  -4.076  0.0000E+00  0.8000E+01
  -4.066  0.0000E+00  0.8000E+01
  -4.056  0.0000E+00  0.8000E+01
  -4.046  0.0000E+00  0.8000E+01
  -4.036  0.0000E+00  0.8000E+01
  -4.026  0.0000E+00  0.8000E+01
  -4.016  0.0000E+00  0.8000E+01
  -4.006  0.0000E+00  0.8000E+01
  -3.996  0.0000E+00  0.8000E+01
  -3.986  0.0000E+00  0.8000E+01
  -3.976  0.0000E+00  0.8000E+01
  -3.966  0.0000E+00  0.8000E+01
  -3.956  0.0000E+00  0.8000E+01
  -3.946  0.0000E+00  0.8000E+01
  -3.936  0.0000E+00  0.8000E+01
  -3.926  0.0000E+00  0.8000E+01
  -3.916  0.0000E+00  0.8000E+01
  -3.906  0.0000E+00  0.8000E+01
  -3.896  0.0000E+00  0.8000E+01
  -3.886  0.0000E+00  0.8000E+01
  -3.876  0.0000E+00  0.8000E+01
  -3.866  0.0000E+00  0.8000E+01
  -3.856  0.0000E+00  0.8000E+01
  -3.846  0.0000E+00  0.8000E+01
  -3.836  0.0000E+00  0.8000E+01
  -3.826  0.0000E+00  0.8000E+01
  -3.816  0.0000E+00  0.8000E+01
  -3.806  0.0000E+00  0.8000E+01
  -3.796  0.0000E+00  0.8000E+01
  -3.786  0.0000E+00  0.8000E+01
  -3.776  0.0000E+00  0.8000E+01
  -3.766  0.0000E+00  0.8000E+01
  -3.756  0.0000E+00  0.8000E+01
  -3.746  0.0000E+00  0.8000E+01
  -3.736  0.0000E+00  0.8000E+01
  -3.726  0.0000E+00  0.8000E+01
  -3.716  0.0000E+00  0.8000E+01
  -3.706  0.0000E+00  0.8000E+01
  -3.696  0.0000E+00  0.8000E+01
  -3.686  0.0000E+00  0.8000E+01
  -3.676  0.0000E+00  0.8000E+01
  -3.666  0.0000E+00  0.8000E+01
  -3.656  0.0000E+00  0.8000E+01
  -3.646  0.0000E+00  0.8000E+01
  -3.636  0.0000E+00  0.8000E+01
  -3.626  0.0000E+00  0.8000E+01
  -3.616  0.0000E+00  0.8000E+01
  -3.606  0.0000E+00  0.8000E+01
  -3.596  0.0000E+00  0.8000E+01
  -3.586  0.0000E+00  0.8000E+01
  -3.576  0.0000E+00  0.8000E+01
  -3.566  0.0000E+00  0.8000E+01
  -3.556  0.0000E+00  0.8000E+01
  -3.546  0.0000E+00  0.8000E+01
  -3.536  0.0000E+00  0.8000E+01
  -3.526  0.0000E+00  0.8000E+01
  -3.516  0.0000E+00  0.8000E+01
  -3.506  0.0000E+00  0.8000E+01
  -3.496  0.0000E+00  0.8000E+01
  -3.486  0.0000E+00  0.8000E+01
  -3.476  0.0000E+00  0.8000E+01
  -3.466  0.0000E+00  0.8000E+01
  -3.456  0.0000E+00  0.8000E+01
  -3.446  0.0000E+00  0.8000E+01
  -3.436  0.0000E+00  0.8000E+01
  -3.426  0.0000E+00  0.8000E+01
  -3.416  0.0000E+00  0.8000E+01
  -3.406  0.0000E+00  0.8000E+01
  -3.396  0.0000E+00  0.8000E+01
  -3.386  0.0000E+00  0.8000E+01
  -3.376  0.0000E+00  0.8000E+01
  -3.366  0.0000E+00  0.8000E+01
  -3.356  0.0000E+00  0.8000E+01
  -3.346  0.0000E+00  0.8000E+01
  -3.336  0.0000E+00  0.8000E+01
  -3.326  0.0000E+00  0.8000E+01
  -3.316  0.0000E+00  0.8000E+01
  -3.306  0.0000E+00  0.8000E+01
  -3.296  0.0000E+00  0.8000E+01
  -3.286  0.0000E+00  0.8000E+01
  -3.276  0.0000E+00  0.8000E+01
  -3.266  0.0000E+00  0.8000E+01
  -3.256  0.0000E+00  0.8000E+01
  -3.246  0.0000E+00  0.8000E+01
  -3.236  0.0000E+00  0.8000E+01
  -3.226  0.0000E+00  0.8000E+01
  -3.216  0.0000E+00  0.8000E+01
  -3.206  0.0000E+00  0.8000E+01
  -3.196  0.0000E+00  0.8000E+01
  -3.186  0.0000E+00  0.8000E+01
  -3.176  0.0000E+00  0.8000E+01
  -3.166  0.0000E+00  0.8000E+01
  -3.156  0.0000E+00  0.8000E+01
  -3.146  0.0000E+00  0.8000E+01
  -3.136  0.0000E+00  0.8000E+01
  -3.126  0.0000E+00  0.8000E+01
  -3.116  0.0000E+00  0.8000E+01
  -3.106  0.0000E+00  0.8000E+01
  -3.096  0.0000E+00  0.8000E+01
  -3.086  0.0000E+00  0.8000E+01
  -3.076  0.0000E+00  0.8000E+01
  -3.066  0.0000E+00  0.8000E+01
  -3.056  0.0000E+00  0.8000E+01
  -3.046  0.0000E+00  0.8000E+01
  -3.036  0.0000E+00  0.8000E+01
  -3.026  0.0000E+00  0.8000E+01
  -3.016  0.0000E+00  0.8000E+01
  -3.006  0.0000E+00  0.8000E+01
  -2.996  0.0000E+00  0.8000E+01
  -2.986  0.0000E+00  0.8000E+01
  -2.976  0.0000E+00  0.8000E+01
  -2.966  0.0000E+00  0.8000E+01
  -2.956  0.0000E+00  0.8000E+01
  -2.946  0.0000E+00  0.8000E+01
  -2.936  0.0000E+00  0.8000E+01
  -2.926  0.0000E+00  0.8000E+01
  -2.916  0.0000E+00  0.8000E+01
  -2.906  0.0000E+00  0.8000E+01
  -2.896  0.0000E+00  0.8000E+01
  -2.886  0.0000E+00  0.8000E+01
  -2.876  0.0000E+00  0.8000E+01
  -2.866  0.0000E+00  0.8000E+01
  -2.856  0.0000E+00  0.8000E+01
  -2.846  0.0000E+00  0.8000E+01
  -2.836  0.0000E+00  0.8000E+01
  -2.826  0.0000E+00  0.8000E+01
  -2.816  0.0000E+00  0.8000E+01
  -2.806  0.0000E+00  0.8000E+01
  -2.796  0.0000E+00  0.8000E+01
  -2.786  0.0000E+00  0.8000E+01
  -2.776  0.1207E+00  0.8000E+01
  -2.766  0.6147E+00  0.8004E+01
  -2.756  0.1438E+01  0.8014E+01
  -2.746  0.1899E+01  0.8031E+01
  -2.736  0.1868E+01  0.8050E+01
  -2.726  0.1740E+01  0.8068E+01
  -2.716  0.1941E+01  0.8086E+01
  -2.706  0.2153E+01  0.8106E+01
  -2.696  0.2420E+01  0.8129E+01
  -2.686  0.2918E+01  0.8156E+01
  -2.676  0.3662E+01  0.8188E+01
  -2.666  0.4188E+01  0.8228E+01
  -2.656  0.4172E+01  0.8270E+01
  -2.646  0.3783E+01  0.8311E+01
  -2.636  0.3525E+01  0.8346E+01
  -2.626  0.3738E+01  0.8382E+01
  -2.616  0.3933E+01  0.8421E+01
  -2.606  0.4110E+01  0.8461E+01
  -2.596  0.4275E+01  0.8503E+01
  -2.586  0.4431E+01  0.8546E+01
  -2.576  0.4578E+01  0.8591E+01
  -2.566  0.4707E+01  0.8638E+01
  -2.556  0.4794E+01  0.8685E+01
  -2.546  0.4840E+01  0.8734E+01
  -2.536  0.4843E+01  0.8782E+01
  -2.526  0.4818E+01  0.8830E+01
  -2.516  0.4793E+01  0.8878E+01
  -2.506  0.4768E+01  0.8926E+01
  -2.496  0.4743E+01  0.8974E+01
  -2.486  0.4718E+01  0.9021E+01
  -2.476  0.4693E+01  0.9068E+01
  -2.466  0.4669E+01  0.9115E+01
  -2.456  0.4644E+01  0.9162E+01
  -2.446  0.4660E+01  0.9208E+01
  -2.436  0.4766E+01  0.9255E+01
  -2.426  0.4808E+01  0.9303E+01
  -2.416  0.4789E+01  0.9351E+01
  -2.406  0.4764E+01  0.9399E+01
  -2.396  0.4751E+01  0.9446E+01
  -2.386  0.4821E+01  0.9494E+01
  -2.376  0.4889E+01  0.9543E+01
  -2.366  0.4954E+01  0.9592E+01
  -2.356  0.5017E+01  0.9642E+01
  -2.346  0.5035E+01  0.9692E+01
  -2.336  0.5046E+01  0.9743E+01
  -2.326  0.5075E+01  0.9793E+01
  -2.316  0.5133E+01  0.9844E+01
  -2.306  0.5141E+01  0.9896E+01
  -2.296  0.5098E+01  0.9947E+01
  -2.286  0.4895E+01  0.9997E+01
  -2.276  0.4576E+01  0.1004E+02
  -2.266  0.4270E+01  0.1009E+02
  -2.256  0.3978E+01  0.1013E+02
  -2.246  0.3700E+01  0.1017E+02
  -2.236  0.3450E+01  0.1020E+02
  -2.226  0.3143E+01  0.1024E+02
  -2.216  0.2857E+01  0.1027E+02
  -2.206  0.2593E+01  0.1029E+02
  -2.196  0.2347E+01  0.1032E+02
  -2.186  0.2285E+01  0.1034E+02
  -2.176  0.2241E+01  0.1036E+02
  -2.166  0.2212E+01  0.1039E+02
  -2.156  0.2197E+01  0.1041E+02
  -2.146  0.2195E+01  0.1043E+02
  -2.136  0.2196E+01  0.1045E+02
  -2.126  0.2197E+01  0.1047E+02
  -2.116  0.2197E+01  0.1050E+02
  -2.106  0.2198E+01  0.1052E+02
  -2.096  0.2199E+01  0.1054E+02
  -2.086  0.2200E+01  0.1056E+02
  -2.076  0.2201E+01  0.1058E+02
  -2.066  0.2203E+01  0.1061E+02
  -2.056  0.2204E+01  0.1063E+02
  -2.046  0.2205E+01  0.1065E+02
  -2.036  0.2206E+01  0.1067E+02
  -2.026  0.2208E+01  0.1069E+02
  -2.016  0.2209E+01  0.1072E+02
  -2.006  0.2211E+01  0.1074E+02
  -1.996  0.2212E+01  0.1076E+02
  -1.986  0.2214E+01  0.1078E+02
  -1.976  0.2215E+01  0.1081E+02
  -1.966  0.2217E+01  0.1083E+02
  -1.956  0.2219E+01  0.1085E+02
  -1.946  0.2221E+01  0.1087E+02
  -1.936  0.2222E+01  0.1089E+02
  -1.926  0.2224E+01  0.1092E+02
  -1.916  0.2226E+01  0.1094E+02
  -1.906  0.2228E+01  0.1096E+02
  -1.896  0.2231E+01  0.1098E+02
  -1.886  0.2233E+01  0.1101E+02
  -1.876  0.2235E+01  0.1103E+02
  -1.866  0.2237E+01  0.1105E+02
  -1.856  0.2239E+01  0.1107E+02
  -1.846  0.2242E+01  0.1110E+02
  -1.836  0.2244E+01  0.1112E+02
  -1.826  0.2247E+01  0.1114E+02
  -1.816  0.2249E+01  0.1116E+02
  -1.806  0.2252E+01  0.1118E+02
  -1.796  0.2255E+01  0.1121E+02
  -1.786  0.2257E+01  0.1123E+02
  -1.776  0.2260E+01  0.1125E+02
  -1.766  0.2263E+01  0.1128E+02
  -1.756  0.2266E+01  0.1130E+02
  -1.746  0.2269E+01  0.1132E+02
  -1.736  0.2272E+01  0.1134E+02
  -1.726  0.2275E+01  0.1137E+02
  -1.716  0.2278E+01  0.1139E+02
  -1.706  0.2281E+01  0.1141E+02
  -1.696  0.2285E+01  0.1143E+02
  -1.686  0.2288E+01  0.1146E+02
  -1.676  0.2291E+01  0.1148E+02
  -1.666  0.2295E+01  0.1150E+02
  -1.656  0.2298E+01  0.1153E+02
  -1.646  0.2302E+01  0.1155E+02
  -1.636  0.2305E+01  0.1157E+02
  -1.626  0.2309E+01  0.1160E+02
  -1.616  0.2313E+01  0.1162E+02
  -1.606  0.2316E+01  0.1164E+02
  -1.596  0.2325E+01  0.1166E+02
  -1.586  0.2471E+01  0.1169E+02
  -1.576  0.2832E+01  0.1171E+02
  -1.566  0.4066E+01  0.1175E+02
  -1.556  0.5293E+01  0.1180E+02
  -1.546  0.6037E+01  0.1185E+02
  -1.536  0.6805E+01  0.1192E+02
  -1.526  0.7598E+01  0.1199E+02
  -1.516  0.8407E+01  0.1207E+02
  -1.506  0.9180E+01  0.1216E+02
  -1.496  0.9944E+01  0.1225E+02
  -1.486  0.1086E+02  0.1236E+02
  -1.476  0.1189E+02  0.1247E+02
  -1.466  0.1304E+02  0.1259E+02
  -1.456  0.1415E+02  0.1273E+02
  -1.446  0.1408E+02  0.1287E+02
  -1.436  0.1450E+02  0.1301E+02
  -1.426  0.1426E+02  0.1316E+02
  -1.416  0.1096E+02  0.1329E+02
  -1.406  0.9635E+01  0.1339E+02
  -1.396  0.9002E+01  0.1348E+02
  -1.386  0.8304E+01  0.1357E+02
  -1.376  0.7548E+01  0.1365E+02
  -1.366  0.6644E+01  0.1372E+02
  -1.356  0.5126E+01  0.1378E+02
  -1.346  0.2994E+01  0.1382E+02
  -1.336  0.2307E+01  0.1384E+02
  -1.326  0.1959E+01  0.1387E+02
  -1.316  0.1946E+01  0.1388E+02
  -1.306  0.2148E+01  0.1390E+02
  -1.296  0.2302E+01  0.1393E+02
  -1.286  0.2379E+01  0.1395E+02
  -1.276  0.2380E+01  0.1397E+02
  -1.266  0.2305E+01  0.1400E+02
  -1.256  0.2255E+01  0.1402E+02
  -1.246  0.2357E+01  0.1404E+02
  -1.236  0.2468E+01  0.1407E+02
  -1.226  0.2575E+01  0.1409E+02
  -1.216  0.2675E+01  0.1412E+02
  -1.206  0.2767E+01  0.1415E+02
  -1.196  0.2852E+01  0.1417E+02
  -1.186  0.2929E+01  0.1420E+02
  -1.176  0.3017E+01  0.1423E+02
  -1.166  0.3357E+01  0.1426E+02
  -1.156  0.4023E+01  0.1430E+02
  -1.146  0.4623E+01  0.1435E+02
  -1.136  0.4782E+01  0.1439E+02
  -1.126  0.4541E+01  0.1444E+02
  -1.116  0.4661E+01  0.1449E+02
  -1.106  0.4793E+01  0.1453E+02
  -1.096  0.4936E+01  0.1458E+02
  -1.086  0.5090E+01  0.1463E+02
  -1.076  0.5256E+01  0.1468E+02
  -1.066  0.5488E+01  0.1474E+02
  -1.056  0.5738E+01  0.1479E+02
  -1.046  0.5970E+01  0.1485E+02
  -1.036  0.6185E+01  0.1491E+02
  -1.026  0.6382E+01  0.1498E+02
  -1.016  0.6562E+01  0.1504E+02
  -1.006  0.6725E+01  0.1511E+02
  -0.996  0.6860E+01  0.1517E+02
  -0.986  0.6977E+01  0.1524E+02
  -0.976  0.7097E+01  0.1531E+02
  -0.966  0.7251E+01  0.1539E+02
  -0.956  0.7453E+01  0.1546E+02
  -0.946  0.7702E+01  0.1553E+02
  -0.936  0.8108E+01  0.1561E+02
  -0.926  0.8491E+01  0.1570E+02
  -0.916  0.8422E+01  0.1578E+02
  -0.906  0.7667E+01  0.1586E+02
  -0.896  0.7425E+01  0.1594E+02
  -0.886  0.7512E+01  0.1601E+02
  -0.876  0.7679E+01  0.1609E+02
  -0.866  0.7842E+01  0.1616E+02
  -0.856  0.8000E+01  0.1624E+02
  -0.846  0.8154E+01  0.1632E+02
  -0.836  0.8301E+01  0.1641E+02
  -0.826  0.8480E+01  0.1649E+02
  -0.816  0.8727E+01  0.1658E+02
  -0.806  0.9042E+01  0.1667E+02
  -0.796  0.9427E+01  0.1676E+02
  -0.786  0.9881E+01  0.1685E+02
  -0.776  0.1004E+02  0.1695E+02
  -0.766  0.1031E+02  0.1706E+02
  -0.756  0.1049E+02  0.1716E+02
  -0.746  0.1167E+02  0.1727E+02
  -0.736  0.1042E+02  0.1739E+02
  -0.726  0.8967E+01  0.1748E+02
  -0.716  0.7598E+01  0.1756E+02
  -0.706  0.6617E+01  0.1764E+02
  -0.696  0.6215E+01  0.1770E+02
  -0.686  0.6053E+01  0.1776E+02
  -0.676  0.8315E+01  0.1783E+02
  -0.666  0.1048E+02  0.1793E+02
  -0.656  0.1140E+02  0.1804E+02
  -0.646  0.1212E+02  0.1815E+02
  -0.636  0.1262E+02  0.1828E+02
  -0.626  0.1345E+02  0.1841E+02
  -0.616  0.1409E+02  0.1855E+02
  -0.606  0.1456E+02  0.1869E+02
  -0.596  0.1494E+02  0.1884E+02
  -0.586  0.1530E+02  0.1899E+02
  -0.576  0.1581E+02  0.1914E+02
  -0.566  0.1734E+02  0.1931E+02
  -0.556  0.1187E+02  0.1945E+02
  -0.546  0.1162E+02  0.1957E+02
  -0.536  0.1235E+02  0.1968E+02
  -0.526  0.1464E+02  0.1983E+02
  -0.516  0.1330E+02  0.1997E+02
  -0.506  0.1283E+02  0.2010E+02
  -0.496  0.1496E+02  0.2023E+02
  -0.486  0.1809E+02  0.2040E+02
  -0.476  0.1911E+02  0.2059E+02
  -0.466  0.1783E+02  0.2077E+02
  -0.456  0.1693E+02  0.2094E+02
  -0.446  0.1668E+02  0.2111E+02
  -0.436  0.1636E+02  0.2128E+02
  -0.426  0.1597E+02  0.2144E+02
  -0.416  0.1554E+02  0.2160E+02
  -0.406  0.1512E+02  0.2175E+02
  -0.396  0.1856E+02  0.2191E+02
  -0.386  0.1658E+02  0.2209E+02
  -0.376  0.1487E+02  0.2224E+02
  -0.366  0.1365E+02  0.2238E+02
  -0.356  0.1387E+02  0.2252E+02
  -0.346  0.1421E+02  0.2266E+02
  -0.336  0.1472E+02  0.2281E+02
  -0.326  0.1204E+02  0.2293E+02
  -0.316  0.1170E+02  0.2305E+02
  -0.306  0.1143E+02  0.2317E+02
  -0.296  0.1122E+02  0.2328E+02
  -0.286  0.1106E+02  0.2339E+02
  -0.276  0.1098E+02  0.2350E+02
  -0.266  0.1096E+02  0.2361E+02
  -0.256  0.1096E+02  0.2372E+02
  -0.246  0.1097E+02  0.2383E+02
  -0.236  0.1088E+02  0.2394E+02
  -0.226  0.1067E+02  0.2405E+02
  -0.216  0.1034E+02  0.2415E+02
  -0.206  0.9889E+01  0.2425E+02
  -0.196  0.9745E+01  0.2435E+02
  -0.186  0.1018E+02  0.2445E+02
  -0.176  0.1067E+02  0.2456E+02
  -0.166  0.1029E+02  0.2466E+02
  -0.156  0.9263E+01  0.2476E+02
  -0.146  0.8773E+01  0.2485E+02
  -0.136  0.8569E+01  0.2494E+02
  -0.126  0.8668E+01  0.2502E+02
  -0.116  0.8328E+01  0.2511E+02
  -0.106  0.7948E+01  0.2519E+02
  -0.096  0.7561E+01  0.2527E+02
  -0.086  0.7169E+01  0.2534E+02
  -0.076  0.6708E+01  0.2541E+02
  -0.066  0.6220E+01  0.2547E+02
  -0.056  0.5255E+01  0.2553E+02
  -0.046  0.4652E+01  0.2558E+02
  -0.036  0.4077E+01  0.2562E+02
  -0.026  0.3489E+01  0.2566E+02
  -0.016  0.2926E+01  0.2569E+02
  -0.006  0.2379E+01  0.2572E+02
   0.004  0.1821E+01  0.2574E+02
   0.014  0.1712E+01  0.2576E+02
   0.024  0.1613E+01  0.2577E+02
   0.034  0.1540E+01  0.2579E+02
   0.044  0.1475E+01  0.2581E+02
   0.054  0.1410E+01  0.2582E+02
   0.064  0.1345E+01  0.2583E+02
   0.074  0.1279E+01  0.2585E+02
   0.084  0.1213E+01  0.2586E+02
   0.094  0.1146E+01  0.2587E+02
   0.104  0.1079E+01  0.2588E+02
   0.114  0.1012E+01  0.2589E+02
   0.124  0.9443E+00  0.2590E+02
   0.134  0.8764E+00  0.2591E+02
   0.144  0.8082E+00  0.2592E+02
   0.154  0.7396E+00  0.2593E+02
   0.164  0.6707E+00  0.2593E+02
   0.174  0.6014E+00  0.2594E+02
   0.184  0.5318E+00  0.2595E+02
   0.194  0.4645E+00  0.2595E+02
   0.204  0.4105E+00  0.2596E+02
   0.214  0.3712E+00  0.2596E+02
   0.224  0.3402E+00  0.2596E+02
   0.234  0.3112E+00  0.2597E+02
   0.244  0.2841E+00  0.2597E+02
   0.254  0.2590E+00  0.2597E+02
   0.264  0.2359E+00  0.2598E+02
   0.274  0.2147E+00  0.2598E+02
   0.284  0.1955E+00  0.2598E+02
   0.294  0.1782E+00  0.2598E+02
   0.304  0.1629E+00  0.2598E+02
   0.314  0.1496E+00  0.2598E+02
   0.324  0.1382E+00  0.2599E+02
   0.334  0.1289E+00  0.2599E+02
   0.344  0.1203E+00  0.2599E+02
   0.354  0.1120E+00  0.2599E+02
   0.364  0.1040E+00  0.2599E+02
   0.374  0.9628E-01  0.2599E+02
   0.384  0.8886E-01  0.2599E+02
   0.394  0.8174E-01  0.2599E+02
   0.404  0.7492E-01  0.2599E+02
   0.414  0.6839E-01  0.2600E+02
   0.424  0.6216E-01  0.2600E+02
   0.434  0.5623E-01  0.2600E+02
   0.444  0.5059E-01  0.2600E+02
   0.454  0.4525E-01  0.2600E+02
   0.464  0.4021E-01  0.2600E+02
   0.474  0.3547E-01  0.2600E+02
   0.484  0.3103E-01  0.2600E+02
   0.494  0.2688E-01  0.2600E+02
   0.504  0.2303E-01  0.2600E+02
   0.514  0.1948E-01  0.2600E+02
   0.524  0.1622E-01  0.2600E+02
   0.534  0.1326E-01  0.2600E+02
   0.544  0.1060E-01  0.2600E+02
   0.554  0.8239E-02  0.2600E+02
   0.564  0.6174E-02  0.2600E+02
   0.574  0.4406E-02  0.2600E+02
   0.584  0.2936E-02  0.2600E+02
   0.594  0.1763E-02  0.2600E+02
   0.604  0.8876E-03  0.2600E+02
   0.614  0.3096E-03  0.2600E+02
   0.624  0.2917E-04  0.2600E+02
   0.634  0.0000E+00  0.2600E+02
   0.644  0.0000E+00  0.2600E+02
   0.654  0.0000E+00  0.2600E+02
   0.664  0.0000E+00  0.2600E+02
   0.674  0.0000E+00  0.2600E+02
   0.684  0.0000E+00  0.2600E+02
   0.694  0.0000E+00  0.2600E+02
   0.704  0.0000E+00  0.2600E+02
   0.714  0.0000E+00  0.2600E+02
   0.724  0.0000E+00  0.2600E+02
   0.734  0.0000E+00  0.2600E+02
   0.744  0.0000E+00  0.2600E+02
   0.754  0.0000E+00  0.2600E+02
   0.764  0.0000E+00  0.2600E+02
   0.774  0.0000E+00  0.2600E+02
   0.784  0.0000E+00  0.2600E+02
   0.794  0.0000E+00  0.2600E+02
   0.804  0.0000E+00  0.2600E+02
   0.814  0.0000E+00  0.2600E+02
   0.824  0.0000E+00  0.2600E+02
   0.834  0.0000E+00  0.2600E+02
   0.844  0.0000E+00  0.2600E+02
   0.854  0.0000E+00  0.2600E+02
   0.864  0.0000E+00  0.2600E+02
   0.874  0.0000E+00  0.2600E+02
   0.884  0.0000E+00  0.2600E+02
   0.894  0.0000E+00  0.2600E+02
   0.904  0.0000E+00  0.2600E+02
   0.914  0.0000E+00  0.2600E+02
   0.924  0.0000E+00  0.2600E+02
   0.934  0.0000E+00  0.2600E+02
   0.944  0.0000E+00  0.2600E+02
   0.954  0.0000E+00  0.2600E+02
   0.964  0.0000E+00  0.2600E+02
   0.974  0.0000E+00  0.2600E+02
   0.984  0.0000E+00  0.2600E+02
   0.994  0.0000E+00  0.2600E+02
   1.004  0.0000E+00  0.2600E+02
   1.014  0.0000E+00  0.2600E+02
   1.024  0.0000E+00  0.2600E+02
   1.034  0.0000E+00  0.2600E+02
   1.044  0.0000E+00  0.2600E+02
   1.054  0.0000E+00  0.2600E+02
   1.064  0.0000E+00  0.2600E+02
   1.074  0.0000E+00  0.2600E+02
   1.084  0.0000E+00  0.2600E+02
   1.094  0.0000E+00  0.2600E+02
   1.104  0.0000E+00  0.2600E+02
   1.114  0.0000E+00  0.2600E+02
   1.124  0.0000E+00  0.2600E+02
   1.134  0.0000E+00  0.2600E+02
   1.144  0.0000E+00  0.2600E+02
   1.154  0.0000E+00  0.2600E+02
   1.164  0.0000E+00  0.2600E+02
   1.174  0.0000E+00  0.2600E+02
   1.184  0.0000E+00  0.2600E+02
   1.194  0.0000E+00  0.2600E+02
   1.204  0.0000E+00  0.2600E+02
   1.214  0.0000E+00  0.2600E+02
   1.224  0.0000E+00  0.2600E+02
   1.234  0.0000E+00  0.2600E+02
   1.244  0.0000E+00  0.2600E+02
   1.254  0.0000E+00  0.2600E+02
   1.264  0.0000E+00  0.2600E+02
   1.274  0.0000E+00  0.2600E+02
   1.284  0.0000E+00  0.2600E+02
   1.294  0.0000E+00  0.2600E+02
   1.304  0.0000E+00  0.2600E+02
   1.314  0.0000E+00  0.2600E+02
   1.324  0.0000E+00  0.2600E+02
   1.334  0.0000E+00  0.2600E+02
   1.344  0.0000E+00  0.2600E+02
   1.354  0.0000E+00  0.2600E+02
   1.364  0.0000E+00  0.2600E+02
   1.374  0.0000E+00  0.2600E+02
   1.384  0.0000E+00  0.2600E+02
   1.394  0.0000E+00  0.2600E+02
   1.404  0.0000E+00  0.2600E+02
   1.414  0.0000E+00  0.2600E+02
   1.424  0.0000E+00  0.2600E+02
   1.434  0.0000E+00  0.2600E+02
   1.444  0.0000E+00  0.2600E+02
   1.454  0.0000E+00  0.2600E+02
   1.464  0.0000E+00  0.2600E+02
   1.474  0.0000E+00  0.2600E+02
   1.484  0.0000E+00  0.2600E+02
   1.494  0.0000E+00  0.2600E+02
   1.504  0.0000E+00  0.2600E+02
   1.514  0.0000E+00  0.2600E+02
   1.524  0.0000E+00  0.2600E+02
   1.534  0.0000E+00  0.2600E+02
   1.544  0.0000E+00  0.2600E+02
   1.554  0.0000E+00  0.2600E+02
   1.564  0.0000E+00  0.2600E+02
   1.574  0.0000E+00  0.2600E+02
   1.584  0.0000E+00  0.2600E+02
   1.594  0.0000E+00  0.2600E+02
   1.604  0.0000E+00  0.2600E+02
   1.614  0.0000E+00  0.2600E+02
   1.624  0.0000E+00  0.2600E+02
   1.634  0.0000E+00  0.2600E+02
   1.644  0.0000E+00  0.2600E+02
   1.654  0.0000E+00  0.2600E+02
   1.664  0.0000E+00  0.2600E+02
   1.674  0.0000E+00  0.2600E+02
   1.684  0.0000E+00  0.2600E+02
   1.694  0.0000E+00  0.2600E+02
   1.704  0.0000E+00  0.2600E+02
   1.714  0.0000E+00  0.2600E+02
   1.724  0.0000E+00  0.2600E+02
   1.734  0.0000E+00  0.2600E+02
   1.744  0.0000E+00  0.2600E+02
   1.754  0.0000E+00  0.2600E+02
   1.764  0.0000E+00  0.2600E+02
   1.774  0.0000E+00  0.2600E+02
   1.784  0.0000E+00  0.2600E+02
   1.794  0.0000E+00  0.2600E+02
   1.804  0.0000E+00  0.2600E+02
   1.814  0.0000E+00  0.2600E+02
   1.824  0.0000E+00  0.2600E+02
   1.834  0.0000E+00  0.2600E+02
   1.844  0.0000E+00  0.2600E+02
   1.854  0.0000E+00  0.2600E+02
   1.864  0.0000E+00  0.2600E+02
   1.874  0.0000E+00  0.2600E+02
   1.884  0.0000E+00  0.2600E+02
   1.894  0.0000E+00  0.2600E+02
   1.904  0.0000E+00  0.2600E+02
   1.914  0.0000E+00  0.2600E+02
   1.924  0.0000E+00  0.2600E+02
   1.934  0.2734E-03  0.2600E+02
   1.944  0.3808E-02  0.2600E+02
   1.954  0.1142E-01  0.2600E+02
   1.964  0.2312E-01  0.2600E+02
   1.974  0.3890E-01  0.2600E+02
   1.984  0.5876E-01  0.2600E+02
   1.994  0.8270E-01  0.2600E+02
   2.004  0.1107E+00  0.2600E+02
   2.014  0.1428E+00  0.2600E+02
   2.024  0.1790E+00  0.2601E+02
   2.034  0.2193E+00  0.2601E+02
   2.044  0.2636E+00  0.2601E+02
   2.054  0.3121E+00  0.2601E+02
   2.064  0.3599E+00  0.2602E+02
   2.074  0.4020E+00  0.2602E+02
   2.084  0.4381E+00  0.2602E+02
   2.094  0.4684E+00  0.2603E+02
   2.104  0.4927E+00  0.2603E+02
   2.114  0.5113E+00  0.2604E+02
   2.124  0.5239E+00  0.2604E+02
   2.134  0.5307E+00  0.2605E+02
   2.144  0.5316E+00  0.2605E+02
   2.154  0.5267E+00  0.2606E+02
   2.164  0.5159E+00  0.2606E+02
   2.174  0.5170E+00  0.2607E+02
   2.184  0.5342E+00  0.2608E+02
   2.194  0.5523E+00  0.2608E+02
   2.204  0.5713E+00  0.2609E+02
   2.214  0.5912E+00  0.2609E+02
   2.224  0.6121E+00  0.2610E+02
   2.234  0.6338E+00  0.2610E+02
   2.244  0.6565E+00  0.2611E+02
   2.254  0.6802E+00  0.2612E+02
   2.264  0.7047E+00  0.2612E+02
   2.274  0.7303E+00  0.2613E+02
   2.284  0.7616E+00  0.2614E+02
   2.294  0.8016E+00  0.2615E+02
   2.304  0.8503E+00  0.2616E+02
   2.314  0.9076E+00  0.2616E+02
   2.324  0.9736E+00  0.2617E+02
   2.334  0.1048E+01  0.2618E+02
   2.344  0.1132E+01  0.2619E+02
   2.354  0.1224E+01  0.2621E+02
   2.364  0.1324E+01  0.2622E+02
   2.374  0.1417E+01  0.2623E+02
   2.384  0.1462E+01  0.2625E+02
   2.394  0.1492E+01  0.2626E+02
   2.404  0.1506E+01  0.2628E+02
   2.414  0.1505E+01  0.2629E+02
   2.424  0.1488E+01  0.2631E+02
   2.434  0.1456E+01  0.2632E+02
   2.444  0.1408E+01  0.2634E+02
   2.454  0.1344E+01  0.2635E+02
   2.464  0.1293E+01  0.2636E+02
   2.474  0.1328E+01  0.2638E+02
   2.484  0.1362E+01  0.2639E+02
   2.494  0.1396E+01  0.2640E+02
   2.504  0.1428E+01  0.2642E+02
   2.514  0.1460E+01  0.2643E+02
   2.524  0.1492E+01  0.2645E+02
   2.534  0.1523E+01  0.2646E+02
   2.544  0.1553E+01  0.2648E+02
   2.554  0.1582E+01  0.2649E+02
   2.564  0.1612E+01  0.2651E+02
   2.574  0.1643E+01  0.2652E+02
   2.584  0.1673E+01  0.2654E+02
   2.594  0.1705E+01  0.2656E+02
   2.604  0.1736E+01  0.2658E+02
   2.614  0.1768E+01  0.2659E+02
   2.624  0.1800E+01  0.2661E+02
   2.634  0.1833E+01  0.2663E+02
   2.644  0.1861E+01  0.2665E+02
   2.654  0.1884E+01  0.2667E+02
   2.664  0.1902E+01  0.2669E+02
   2.674  0.1916E+01  0.2670E+02
   2.684  0.1924E+01  0.2672E+02
   2.694  0.1927E+01  0.2674E+02
   2.704  0.1927E+01  0.2676E+02
   2.714  0.1926E+01  0.2678E+02
   2.724  0.1925E+01  0.2680E+02
   2.734  0.1924E+01  0.2682E+02
   2.744  0.1924E+01  0.2684E+02
   2.754  0.1923E+01  0.2686E+02
   2.764  0.1922E+01  0.2688E+02
   2.774  0.1921E+01  0.2690E+02
   2.784  0.1921E+01  0.2692E+02
   2.794  0.1920E+01  0.2694E+02
   2.804  0.1919E+01  0.2695E+02
   2.814  0.1919E+01  0.2697E+02
   2.824  0.1918E+01  0.2699E+02
   2.834  0.1917E+01  0.2701E+02
   2.844  0.1917E+01  0.2703E+02
   2.854  0.1916E+01  0.2705E+02
   2.864  0.1916E+01  0.2707E+02
   2.874  0.1915E+01  0.2709E+02
   2.884  0.1914E+01  0.2711E+02
   2.894  0.1914E+01  0.2713E+02
   2.904  0.1913E+01  0.2715E+02
   2.914  0.1913E+01  0.2716E+02
   2.924  0.1912E+01  0.2718E+02
   2.934  0.1912E+01  0.2720E+02
   2.944  0.1911E+01  0.2722E+02
   2.954  0.1911E+01  0.2724E+02
   2.964  0.1911E+01  0.2726E+02
   2.974  0.1952E+01  0.2728E+02
   2.984  0.2014E+01  0.2730E+02
   2.994  0.2066E+01  0.2732E+02
   3.004  0.2144E+01  0.2734E+02
   3.014  0.2225E+01  0.2736E+02
   3.024  0.2292E+01  0.2739E+02
   3.034  0.2345E+01  0.2741E+02
   3.044  0.2386E+01  0.2743E+02
   3.054  0.2412E+01  0.2746E+02
   3.064  0.2425E+01  0.2748E+02
   3.074  0.2425E+01  0.2750E+02
   3.084  0.2413E+01  0.2753E+02
   3.094  0.2391E+01  0.2755E+02
   3.104  0.2372E+01  0.2758E+02
   3.114  0.2358E+01  0.2760E+02
   3.124  0.2348E+01  0.2762E+02
   3.134  0.2343E+01  0.2765E+02
   3.144  0.2343E+01  0.2767E+02
   3.154  0.2347E+01  0.2769E+02
   3.164  0.2357E+01  0.2772E+02
   3.174  0.2370E+01  0.2774E+02
   3.184  0.2389E+01  0.2777E+02
   3.194  0.2412E+01  0.2779E+02
   3.204  0.2448E+01  0.2781E+02
   3.214  0.2489E+01  0.2784E+02
   3.224  0.2523E+01  0.2786E+02
   3.234  0.2550E+01  0.2789E+02
   3.244  0.2566E+01  0.2791E+02
   3.254  0.2575E+01  0.2794E+02
   3.264  0.2577E+01  0.2797E+02
   3.274  0.2572E+01  0.2799E+02
   3.284  0.2511E+01  0.2802E+02
   3.294  0.2379E+01  0.2804E+02
   3.304  0.2263E+01  0.2806E+02
   3.314  0.2184E+01  0.2809E+02
   3.324  0.2118E+01  0.2811E+02
   3.334  0.2063E+01  0.2813E+02
   3.344  0.2020E+01  0.2815E+02
   3.354  0.1988E+01  0.2817E+02
   3.364  0.1967E+01  0.2819E+02
   3.374  0.1958E+01  0.2821E+02
   3.384  0.1958E+01  0.2823E+02
   3.394  0.1958E+01  0.2825E+02
   3.404  0.1956E+01  0.2827E+02
   3.414  0.1953E+01  0.2829E+02
   3.424  0.1912E+01  0.2831E+02
   3.434  0.1870E+01  0.2833E+02
   3.444  0.1828E+01  0.2834E+02
   3.454  0.1786E+01  0.2836E+02
   3.464  0.1744E+01  0.2838E+02
   3.474  0.1702E+01  0.2840E+02
   3.484  0.1660E+01  0.2841E+02
   3.494  0.1651E+01  0.2843E+02
   3.504  0.1665E+01  0.2845E+02
   3.514  0.1676E+01  0.2846E+02
   3.524  0.1683E+01  0.2848E+02
   3.534  0.1686E+01  0.2850E+02
   3.544  0.1686E+01  0.2851E+02
   3.554  0.1681E+01  0.2853E+02
   3.564  0.1673E+01  0.2855E+02
   3.574  0.1665E+01  0.2856E+02
   3.584  0.1659E+01  0.2858E+02
   3.594  0.1652E+01  0.2860E+02
   3.604  0.1646E+01  0.2861E+02
   3.614  0.1641E+01  0.2863E+02
   3.624  0.1636E+01  0.2865E+02
   3.634  0.1632E+01  0.2866E+02
   3.644  0.1629E+01  0.2868E+02
   3.654  0.1626E+01  0.2870E+02
   3.664  0.1623E+01  0.2871E+02
   3.674  0.1621E+01  0.2873E+02
   3.684  0.1620E+01  0.2874E+02
   3.694  0.1619E+01  0.2876E+02
   3.704  0.1619E+01  0.2878E+02
   3.714  0.1619E+01  0.2879E+02
   3.724  0.1620E+01  0.2881E+02
   3.734  0.1622E+01  0.2883E+02
   3.744  0.1624E+01  0.2884E+02
   3.754  0.1626E+01  0.2886E+02
   3.764  0.1629E+01  0.2887E+02
   3.774  0.1633E+01  0.2889E+02
   3.784  0.1637E+01  0.2891E+02
   3.794  0.1642E+01  0.2892E+02
   3.804  0.1648E+01  0.2894E+02
   3.814  0.1654E+01  0.2896E+02
   3.824  0.1662E+01  0.2897E+02
   3.834  0.1670E+01  0.2899E+02
   3.844  0.1676E+01  0.2901E+02
   3.854  0.1679E+01  0.2902E+02
   3.864  0.1680E+01  0.2904E+02
   3.874  0.1679E+01  0.2906E+02
   3.884  0.1676E+01  0.2907E+02
   3.894  0.1670E+01  0.2909E+02
   3.904  0.1662E+01  0.2911E+02
   3.914  0.1652E+01  0.2912E+02
   3.924  0.1640E+01  0.2914E+02
   3.934  0.1625E+01  0.2916E+02
   3.944  0.1608E+01  0.2917E+02
   3.954  0.1588E+01  0.2919E+02
   3.964  0.1567E+01  0.2920E+02
   3.974  0.1543E+01  0.2922E+02
   3.984  0.1517E+01  0.2923E+02
   3.994  0.1488E+01  0.2925E+02
   4.004  0.1457E+01  0.2926E+02
   4.014  0.1424E+01  0.2928E+02
   4.024  0.1389E+01  0.2929E+02
   4.034  0.1351E+01  0.2931E+02
   4.044  0.1303E+01  0.2932E+02
   4.054  0.1255E+01  0.2933E+02
   4.064  0.1211E+01  0.2935E+02
   4.074  0.1170E+01  0.2936E+02
   4.084  0.1133E+01  0.2937E+02
   4.094  0.1099E+01  0.2938E+02
   4.104  0.1069E+01  0.2939E+02
   4.114  0.1042E+01  0.2940E+02
   4.124  0.1019E+01  0.2941E+02
   4.134  0.9994E+00  0.2942E+02
   4.144  0.9831E+00  0.2943E+02
   4.154  0.9703E+00  0.2944E+02
   4.164  0.9610E+00  0.2945E+02
   4.174  0.9552E+00  0.2946E+02
   4.184  0.9529E+00  0.2947E+02
   4.194  0.9540E+00  0.2948E+02
   4.204  0.9562E+00  0.2949E+02
   4.214  0.9584E+00  0.2950E+02
   4.224  0.9606E+00  0.2951E+02
   4.234  0.9627E+00  0.2952E+02
   4.244  0.9649E+00  0.2953E+02
   4.254  0.9671E+00  0.2954E+02
   4.264  0.9693E+00  0.2955E+02
   4.274  0.9715E+00  0.2956E+02
   4.284  0.9737E+00  0.2957E+02
   4.294  0.9759E+00  0.2958E+02
   4.304  0.9780E+00  0.2959E+02
   4.314  0.9802E+00  0.2960E+02
   4.324  0.9824E+00  0.2961E+02
   4.334  0.9846E+00  0.2962E+02
   4.344  0.9868E+00  0.2963E+02
   4.354  0.9889E+00  0.2964E+02
   4.364  0.9911E+00  0.2964E+02
   4.374  0.9933E+00  0.2965E+02
   4.384  0.9954E+00  0.2966E+02
   4.394  0.9976E+00  0.2967E+02
   4.404  0.9998E+00  0.2968E+02
   4.414  0.1002E+01  0.2969E+02
   4.424  0.1004E+01  0.2970E+02
   4.434  0.1006E+01  0.2971E+02
   4.444  0.1008E+01  0.2972E+02
   4.454  0.1011E+01  0.2973E+02
   4.464  0.1013E+01  0.2975E+02
   4.474  0.1016E+01  0.2976E+02
   4.484  0.1033E+01  0.2977E+02
   4.494  0.1069E+01  0.2978E+02
   4.504  0.1128E+01  0.2979E+02
   4.514  0.1212E+01  0.2980E+02
   4.524  0.1322E+01  0.2981E+02
   4.534  0.1458E+01  0.2983E+02
   4.544  0.1620E+01  0.2984E+02
   4.554  0.1978E+01  0.2986E+02
   4.564  0.2357E+01  0.2988E+02
   4.574  0.2859E+01  0.2991E+02
   4.584  0.3282E+01  0.2994E+02
   4.594  0.3440E+01  0.2997E+02
   4.604  0.3437E+01  0.3001E+02
   4.614  0.3436E+01  0.3004E+02
   4.624  0.3438E+01  0.3007E+02
   4.634  0.3441E+01  0.3011E+02
   4.644  0.3448E+01  0.3014E+02
   4.654  0.3456E+01  0.3018E+02
   4.664  0.3467E+01  0.3021E+02
   4.674  0.3480E+01  0.3025E+02
   4.684  0.3494E+01  0.3028E+02
   4.694  0.3508E+01  0.3032E+02
   4.704  0.3523E+01  0.3035E+02
   4.714  0.3544E+01  0.3039E+02
   4.724  0.3574E+01  0.3042E+02
   4.734  0.3605E+01  0.3046E+02
   4.744  0.3637E+01  0.3049E+02
   4.754  0.3671E+01  0.3053E+02
   4.764  0.3707E+01  0.3057E+02
   4.774  0.3749E+01  0.3061E+02
   4.784  0.3795E+01  0.3064E+02
   4.794  0.3845E+01  0.3068E+02
   4.804  0.3903E+01  0.3072E+02
   4.814  0.3982E+01  0.3076E+02
   4.824  0.4067E+01  0.3080E+02
   4.834  0.4158E+01  0.3084E+02
   4.844  0.4255E+01  0.3088E+02
   4.854  0.4331E+01  0.3093E+02
   4.864  0.4383E+01  0.3097E+02
   4.874  0.4483E+01  0.3101E+02
   4.884  0.4632E+01  0.3106E+02
   4.894  0.4825E+01  0.3111E+02
   4.904  0.5052E+01  0.3116E+02
   4.914  0.5316E+01  0.3121E+02
   4.924  0.5580E+01  0.3126E+02
   4.934  0.5726E+01  0.3132E+02
   4.944  0.5890E+01  0.3138E+02
   4.954  0.6691E+01  0.3144E+02
   4.964  0.7111E+01  0.3151E+02
   4.974  0.7894E+01  0.3159E+02
   4.984  0.6951E+01  0.3166E+02
   4.994  0.6128E+01  0.3172E+02
   5.004  0.6045E+01  0.3178E+02
   5.014  0.5935E+01  0.3184E+02
   5.024  0.5801E+01  0.3190E+02
   5.034  0.5652E+01  0.3196E+02
   5.044  0.5491E+01  0.3202E+02
   5.054  0.5403E+01  0.3207E+02
   5.064  0.5318E+01  0.3212E+02
   5.074  0.5236E+01  0.3218E+02
   5.084  0.5146E+01  0.3223E+02
   5.094  0.5044E+01  0.3228E+02
   5.104  0.4931E+01  0.3233E+02
   5.114  0.4807E+01  0.3238E+02
   5.124  0.4691E+01  0.3243E+02
   5.134  0.4643E+01  0.3247E+02
   5.144  0.4599E+01  0.3252E+02
   5.154  0.4557E+01  0.3256E+02
   5.164  0.4519E+01  0.3261E+02
   5.174  0.4483E+01  0.3266E+02
   5.184  0.4450E+01  0.3270E+02
   5.194  0.4405E+01  0.3274E+02
   5.204  0.4289E+01  0.3279E+02
   5.214  0.4097E+01  0.3283E+02
   5.224  0.3976E+01  0.3287E+02
   5.234  0.3949E+01  0.3291E+02
   5.244  0.3918E+01  0.3295E+02
   5.254  0.3889E+01  0.3299E+02
   5.264  0.3861E+01  0.3303E+02
   5.274  0.3834E+01  0.3306E+02
   5.284  0.3806E+01  0.3310E+02
   5.294  0.3776E+01  0.3314E+02
   5.304  0.3744E+01  0.3318E+02
   5.314  0.3710E+01  0.3322E+02
   5.324  0.3674E+01  0.3325E+02
   5.334  0.3637E+01  0.3329E+02
   5.344  0.3597E+01  0.3333E+02
   5.354  0.3556E+01  0.3336E+02
   5.364  0.3512E+01  0.3340E+02
   5.374  0.3460E+01  0.3343E+02
   5.384  0.3401E+01  0.3347E+02
   5.394  0.3335E+01  0.3350E+02
   5.404  0.3288E+01  0.3353E+02
   5.414  0.3250E+01  0.3357E+02
   5.424  0.3208E+01  0.3360E+02
   5.434  0.3167E+01  0.3363E+02
   5.444  0.3105E+01  0.3366E+02
   5.454  0.3017E+01  0.3369E+02
   5.464  0.2906E+01  0.3372E+02
   5.474  0.2769E+01  0.3375E+02
   5.484  0.2608E+01  0.3378E+02
   5.494  0.2423E+01  0.3380E+02
   5.504  0.2213E+01  0.3382E+02
   5.514  0.2055E+01  0.3385E+02
   5.524  0.2011E+01  0.3387E+02
   5.534  0.1749E+01  0.3389E+02
   5.544  0.1559E+01  0.3390E+02
   5.554  0.1401E+01  0.3392E+02
   5.564  0.1250E+01  0.3393E+02
   5.574  0.1106E+01  0.3394E+02
   5.584  0.9677E+00  0.3395E+02
   5.594  0.8364E+00  0.3396E+02
   5.604  0.7117E+00  0.3397E+02
   5.614  0.5935E+00  0.3398E+02
   5.624  0.4819E+00  0.3398E+02
   5.634  0.3769E+00  0.3398E+02
   5.644  0.2784E+00  0.3399E+02
   5.654  0.1865E+00  0.3399E+02
   5.664  0.1072E+00  0.3399E+02
   5.674  0.6596E-01  0.3399E+02
   5.684  0.5828E-01  0.3399E+02
   5.694  0.5491E-01  0.3399E+02
   5.704  0.5165E-01  0.3399E+02
   5.714  0.4849E-01  0.3399E+02
   5.724  0.4542E-01  0.3400E+02
   5.734  0.4246E-01  0.3400E+02
   5.744  0.3960E-01  0.3400E+02
   5.754  0.3683E-01  0.3400E+02
   5.764  0.3417E-01  0.3400E+02
   5.774  0.3160E-01  0.3400E+02
   5.784  0.2914E-01  0.3400E+02
   5.794  0.2678E-01  0.3400E+02
   5.804  0.2451E-01  0.3400E+02
   5.814  0.2235E-01  0.3400E+02
   5.824  0.2029E-01  0.3400E+02
   5.834  0.1832E-01  0.3400E+02
   5.844  0.1646E-01  0.3400E+02
   5.854  0.1469E-01  0.3400E+02
   5.864  0.1303E-01  0.3400E+02
   5.874  0.1147E-01  0.3400E+02
   5.884  0.1000E-01  0.3400E+02
   5.894  0.8638E-02  0.3400E+02
   5.904  0.7374E-02  0.3400E+02
   5.914  0.6209E-02  0.3400E+02
   5.924  0.5145E-02  0.3400E+02
   5.934  0.4181E-02  0.3400E+02
   5.944  0.3317E-02  0.3400E+02
   5.954  0.2552E-02  0.3400E+02
   5.964  0.1888E-02  0.3400E+02
   5.974  0.1324E-02  0.3400E+02
   5.984  0.8591E-03  0.3400E+02
   5.994  0.4947E-03  0.3400E+02
   6.004  0.2302E-03  0.3400E+02
   6.014  0.6564E-04  0.3400E+02
   6.024  0.1068E-05  0.3400E+02
