#  E (eV)   dos(E)     Int dos(E) EFermi =    1.470 eV
 -11.516  0.0000E+00  0.0000E+00
 -11.506  0.7374E+00  0.3461E-02
 -11.496  0.1085E+01  0.1212E-01
 -11.486  0.1346E+01  0.2465E-01
 -11.476  0.1622E+01  0.3948E-01
 -11.466  0.1900E+01  0.5714E-01
 -11.456  0.2094E+01  0.7703E-01
 -11.446  0.2310E+01  0.9904E-01
 -11.436  0.2564E+01  0.1234E+00
 -11.426  0.2768E+01  0.1501E+00
 -11.416  0.2986E+01  0.1788E+00
 -11.406  0.3224E+01  0.2099E+00
 -11.396  0.3473E+01  0.2433E+00
 -11.386  0.3734E+01  0.2793E+00
 -11.376  0.4009E+01  0.3181E+00
 -11.366  0.4293E+01  0.3596E+00
 -11.356  0.4664E+01  0.4042E+00
 -11.346  0.5092E+01  0.4529E+00
 -11.336  0.5537E+01  0.5061E+00
 -11.326  0.6631E+01  0.5657E+00
 -11.316  0.7206E+01  0.6369E+00
 -11.306  0.7146E+01  0.7087E+00
 -11.296  0.6942E+01  0.7789E+00
 -11.286  0.6882E+01  0.8481E+00
 -11.276  0.6686E+01  0.9160E+00
 -11.266  0.6559E+01  0.9822E+00
 -11.256  0.6475E+01  0.1047E+01
 -11.246  0.6303E+01  0.1111E+01
 -11.236  0.6151E+01  0.1173E+01
 -11.226  0.6033E+01  0.1234E+01
 -11.216  0.5903E+01  0.1294E+01
 -11.206  0.5740E+01  0.1352E+01
 -11.196  0.5583E+01  0.1409E+01
 -11.186  0.5429E+01  0.1464E+01
 -11.176  0.5273E+01  0.1518E+01
 -11.166  0.5120E+01  0.1569E+01
 -11.156  0.4942E+01  0.1620E+01
 -11.146  0.4736E+01  0.1668E+01
 -11.136  0.4540E+01  0.1715E+01
 -11.126  0.4451E+01  0.1759E+01
 -11.116  0.4111E+01  0.1803E+01
 -11.106  0.3476E+01  0.1841E+01
 -11.096  0.2864E+01  0.1872E+01
 -11.086  0.2485E+01  0.1899E+01
 -11.076  0.2126E+01  0.1922E+01
 -11.066  0.1829E+01  0.1941E+01
 -11.056  0.1563E+01  0.1958E+01
 -11.046  0.1278E+01  0.1973E+01
 -11.036  0.1026E+01  0.1984E+01
 -11.026  0.7336E+00  0.1993E+01
 -11.016  0.3648E+00  0.1999E+01
 -11.006  0.7191E+02  0.2358E+01
 -10.996  0.2939E+02  0.2846E+01
 -10.986  0.2649E+02  0.3130E+01
 -10.976  0.2265E+02  0.3382E+01
 -10.966  0.2027E+02  0.3591E+01
 -10.956  0.1949E+02  0.3789E+01
 -10.946  0.1831E+02  0.3983E+01
 -10.936  0.1791E+02  0.4164E+01
 -10.926  0.1755E+02  0.4342E+01
 -10.916  0.1785E+02  0.4519E+01
 -10.906  0.1727E+02  0.4694E+01
 -10.896  0.1730E+02  0.4866E+01
 -10.886  0.1791E+02  0.5042E+01
 -10.876  0.1757E+02  0.5219E+01
 -10.866  0.1811E+02  0.5396E+01
 -10.856  0.1852E+02  0.5582E+01
 -10.846  0.2041E+02  0.5770E+01
 -10.836  0.1980E+02  0.5970E+01
 -10.826  0.0000E+00  0.6000E+01
 -10.816  0.0000E+00  0.6000E+01
 -10.806  0.0000E+00  0.6000E+01
 -10.796  0.0000E+00  0.6000E+01
 -10.786  0.0000E+00  0.6000E+01
 -10.776  0.0000E+00  0.6000E+01
 -10.766  0.0000E+00  0.6000E+01
 -10.756  0.0000E+00  0.6000E+01
 -10.746  0.0000E+00  0.6000E+01
 -10.736  0.0000E+00  0.6000E+01
 -10.726  0.0000E+00  0.6000E+01
 -10.716  0.0000E+00  0.6000E+01
 -10.706  0.0000E+00  0.6000E+01
 -10.696  0.0000E+00  0.6000E+01
 -10.686  0.0000E+00  0.6000E+01
 -10.676  0.0000E+00  0.6000E+01
 -10.666  0.0000E+00  0.6000E+01
 -10.656  0.0000E+00  0.6000E+01
 -10.646  0.0000E+00  0.6000E+01
 -10.636  0.0000E+00  0.6000E+01
 -10.626  0.0000E+00  0.6000E+01
 -10.616  0.0000E+00  0.6000E+01
 -10.606  0.0000E+00  0.6000E+01
 -10.596  0.0000E+00  0.6000E+01
 -10.586  0.0000E+00  0.6000E+01
 -10.576  0.0000E+00  0.6000E+01
 -10.566  0.0000E+00  0.6000E+01
 -10.556  0.0000E+00  0.6000E+01
 -10.546  0.0000E+00  0.6000E+01
 -10.536  0.0000E+00  0.6000E+01
 -10.526  0.0000E+00  0.6000E+01
 -10.516  0.0000E+00  0.6000E+01
 -10.506  0.0000E+00  0.6000E+01
 -10.496  0.0000E+00  0.6000E+01
 -10.486  0.0000E+00  0.6000E+01
 -10.476  0.0000E+00  0.6000E+01
 -10.466  0.0000E+00  0.6000E+01
 -10.456  0.0000E+00  0.6000E+01
 -10.446  0.0000E+00  0.6000E+01
 -10.436  0.0000E+00  0.6000E+01
 -10.426  0.0000E+00  0.6000E+01
 -10.416  0.0000E+00  0.6000E+01
 -10.406  0.0000E+00  0.6000E+01
 -10.396  0.0000E+00  0.6000E+01
 -10.386  0.0000E+00  0.6000E+01
 -10.376  0.0000E+00  0.6000E+01
 -10.366  0.0000E+00  0.6000E+01
 -10.356  0.0000E+00  0.6000E+01
 -10.346  0.0000E+00  0.6000E+01
 -10.336  0.0000E+00  0.6000E+01
 -10.326  0.0000E+00  0.6000E+01
 -10.316  0.0000E+00  0.6000E+01
 -10.306  0.0000E+00  0.6000E+01
 -10.296  0.0000E+00  0.6000E+01
 -10.286  0.0000E+00  0.6000E+01
 -10.276  0.0000E+00  0.6000E+01
 -10.266  0.0000E+00  0.6000E+01
 -10.256  0.0000E+00  0.6000E+01
 -10.246  0.0000E+00  0.6000E+01
 -10.236  0.0000E+00  0.6000E+01
 -10.226  0.0000E+00  0.6000E+01
 -10.216  0.0000E+00  0.6000E+01
 -10.206  0.0000E+00  0.6000E+01
 -10.196  0.0000E+00  0.6000E+01
 -10.186  0.0000E+00  0.6000E+01
 -10.176  0.0000E+00  0.6000E+01
 -10.166  0.0000E+00  0.6000E+01
 -10.156  0.0000E+00  0.6000E+01
 -10.146  0.0000E+00  0.6000E+01
 -10.136  0.0000E+00  0.6000E+01
 -10.126  0.0000E+00  0.6000E+01
 -10.116  0.0000E+00  0.6000E+01
 -10.106  0.0000E+00  0.6000E+01
 -10.096  0.0000E+00  0.6000E+01
 -10.086  0.0000E+00  0.6000E+01
 -10.076  0.0000E+00  0.6000E+01
 -10.066  0.0000E+00  0.6000E+01
 -10.056  0.0000E+00  0.6000E+01
 -10.046  0.0000E+00  0.6000E+01
 -10.036  0.0000E+00  0.6000E+01
 -10.026  0.0000E+00  0.6000E+01
 -10.016  0.0000E+00  0.6000E+01
 -10.006  0.0000E+00  0.6000E+01
  -9.996  0.0000E+00  0.6000E+01
  -9.986  0.0000E+00  0.6000E+01
  -9.976  0.0000E+00  0.6000E+01
  -9.966  0.0000E+00  0.6000E+01
  -9.956  0.0000E+00  0.6000E+01
  -9.946  0.0000E+00  0.6000E+01
  -9.936  0.0000E+00  0.6000E+01
  -9.926  0.0000E+00  0.6000E+01
  -9.916  0.0000E+00  0.6000E+01
  -9.906  0.0000E+00  0.6000E+01
  -9.896  0.0000E+00  0.6000E+01
  -9.886  0.0000E+00  0.6000E+01
  -9.876  0.0000E+00  0.6000E+01
  -9.866  0.0000E+00  0.6000E+01
  -9.856  0.0000E+00  0.6000E+01
  -9.846  0.0000E+00  0.6000E+01
  -9.836  0.0000E+00  0.6000E+01
  -9.826  0.0000E+00  0.6000E+01
  -9.816  0.0000E+00  0.6000E+01
  -9.806  0.0000E+00  0.6000E+01
  -9.796  0.0000E+00  0.6000E+01
  -9.786  0.0000E+00  0.6000E+01
  -9.776  0.0000E+00  0.6000E+01
  -9.766  0.0000E+00  0.6000E+01
  -9.756  0.0000E+00  0.6000E+01
  -9.746  0.0000E+00  0.6000E+01
  -9.736  0.0000E+00  0.6000E+01
  -9.726  0.0000E+00  0.6000E+01
  -9.716  0.0000E+00  0.6000E+01
  -9.706  0.0000E+00  0.6000E+01
  -9.696  0.0000E+00  0.6000E+01
  -9.686  0.0000E+00  0.6000E+01
  -9.676  0.0000E+00  0.6000E+01
  -9.666  0.0000E+00  0.6000E+01
  -9.656  0.0000E+00  0.6000E+01
  -9.646  0.0000E+00  0.6000E+01
  -9.636  0.0000E+00  0.6000E+01
  -9.626  0.0000E+00  0.6000E+01
  -9.616  0.0000E+00  0.6000E+01
  -9.606  0.0000E+00  0.6000E+01
  -9.596  0.0000E+00  0.6000E+01
  -9.586  0.0000E+00  0.6000E+01
  -9.576  0.0000E+00  0.6000E+01
  -9.566  0.0000E+00  0.6000E+01
  -9.556  0.0000E+00  0.6000E+01
  -9.546  0.0000E+00  0.6000E+01
  -9.536  0.0000E+00  0.6000E+01
  -9.526  0.0000E+00  0.6000E+01
  -9.516  0.0000E+00  0.6000E+01
  -9.506  0.0000E+00  0.6000E+01
  -9.496  0.0000E+00  0.6000E+01
  -9.486  0.0000E+00  0.6000E+01
  -9.476  0.0000E+00  0.6000E+01
  -9.466  0.0000E+00  0.6000E+01
  -9.456  0.0000E+00  0.6000E+01
  -9.446  0.0000E+00  0.6000E+01
  -9.436  0.0000E+00  0.6000E+01
  -9.426  0.0000E+00  0.6000E+01
  -9.416  0.0000E+00  0.6000E+01
  -9.406  0.0000E+00  0.6000E+01
  -9.396  0.0000E+00  0.6000E+01
  -9.386  0.0000E+00  0.6000E+01
  -9.376  0.0000E+00  0.6000E+01
  -9.366  0.0000E+00  0.6000E+01
  -9.356  0.0000E+00  0.6000E+01
  -9.346  0.0000E+00  0.6000E+01
  -9.336  0.0000E+00  0.6000E+01
  -9.326  0.0000E+00  0.6000E+01
  -9.316  0.0000E+00  0.6000E+01
  -9.306  0.0000E+00  0.6000E+01
  -9.296  0.0000E+00  0.6000E+01
  -9.286  0.0000E+00  0.6000E+01
  -9.276  0.0000E+00  0.6000E+01
  -9.266  0.0000E+00  0.6000E+01
  -9.256  0.0000E+00  0.6000E+01
  -9.246  0.0000E+00  0.6000E+01
  -9.236  0.0000E+00  0.6000E+01
  -9.226  0.0000E+00  0.6000E+01
  -9.216  0.0000E+00  0.6000E+01
  -9.206  0.0000E+00  0.6000E+01
  -9.196  0.0000E+00  0.6000E+01
  -9.186  0.0000E+00  0.6000E+01
  -9.176  0.0000E+00  0.6000E+01
  -9.166  0.0000E+00  0.6000E+01
  -9.156  0.0000E+00  0.6000E+01
  -9.146  0.0000E+00  0.6000E+01
  -9.136  0.0000E+00  0.6000E+01
  -9.126  0.0000E+00  0.6000E+01
  -9.116  0.0000E+00  0.6000E+01
  -9.106  0.0000E+00  0.6000E+01
  -9.096  0.0000E+00  0.6000E+01
  -9.086  0.0000E+00  0.6000E+01
  -9.076  0.0000E+00  0.6000E+01
  -9.066  0.0000E+00  0.6000E+01
  -9.056  0.0000E+00  0.6000E+01
  -9.046  0.0000E+00  0.6000E+01
  -9.036  0.0000E+00  0.6000E+01
  -9.026  0.0000E+00  0.6000E+01
  -9.016  0.0000E+00  0.6000E+01
  -9.006  0.0000E+00  0.6000E+01
  -8.996  0.0000E+00  0.6000E+01
  -8.986  0.0000E+00  0.6000E+01
  -8.976  0.0000E+00  0.6000E+01
  -8.966  0.0000E+00  0.6000E+01
  -8.956  0.0000E+00  0.6000E+01
  -8.946  0.0000E+00  0.6000E+01
  -8.936  0.0000E+00  0.6000E+01
  -8.926  0.0000E+00  0.6000E+01
  -8.916  0.0000E+00  0.6000E+01
  -8.906  0.0000E+00  0.6000E+01
  -8.896  0.0000E+00  0.6000E+01
  -8.886  0.0000E+00  0.6000E+01
  -8.876  0.0000E+00  0.6000E+01
  -8.866  0.0000E+00  0.6000E+01
  -8.856  0.0000E+00  0.6000E+01
  -8.846  0.0000E+00  0.6000E+01
  -8.836  0.0000E+00  0.6000E+01
  -8.826  0.0000E+00  0.6000E+01
  -8.816  0.0000E+00  0.6000E+01
  -8.806  0.0000E+00  0.6000E+01
  -8.796  0.0000E+00  0.6000E+01
  -8.786  0.0000E+00  0.6000E+01
  -8.776  0.0000E+00  0.6000E+01
  -8.766  0.0000E+00  0.6000E+01
  -8.756  0.0000E+00  0.6000E+01
  -8.746  0.0000E+00  0.6000E+01
  -8.736  0.0000E+00  0.6000E+01
  -8.726  0.0000E+00  0.6000E+01
  -8.716  0.0000E+00  0.6000E+01
  -8.706  0.0000E+00  0.6000E+01
  -8.696  0.0000E+00  0.6000E+01
  -8.686  0.0000E+00  0.6000E+01
  -8.676  0.0000E+00  0.6000E+01
  -8.666  0.0000E+00  0.6000E+01
  -8.656  0.0000E+00  0.6000E+01
  -8.646  0.0000E+00  0.6000E+01
  -8.636  0.0000E+00  0.6000E+01
  -8.626  0.0000E+00  0.6000E+01
  -8.616  0.0000E+00  0.6000E+01
  -8.606  0.0000E+00  0.6000E+01
  -8.596  0.0000E+00  0.6000E+01
  -8.586  0.0000E+00  0.6000E+01
  -8.576  0.0000E+00  0.6000E+01
  -8.566  0.0000E+00  0.6000E+01
  -8.556  0.0000E+00  0.6000E+01
  -8.546  0.0000E+00  0.6000E+01
  -8.536  0.0000E+00  0.6000E+01
  -8.526  0.0000E+00  0.6000E+01
  -8.516  0.0000E+00  0.6000E+01
  -8.506  0.0000E+00  0.6000E+01
  -8.496  0.0000E+00  0.6000E+01
  -8.486  0.0000E+00  0.6000E+01
  -8.476  0.0000E+00  0.6000E+01
  -8.466  0.0000E+00  0.6000E+01
  -8.456  0.0000E+00  0.6000E+01
  -8.446  0.0000E+00  0.6000E+01
  -8.436  0.0000E+00  0.6000E+01
  -8.426  0.0000E+00  0.6000E+01
  -8.416  0.0000E+00  0.6000E+01
  -8.406  0.0000E+00  0.6000E+01
  -8.396  0.0000E+00  0.6000E+01
  -8.386  0.0000E+00  0.6000E+01
  -8.376  0.0000E+00  0.6000E+01
  -8.366  0.0000E+00  0.6000E+01
  -8.356  0.0000E+00  0.6000E+01
  -8.346  0.0000E+00  0.6000E+01
  -8.336  0.0000E+00  0.6000E+01
  -8.326  0.0000E+00  0.6000E+01
  -8.316  0.0000E+00  0.6000E+01
  -8.306  0.0000E+00  0.6000E+01
  -8.296  0.0000E+00  0.6000E+01
  -8.286  0.0000E+00  0.6000E+01
  -8.276  0.0000E+00  0.6000E+01
  -8.266  0.0000E+00  0.6000E+01
  -8.256  0.0000E+00  0.6000E+01
  -8.246  0.0000E+00  0.6000E+01
  -8.236  0.0000E+00  0.6000E+01
  -8.226  0.0000E+00  0.6000E+01
  -8.216  0.0000E+00  0.6000E+01
  -8.206  0.0000E+00  0.6000E+01
  -8.196  0.0000E+00  0.6000E+01
  -8.186  0.0000E+00  0.6000E+01
  -8.176  0.0000E+00  0.6000E+01
  -8.166  0.0000E+00  0.6000E+01
  -8.156  0.0000E+00  0.6000E+01
  -8.146  0.0000E+00  0.6000E+01
  -8.136  0.0000E+00  0.6000E+01
  -8.126  0.0000E+00  0.6000E+01
  -8.116  0.0000E+00  0.6000E+01
  -8.106  0.0000E+00  0.6000E+01
  -8.096  0.0000E+00  0.6000E+01
  -8.086  0.0000E+00  0.6000E+01
  -8.076  0.0000E+00  0.6000E+01
  -8.066  0.0000E+00  0.6000E+01
  -8.056  0.0000E+00  0.6000E+01
  -8.046  0.0000E+00  0.6000E+01
  -8.036  0.0000E+00  0.6000E+01
  -8.026  0.0000E+00  0.6000E+01
  -8.016  0.0000E+00  0.6000E+01
  -8.006  0.0000E+00  0.6000E+01
  -7.996  0.0000E+00  0.6000E+01
  -7.986  0.0000E+00  0.6000E+01
  -7.976  0.0000E+00  0.6000E+01
  -7.966  0.0000E+00  0.6000E+01
  -7.956  0.0000E+00  0.6000E+01
  -7.946  0.0000E+00  0.6000E+01
  -7.936  0.0000E+00  0.6000E+01
  -7.926  0.0000E+00  0.6000E+01
  -7.916  0.0000E+00  0.6000E+01
  -7.906  0.0000E+00  0.6000E+01
  -7.896  0.0000E+00  0.6000E+01
  -7.886  0.2545E-02  0.6000E+01
  -7.876  0.5677E-01  0.6000E+01
  -7.866  0.1648E+00  0.6001E+01
  -7.856  0.2223E+00  0.6003E+01
  -7.846  0.2358E+00  0.6006E+01
  -7.836  0.2693E+00  0.6008E+01
  -7.826  0.3165E+00  0.6011E+01
  -7.816  0.3648E+00  0.6014E+01
  -7.806  0.3943E+00  0.6018E+01
  -7.796  0.4079E+00  0.6022E+01
  -7.786  0.4311E+00  0.6026E+01
  -7.776  0.4604E+00  0.6031E+01
  -7.766  0.4895E+00  0.6036E+01
  -7.756  0.5184E+00  0.6041E+01
  -7.746  0.5479E+00  0.6046E+01
  -7.736  0.5794E+00  0.6052E+01
  -7.726  0.6049E+00  0.6058E+01
  -7.716  0.6262E+00  0.6064E+01
  -7.706  0.6510E+00  0.6070E+01
  -7.696  0.6771E+00  0.6077E+01
  -7.686  0.7029E+00  0.6084E+01
  -7.676  0.7286E+00  0.6091E+01
  -7.666  0.7555E+00  0.6098E+01
  -7.656  0.7846E+00  0.6106E+01
  -7.646  0.8145E+00  0.6114E+01
  -7.636  0.8441E+00  0.6122E+01
  -7.626  0.8723E+00  0.6131E+01
  -7.616  0.9009E+00  0.6140E+01
  -7.606  0.9303E+00  0.6149E+01
  -7.596  0.9600E+00  0.6158E+01
  -7.586  0.9904E+00  0.6168E+01
  -7.576  0.1022E+01  0.6178E+01
  -7.566  0.1054E+01  0.6189E+01
  -7.556  0.1086E+01  0.6199E+01
  -7.546  0.1119E+01  0.6210E+01
  -7.536  0.1155E+01  0.6222E+01
  -7.526  0.1196E+01  0.6233E+01
  -7.516  0.1238E+01  0.6246E+01
  -7.506  0.1279E+01  0.6258E+01
  -7.496  0.1321E+01  0.6271E+01
  -7.486  0.1365E+01  0.6285E+01
  -7.476  0.1409E+01  0.6298E+01
  -7.466  0.1453E+01  0.6313E+01
  -7.456  0.1498E+01  0.6327E+01
  -7.446  0.1552E+01  0.6343E+01
  -7.436  0.1628E+01  0.6359E+01
  -7.426  0.1703E+01  0.6375E+01
  -7.416  0.1775E+01  0.6393E+01
  -7.406  0.1850E+01  0.6411E+01
  -7.396  0.1928E+01  0.6430E+01
  -7.386  0.2042E+01  0.6449E+01
  -7.376  0.2276E+01  0.6471E+01
  -7.366  0.2513E+01  0.6495E+01
  -7.356  0.2543E+01  0.6520E+01
  -7.346  0.2482E+01  0.6545E+01
  -7.336  0.2495E+01  0.6570E+01
  -7.326  0.2522E+01  0.6595E+01
  -7.316  0.2516E+01  0.6621E+01
  -7.306  0.2478E+01  0.6646E+01
  -7.296  0.2451E+01  0.6670E+01
  -7.286  0.2451E+01  0.6695E+01
  -7.276  0.2451E+01  0.6719E+01
  -7.266  0.2451E+01  0.6744E+01
  -7.256  0.2449E+01  0.6768E+01
  -7.246  0.2442E+01  0.6793E+01
  -7.236  0.2424E+01  0.6817E+01
  -7.226  0.2405E+01  0.6841E+01
  -7.216  0.2397E+01  0.6865E+01
  -7.206  0.2391E+01  0.6889E+01
  -7.196  0.2385E+01  0.6913E+01
  -7.186  0.2379E+01  0.6937E+01
  -7.176  0.2374E+01  0.6961E+01
  -7.166  0.2370E+01  0.6984E+01
  -7.156  0.2363E+01  0.7008E+01
  -7.146  0.2352E+01  0.7032E+01
  -7.136  0.2341E+01  0.7055E+01
  -7.126  0.2331E+01  0.7078E+01
  -7.116  0.2323E+01  0.7102E+01
  -7.106  0.2315E+01  0.7125E+01
  -7.096  0.2308E+01  0.7148E+01
  -7.086  0.2300E+01  0.7171E+01
  -7.076  0.2293E+01  0.7194E+01
  -7.066  0.2285E+01  0.7217E+01
  -7.056  0.2280E+01  0.7240E+01
  -7.046  0.2277E+01  0.7262E+01
  -7.036  0.2273E+01  0.7285E+01
  -7.026  0.2264E+01  0.7308E+01
  -7.016  0.2254E+01  0.7331E+01
  -7.006  0.2244E+01  0.7353E+01
  -6.996  0.2232E+01  0.7375E+01
  -6.986  0.2219E+01  0.7398E+01
  -6.976  0.2206E+01  0.7420E+01
  -6.966  0.2209E+01  0.7442E+01
  -6.956  0.2226E+01  0.7464E+01
  -6.946  0.2227E+01  0.7486E+01
  -6.936  0.2207E+01  0.7508E+01
  -6.926  0.2180E+01  0.7530E+01
  -6.916  0.2150E+01  0.7552E+01
  -6.906  0.2156E+01  0.7574E+01
  -6.896  0.2205E+01  0.7595E+01
  -6.886  0.2181E+01  0.7617E+01
  -6.876  0.1999E+01  0.7638E+01
  -6.866  0.1788E+01  0.7657E+01
  -6.856  0.1668E+01  0.7674E+01
  -6.846  0.1583E+01  0.7691E+01
  -6.836  0.1493E+01  0.7706E+01
  -6.826  0.1405E+01  0.7721E+01
  -6.816  0.1336E+01  0.7734E+01
  -6.806  0.1283E+01  0.7747E+01
  -6.796  0.1234E+01  0.7760E+01
  -6.786  0.1186E+01  0.7772E+01
  -6.776  0.1138E+01  0.7784E+01
  -6.766  0.1090E+01  0.7795E+01
  -6.756  0.1041E+01  0.7805E+01
  -6.746  0.9979E+00  0.7816E+01
  -6.736  0.9614E+00  0.7825E+01
  -6.726  0.9274E+00  0.7835E+01
  -6.716  0.8944E+00  0.7844E+01
  -6.706  0.8620E+00  0.7853E+01
  -6.696  0.8303E+00  0.7861E+01
  -6.686  0.7992E+00  0.7869E+01
  -6.676  0.7678E+00  0.7877E+01
  -6.666  0.7365E+00  0.7885E+01
  -6.656  0.7069E+00  0.7892E+01
  -6.646  0.6796E+00  0.7899E+01
  -6.636  0.6541E+00  0.7906E+01
  -6.626  0.6295E+00  0.7912E+01
  -6.616  0.6052E+00  0.7918E+01
  -6.606  0.5813E+00  0.7924E+01
  -6.596  0.5577E+00  0.7930E+01
  -6.586  0.5345E+00  0.7935E+01
  -6.576  0.5122E+00  0.7940E+01
  -6.566  0.4906E+00  0.7945E+01
  -6.556  0.4687E+00  0.7950E+01
  -6.546  0.4464E+00  0.7955E+01
  -6.536  0.4244E+00  0.7959E+01
  -6.526  0.4027E+00  0.7963E+01
  -6.516  0.3812E+00  0.7967E+01
  -6.506  0.3599E+00  0.7971E+01
  -6.496  0.3392E+00  0.7974E+01
  -6.486  0.3217E+00  0.7978E+01
  -6.476  0.3080E+00  0.7981E+01
  -6.466  0.2913E+00  0.7984E+01
  -6.456  0.2671E+00  0.7987E+01
  -6.446  0.2382E+00  0.7989E+01
  -6.436  0.2104E+00  0.7991E+01
  -6.426  0.1873E+00  0.7993E+01
  -6.416  0.1727E+00  0.7995E+01
  -6.406  0.1617E+00  0.7997E+01
  -6.396  0.1298E+00  0.7998E+01
  -6.386  0.7380E-01  0.7999E+01
  -6.376  0.2436E-01  0.8000E+01
  -6.366  0.1640E-02  0.8000E+01
  -6.356  0.0000E+00  0.8000E+01
  -6.346  0.0000E+00  0.8000E+01
  -6.336  0.0000E+00  0.8000E+01
  -6.326  0.0000E+00  0.8000E+01
  -6.316  0.0000E+00  0.8000E+01
  -6.306  0.0000E+00  0.8000E+01
  -6.296  0.0000E+00  0.8000E+01
  -6.286  0.0000E+00  0.8000E+01
  -6.276  0.0000E+00  0.8000E+01
  -6.266  0.0000E+00  0.8000E+01
  -6.256  0.0000E+00  0.8000E+01
  -6.246  0.0000E+00  0.8000E+01
  -6.236  0.0000E+00  0.8000E+01
  -6.226  0.0000E+00  0.8000E+01
  -6.216  0.0000E+00  0.8000E+01
  -6.206  0.0000E+00  0.8000E+01
  -6.196  0.0000E+00  0.8000E+01
  -6.186  0.0000E+00  0.8000E+01
  -6.176  0.0000E+00  0.8000E+01
  -6.166  0.0000E+00  0.8000E+01
  -6.156  0.0000E+00  0.8000E+01
  -6.146  0.0000E+00  0.8000E+01
  -6.136  0.0000E+00  0.8000E+01
  -6.126  0.0000E+00  0.8000E+01
  -6.116  0.0000E+00  0.8000E+01
  -6.106  0.0000E+00  0.8000E+01
  -6.096  0.0000E+00  0.8000E+01
  -6.086  0.0000E+00  0.8000E+01
  -6.076  0.0000E+00  0.8000E+01
  -6.066  0.0000E+00  0.8000E+01
  -6.056  0.0000E+00  0.8000E+01
  -6.046  0.0000E+00  0.8000E+01
  -6.036  0.0000E+00  0.8000E+01
  -6.026  0.0000E+00  0.8000E+01
  -6.016  0.0000E+00  0.8000E+01
  -6.006  0.0000E+00  0.8000E+01
  -5.996  0.0000E+00  0.8000E+01
  -5.986  0.0000E+00  0.8000E+01
  -5.976  0.0000E+00  0.8000E+01
  -5.966  0.0000E+00  0.8000E+01
  -5.956  0.0000E+00  0.8000E+01
  -5.946  0.0000E+00  0.8000E+01
  -5.936  0.0000E+00  0.8000E+01
  -5.926  0.0000E+00  0.8000E+01
  -5.916  0.0000E+00  0.8000E+01
  -5.906  0.0000E+00  0.8000E+01
  -5.896  0.0000E+00  0.8000E+01
  -5.886  0.0000E+00  0.8000E+01
  -5.876  0.0000E+00  0.8000E+01
  -5.866  0.0000E+00  0.8000E+01
  -5.856  0.0000E+00  0.8000E+01
  -5.846  0.0000E+00  0.8000E+01
  -5.836  0.0000E+00  0.8000E+01
  -5.826  0.0000E+00  0.8000E+01
  -5.816  0.0000E+00  0.8000E+01
  -5.806  0.0000E+00  0.8000E+01
  -5.796  0.0000E+00  0.8000E+01
  -5.786  0.0000E+00  0.8000E+01
  -5.776  0.0000E+00  0.8000E+01
  -5.766  0.0000E+00  0.8000E+01
  -5.756  0.0000E+00  0.8000E+01
  -5.746  0.0000E+00  0.8000E+01
  -5.736  0.0000E+00  0.8000E+01
  -5.726  0.0000E+00  0.8000E+01
  -5.716  0.0000E+00  0.8000E+01
  -5.706  0.0000E+00  0.8000E+01
  -5.696  0.0000E+00  0.8000E+01
  -5.686  0.0000E+00  0.8000E+01
  -5.676  0.0000E+00  0.8000E+01
  -5.666  0.0000E+00  0.8000E+01
  -5.656  0.0000E+00  0.8000E+01
  -5.646  0.0000E+00  0.8000E+01
  -5.636  0.0000E+00  0.8000E+01
  -5.626  0.0000E+00  0.8000E+01
  -5.616  0.0000E+00  0.8000E+01
  -5.606  0.0000E+00  0.8000E+01
  -5.596  0.0000E+00  0.8000E+01
  -5.586  0.0000E+00  0.8000E+01
  -5.576  0.0000E+00  0.8000E+01
  -5.566  0.0000E+00  0.8000E+01
  -5.556  0.0000E+00  0.8000E+01
  -5.546  0.0000E+00  0.8000E+01
  -5.536  0.0000E+00  0.8000E+01
  -5.526  0.0000E+00  0.8000E+01
  -5.516  0.0000E+00  0.8000E+01
  -5.506  0.0000E+00  0.8000E+01
  -5.496  0.0000E+00  0.8000E+01
  -5.486  0.0000E+00  0.8000E+01
  -5.476  0.0000E+00  0.8000E+01
  -5.466  0.0000E+00  0.8000E+01
  -5.456  0.0000E+00  0.8000E+01
  -5.446  0.0000E+00  0.8000E+01
  -5.436  0.0000E+00  0.8000E+01
  -5.426  0.0000E+00  0.8000E+01
  -5.416  0.0000E+00  0.8000E+01
  -5.406  0.0000E+00  0.8000E+01
  -5.396  0.0000E+00  0.8000E+01
  -5.386  0.0000E+00  0.8000E+01
  -5.376  0.0000E+00  0.8000E+01
  -5.366  0.0000E+00  0.8000E+01
  -5.356  0.0000E+00  0.8000E+01
  -5.346  0.0000E+00  0.8000E+01
  -5.336  0.0000E+00  0.8000E+01
  -5.326  0.0000E+00  0.8000E+01
  -5.316  0.0000E+00  0.8000E+01
  -5.306  0.0000E+00  0.8000E+01
  -5.296  0.0000E+00  0.8000E+01
  -5.286  0.0000E+00  0.8000E+01
  -5.276  0.0000E+00  0.8000E+01
  -5.266  0.0000E+00  0.8000E+01
  -5.256  0.0000E+00  0.8000E+01
  -5.246  0.0000E+00  0.8000E+01
  -5.236  0.0000E+00  0.8000E+01
  -5.226  0.0000E+00  0.8000E+01
  -5.216  0.0000E+00  0.8000E+01
  -5.206  0.0000E+00  0.8000E+01
  -5.196  0.0000E+00  0.8000E+01
  -5.186  0.0000E+00  0.8000E+01
  -5.176  0.0000E+00  0.8000E+01
  -5.166  0.0000E+00  0.8000E+01
  -5.156  0.0000E+00  0.8000E+01
  -5.146  0.0000E+00  0.8000E+01
  -5.136  0.0000E+00  0.8000E+01
  -5.126  0.0000E+00  0.8000E+01
  -5.116  0.0000E+00  0.8000E+01
  -5.106  0.0000E+00  0.8000E+01
  -5.096  0.0000E+00  0.8000E+01
  -5.086  0.0000E+00  0.8000E+01
  -5.076  0.0000E+00  0.8000E+01
  -5.066  0.0000E+00  0.8000E+01
  -5.056  0.0000E+00  0.8000E+01
  -5.046  0.0000E+00  0.8000E+01
  -5.036  0.0000E+00  0.8000E+01
  -5.026  0.0000E+00  0.8000E+01
  -5.016  0.0000E+00  0.8000E+01
  -5.006  0.0000E+00  0.8000E+01
  -4.996  0.0000E+00  0.8000E+01
  -4.986  0.0000E+00  0.8000E+01
  -4.976  0.0000E+00  0.8000E+01
  -4.966  0.0000E+00  0.8000E+01
  -4.956  0.0000E+00  0.8000E+01
  -4.946  0.0000E+00  0.8000E+01
  -4.936  0.0000E+00  0.8000E+01
  -4.926  0.0000E+00  0.8000E+01
  -4.916  0.0000E+00  0.8000E+01
  -4.906  0.0000E+00  0.8000E+01
  -4.896  0.0000E+00  0.8000E+01
  -4.886  0.0000E+00  0.8000E+01
  -4.876  0.0000E+00  0.8000E+01
  -4.866  0.0000E+00  0.8000E+01
  -4.856  0.0000E+00  0.8000E+01
  -4.846  0.0000E+00  0.8000E+01
  -4.836  0.0000E+00  0.8000E+01
  -4.826  0.0000E+00  0.8000E+01
  -4.816  0.0000E+00  0.8000E+01
  -4.806  0.0000E+00  0.8000E+01
  -4.796  0.0000E+00  0.8000E+01
  -4.786  0.0000E+00  0.8000E+01
  -4.776  0.0000E+00  0.8000E+01
  -4.766  0.0000E+00  0.8000E+01
  -4.756  0.0000E+00  0.8000E+01
  -4.746  0.0000E+00  0.8000E+01
  -4.736  0.0000E+00  0.8000E+01
  -4.726  0.0000E+00  0.8000E+01
  -4.716  0.0000E+00  0.8000E+01
  -4.706  0.0000E+00  0.8000E+01
  -4.696  0.0000E+00  0.8000E+01
  -4.686  0.0000E+00  0.8000E+01
  -4.676  0.0000E+00  0.8000E+01
  -4.666  0.0000E+00  0.8000E+01
  -4.656  0.0000E+00  0.8000E+01
  -4.646  0.0000E+00  0.8000E+01
  -4.636  0.0000E+00  0.8000E+01
  -4.626  0.0000E+00  0.8000E+01
  -4.616  0.0000E+00  0.8000E+01
  -4.606  0.0000E+00  0.8000E+01
  -4.596  0.0000E+00  0.8000E+01
  -4.586  0.0000E+00  0.8000E+01
  -4.576  0.0000E+00  0.8000E+01
  -4.566  0.0000E+00  0.8000E+01
  -4.556  0.0000E+00  0.8000E+01
  -4.546  0.0000E+00  0.8000E+01
  -4.536  0.0000E+00  0.8000E+01
  -4.526  0.0000E+00  0.8000E+01
  -4.516  0.0000E+00  0.8000E+01
  -4.506  0.0000E+00  0.8000E+01
  -4.496  0.0000E+00  0.8000E+01
  -4.486  0.0000E+00  0.8000E+01
  -4.476  0.0000E+00  0.8000E+01
  -4.466  0.0000E+00  0.8000E+01
  -4.456  0.0000E+00  0.8000E+01
  -4.446  0.0000E+00  0.8000E+01
  -4.436  0.0000E+00  0.8000E+01
  -4.426  0.0000E+00  0.8000E+01
  -4.416  0.0000E+00  0.8000E+01
  -4.406  0.0000E+00  0.8000E+01
  -4.396  0.0000E+00  0.8000E+01
  -4.386  0.0000E+00  0.8000E+01
  -4.376  0.0000E+00  0.8000E+01
  -4.366  0.0000E+00  0.8000E+01
  -4.356  0.0000E+00  0.8000E+01
  -4.346  0.0000E+00  0.8000E+01
  -4.336  0.0000E+00  0.8000E+01
  -4.326  0.0000E+00  0.8000E+01
  -4.316  0.0000E+00  0.8000E+01
  -4.306  0.0000E+00  0.8000E+01
  -4.296  0.0000E+00  0.8000E+01
  -4.286  0.0000E+00  0.8000E+01
  -4.276  0.0000E+00  0.8000E+01
  -4.266  0.0000E+00  0.8000E+01
  -4.256  0.0000E+00  0.8000E+01
  -4.246  0.0000E+00  0.8000E+01
  -4.236  0.0000E+00  0.8000E+01
  -4.226  0.0000E+00  0.8000E+01
  -4.216  0.0000E+00  0.8000E+01
  -4.206  0.0000E+00  0.8000E+01
  -4.196  0.0000E+00  0.8000E+01
  -4.186  0.0000E+00  0.8000E+01
  -4.176  0.0000E+00  0.8000E+01
  -4.166  0.0000E+00  0.8000E+01
  -4.156  0.0000E+00  0.8000E+01
  -4.146  0.0000E+00  0.8000E+01
  -4.136  0.0000E+00  0.8000E+01
  -4.126  0.0000E+00  0.8000E+01
  -4.116  0.0000E+00  0.8000E+01
  -4.106  0.0000E+00  0.8000E+01
  -4.096  0.0000E+00  0.8000E+01
  -4.086  0.0000E+00  0.8000E+01
  -4.076  0.0000E+00  0.8000E+01
  -4.066  0.0000E+00  0.8000E+01
  -4.056  0.0000E+00  0.8000E+01
  -4.046  0.0000E+00  0.8000E+01
  -4.036  0.0000E+00  0.8000E+01
  -4.026  0.0000E+00  0.8000E+01
  -4.016  0.0000E+00  0.8000E+01
  -4.006  0.0000E+00  0.8000E+01
  -3.996  0.0000E+00  0.8000E+01
  -3.986  0.0000E+00  0.8000E+01
  -3.976  0.0000E+00  0.8000E+01
  -3.966  0.0000E+00  0.8000E+01
  -3.956  0.0000E+00  0.8000E+01
  -3.946  0.0000E+00  0.8000E+01
  -3.936  0.0000E+00  0.8000E+01
  -3.926  0.0000E+00  0.8000E+01
  -3.916  0.0000E+00  0.8000E+01
  -3.906  0.0000E+00  0.8000E+01
  -3.896  0.0000E+00  0.8000E+01
  -3.886  0.0000E+00  0.8000E+01
  -3.876  0.0000E+00  0.8000E+01
  -3.866  0.0000E+00  0.8000E+01
  -3.856  0.0000E+00  0.8000E+01
  -3.846  0.0000E+00  0.8000E+01
  -3.836  0.0000E+00  0.8000E+01
  -3.826  0.0000E+00  0.8000E+01
  -3.816  0.0000E+00  0.8000E+01
  -3.806  0.0000E+00  0.8000E+01
  -3.796  0.0000E+00  0.8000E+01
  -3.786  0.0000E+00  0.8000E+01
  -3.776  0.0000E+00  0.8000E+01
  -3.766  0.0000E+00  0.8000E+01
  -3.756  0.0000E+00  0.8000E+01
  -3.746  0.0000E+00  0.8000E+01
  -3.736  0.0000E+00  0.8000E+01
  -3.726  0.0000E+00  0.8000E+01
  -3.716  0.0000E+00  0.8000E+01
  -3.706  0.0000E+00  0.8000E+01
  -3.696  0.0000E+00  0.8000E+01
  -3.686  0.0000E+00  0.8000E+01
  -3.676  0.0000E+00  0.8000E+01
  -3.666  0.0000E+00  0.8000E+01
  -3.656  0.0000E+00  0.8000E+01
  -3.646  0.0000E+00  0.8000E+01
  -3.636  0.0000E+00  0.8000E+01
  -3.626  0.0000E+00  0.8000E+01
  -3.616  0.0000E+00  0.8000E+01
  -3.606  0.0000E+00  0.8000E+01
  -3.596  0.0000E+00  0.8000E+01
  -3.586  0.0000E+00  0.8000E+01
  -3.576  0.0000E+00  0.8000E+01
  -3.566  0.0000E+00  0.8000E+01
  -3.556  0.0000E+00  0.8000E+01
  -3.546  0.0000E+00  0.8000E+01
  -3.536  0.0000E+00  0.8000E+01
  -3.526  0.0000E+00  0.8000E+01
  -3.516  0.0000E+00  0.8000E+01
  -3.506  0.0000E+00  0.8000E+01
  -3.496  0.0000E+00  0.8000E+01
  -3.486  0.0000E+00  0.8000E+01
  -3.476  0.0000E+00  0.8000E+01
  -3.466  0.0000E+00  0.8000E+01
  -3.456  0.0000E+00  0.8000E+01
  -3.446  0.0000E+00  0.8000E+01
  -3.436  0.0000E+00  0.8000E+01
  -3.426  0.0000E+00  0.8000E+01
  -3.416  0.0000E+00  0.8000E+01
  -3.406  0.0000E+00  0.8000E+01
  -3.396  0.0000E+00  0.8000E+01
  -3.386  0.0000E+00  0.8000E+01
  -3.376  0.0000E+00  0.8000E+01
  -3.366  0.0000E+00  0.8000E+01
  -3.356  0.0000E+00  0.8000E+01
  -3.346  0.0000E+00  0.8000E+01
  -3.336  0.0000E+00  0.8000E+01
  -3.326  0.0000E+00  0.8000E+01
  -3.316  0.0000E+00  0.8000E+01
  -3.306  0.0000E+00  0.8000E+01
  -3.296  0.0000E+00  0.8000E+01
  -3.286  0.0000E+00  0.8000E+01
  -3.276  0.0000E+00  0.8000E+01
  -3.266  0.0000E+00  0.8000E+01
  -3.256  0.0000E+00  0.8000E+01
  -3.246  0.0000E+00  0.8000E+01
  -3.236  0.0000E+00  0.8000E+01
  -3.226  0.0000E+00  0.8000E+01
  -3.216  0.0000E+00  0.8000E+01
  -3.206  0.0000E+00  0.8000E+01
  -3.196  0.0000E+00  0.8000E+01
  -3.186  0.0000E+00  0.8000E+01
  -3.176  0.0000E+00  0.8000E+01
  -3.166  0.0000E+00  0.8000E+01
  -3.156  0.0000E+00  0.8000E+01
  -3.146  0.0000E+00  0.8000E+01
  -3.136  0.0000E+00  0.8000E+01
  -3.126  0.0000E+00  0.8000E+01
  -3.116  0.0000E+00  0.8000E+01
  -3.106  0.0000E+00  0.8000E+01
  -3.096  0.0000E+00  0.8000E+01
  -3.086  0.0000E+00  0.8000E+01
  -3.076  0.0000E+00  0.8000E+01
  -3.066  0.0000E+00  0.8000E+01
  -3.056  0.0000E+00  0.8000E+01
  -3.046  0.0000E+00  0.8000E+01
  -3.036  0.0000E+00  0.8000E+01
  -3.026  0.0000E+00  0.8000E+01
  -3.016  0.0000E+00  0.8000E+01
  -3.006  0.0000E+00  0.8000E+01
  -2.996  0.0000E+00  0.8000E+01
  -2.986  0.0000E+00  0.8000E+01
  -2.976  0.0000E+00  0.8000E+01
  -2.966  0.0000E+00  0.8000E+01
  -2.956  0.0000E+00  0.8000E+01
  -2.946  0.0000E+00  0.8000E+01
  -2.936  0.0000E+00  0.8000E+01
  -2.926  0.0000E+00  0.8000E+01
  -2.916  0.0000E+00  0.8000E+01
  -2.906  0.0000E+00  0.8000E+01
  -2.896  0.0000E+00  0.8000E+01
  -2.886  0.0000E+00  0.8000E+01
  -2.876  0.0000E+00  0.8000E+01
  -2.866  0.0000E+00  0.8000E+01
  -2.856  0.0000E+00  0.8000E+01
  -2.846  0.0000E+00  0.8000E+01
  -2.836  0.0000E+00  0.8000E+01
  -2.826  0.0000E+00  0.8000E+01
  -2.816  0.0000E+00  0.8000E+01
  -2.806  0.0000E+00  0.8000E+01
  -2.796  0.0000E+00  0.8000E+01
  -2.786  0.0000E+00  0.8000E+01
  -2.776  0.4998E+00  0.8003E+01
  -2.766  0.8689E+00  0.8010E+01
  -2.756  0.1256E+01  0.8020E+01
  -2.746  0.1674E+01  0.8035E+01
  -2.736  0.2114E+01  0.8054E+01
  -2.726  0.2623E+01  0.8078E+01
  -2.716  0.3191E+01  0.8107E+01
  -2.706  0.3497E+01  0.8141E+01
  -2.696  0.3799E+01  0.8177E+01
  -2.686  0.4243E+01  0.8217E+01
  -2.676  0.4836E+01  0.8262E+01
  -2.666  0.5478E+01  0.8316E+01
  -2.656  0.5946E+01  0.8373E+01
  -2.646  0.6193E+01  0.8434E+01
  -2.636  0.6340E+01  0.8497E+01
  -2.626  0.6412E+01  0.8561E+01
  -2.616  0.6496E+01  0.8625E+01
  -2.606  0.6073E+01  0.8688E+01
  -2.596  0.5702E+01  0.8746E+01
  -2.586  0.5674E+01  0.8803E+01
  -2.576  0.5678E+01  0.8860E+01
  -2.566  0.5674E+01  0.8917E+01
  -2.556  0.5691E+01  0.8974E+01
  -2.546  0.5697E+01  0.9030E+01
  -2.536  0.5630E+01  0.9087E+01
  -2.526  0.5357E+01  0.9142E+01
  -2.516  0.5080E+01  0.9194E+01
  -2.506  0.4794E+01  0.9244E+01
  -2.496  0.4512E+01  0.9290E+01
  -2.486  0.4258E+01  0.9334E+01
  -2.476  0.4068E+01  0.9376E+01
  -2.466  0.4002E+01  0.9416E+01
  -2.456  0.3928E+01  0.9456E+01
  -2.446  0.3844E+01  0.9494E+01
  -2.436  0.3737E+01  0.9532E+01
  -2.426  0.3561E+01  0.9569E+01
  -2.416  0.3418E+01  0.9604E+01
  -2.406  0.3332E+01  0.9637E+01
  -2.396  0.3259E+01  0.9670E+01
  -2.386  0.3203E+01  0.9703E+01
  -2.376  0.3150E+01  0.9734E+01
  -2.366  0.3099E+01  0.9766E+01
  -2.356  0.3052E+01  0.9796E+01
  -2.346  0.3014E+01  0.9827E+01
  -2.336  0.2989E+01  0.9857E+01
  -2.326  0.2958E+01  0.9887E+01
  -2.316  0.2928E+01  0.9916E+01
  -2.306  0.2933E+01  0.9945E+01
  -2.296  0.2932E+01  0.9975E+01
  -2.286  0.2917E+01  0.1000E+02
  -2.276  0.2847E+01  0.1003E+02
  -2.266  0.2846E+01  0.1006E+02
  -2.256  0.2843E+01  0.1009E+02
  -2.246  0.2845E+01  0.1012E+02
  -2.236  0.2836E+01  0.1015E+02
  -2.226  0.2812E+01  0.1017E+02
  -2.216  0.2788E+01  0.1020E+02
  -2.206  0.2759E+01  0.1023E+02
  -2.196  0.2713E+01  0.1026E+02
  -2.186  0.2681E+01  0.1028E+02
  -2.176  0.2651E+01  0.1031E+02
  -2.166  0.2641E+01  0.1034E+02
  -2.156  0.2558E+01  0.1036E+02
  -2.146  0.2517E+01  0.1039E+02
  -2.136  0.2489E+01  0.1041E+02
  -2.126  0.2462E+01  0.1044E+02
  -2.116  0.2436E+01  0.1046E+02
  -2.106  0.2411E+01  0.1049E+02
  -2.096  0.2389E+01  0.1051E+02
  -2.086  0.2373E+01  0.1054E+02
  -2.076  0.2359E+01  0.1056E+02
  -2.066  0.2347E+01  0.1058E+02
  -2.056  0.2338E+01  0.1061E+02
  -2.046  0.2340E+01  0.1063E+02
  -2.036  0.2344E+01  0.1065E+02
  -2.026  0.2349E+01  0.1068E+02
  -2.016  0.2360E+01  0.1070E+02
  -2.006  0.2370E+01  0.1072E+02
  -1.996  0.2376E+01  0.1075E+02
  -1.986  0.2383E+01  0.1077E+02
  -1.976  0.2394E+01  0.1079E+02
  -1.966  0.2404E+01  0.1082E+02
  -1.956  0.2361E+01  0.1084E+02
  -1.946  0.2341E+01  0.1087E+02
  -1.936  0.2350E+01  0.1089E+02
  -1.926  0.2368E+01  0.1091E+02
  -1.916  0.2378E+01  0.1094E+02
  -1.906  0.2391E+01  0.1096E+02
  -1.896  0.2400E+01  0.1098E+02
  -1.886  0.2403E+01  0.1101E+02
  -1.876  0.2398E+01  0.1103E+02
  -1.866  0.2387E+01  0.1106E+02
  -1.856  0.2381E+01  0.1108E+02
  -1.846  0.2373E+01  0.1110E+02
  -1.836  0.2367E+01  0.1113E+02
  -1.826  0.2375E+01  0.1115E+02
  -1.816  0.2330E+01  0.1118E+02
  -1.806  0.2322E+01  0.1120E+02
  -1.796  0.2318E+01  0.1122E+02
  -1.786  0.2315E+01  0.1124E+02
  -1.776  0.2313E+01  0.1127E+02
  -1.766  0.2311E+01  0.1129E+02
  -1.756  0.2310E+01  0.1131E+02
  -1.746  0.2312E+01  0.1134E+02
  -1.736  0.2318E+01  0.1136E+02
  -1.726  0.2325E+01  0.1138E+02
  -1.716  0.2333E+01  0.1141E+02
  -1.706  0.2346E+01  0.1143E+02
  -1.696  0.2363E+01  0.1145E+02
  -1.686  0.2390E+01  0.1148E+02
  -1.676  0.2431E+01  0.1150E+02
  -1.666  0.2477E+01  0.1153E+02
  -1.656  0.2527E+01  0.1155E+02
  -1.646  0.2583E+01  0.1158E+02
  -1.636  0.2639E+01  0.1160E+02
  -1.626  0.2694E+01  0.1163E+02
  -1.616  0.2823E+01  0.1166E+02
  -1.606  0.2925E+01  0.1169E+02
  -1.596  0.3037E+01  0.1172E+02
  -1.586  0.3162E+01  0.1175E+02
  -1.576  0.3287E+01  0.1178E+02
  -1.566  0.3441E+01  0.1181E+02
  -1.556  0.3719E+01  0.1185E+02
  -1.546  0.4049E+01  0.1189E+02
  -1.536  0.4315E+01  0.1193E+02
  -1.526  0.4555E+01  0.1197E+02
  -1.516  0.5218E+01  0.1202E+02
  -1.506  0.6934E+01  0.1208E+02
  -1.496  0.7884E+01  0.1216E+02
  -1.486  0.9284E+01  0.1224E+02
  -1.476  0.9064E+01  0.1234E+02
  -1.466  0.7668E+01  0.1242E+02
  -1.456  0.6935E+01  0.1249E+02
  -1.446  0.7960E+01  0.1256E+02
  -1.436  0.1126E+02  0.1266E+02
  -1.426  0.1240E+02  0.1278E+02
  -1.416  0.1291E+02  0.1291E+02
  -1.406  0.1119E+02  0.1303E+02
  -1.396  0.1002E+02  0.1313E+02
  -1.386  0.9274E+01  0.1323E+02
  -1.376  0.9140E+01  0.1332E+02
  -1.366  0.7646E+01  0.1340E+02
  -1.356  0.6726E+01  0.1348E+02
  -1.346  0.6083E+01  0.1354E+02
  -1.336  0.5561E+01  0.1360E+02
  -1.326  0.4702E+01  0.1365E+02
  -1.316  0.4027E+01  0.1369E+02
  -1.306  0.4084E+01  0.1373E+02
  -1.296  0.4388E+01  0.1377E+02
  -1.286  0.4593E+01  0.1382E+02
  -1.276  0.4416E+01  0.1386E+02
  -1.266  0.4198E+01  0.1391E+02
  -1.256  0.3917E+01  0.1395E+02
  -1.246  0.3602E+01  0.1399E+02
  -1.236  0.3642E+01  0.1402E+02
  -1.226  0.3632E+01  0.1406E+02
  -1.216  0.3573E+01  0.1409E+02
  -1.206  0.3546E+01  0.1413E+02
  -1.196  0.3560E+01  0.1417E+02
  -1.186  0.3626E+01  0.1420E+02
  -1.176  0.3634E+01  0.1424E+02
  -1.166  0.3636E+01  0.1427E+02
  -1.156  0.3662E+01  0.1431E+02
  -1.146  0.3719E+01  0.1435E+02
  -1.136  0.3840E+01  0.1439E+02
  -1.126  0.3995E+01  0.1442E+02
  -1.116  0.4212E+01  0.1447E+02
  -1.106  0.4548E+01  0.1451E+02
  -1.096  0.4874E+01  0.1456E+02
  -1.086  0.5139E+01  0.1461E+02
  -1.076  0.5590E+01  0.1466E+02
  -1.066  0.6194E+01  0.1472E+02
  -1.056  0.6622E+01  0.1478E+02
  -1.046  0.6844E+01  0.1485E+02
  -1.036  0.7019E+01  0.1492E+02
  -1.026  0.7095E+01  0.1499E+02
  -1.016  0.7198E+01  0.1506E+02
  -1.006  0.7362E+01  0.1513E+02
  -0.996  0.7629E+01  0.1521E+02
  -0.986  0.7938E+01  0.1529E+02
  -0.976  0.8098E+01  0.1537E+02
  -0.966  0.8105E+01  0.1545E+02
  -0.956  0.8045E+01  0.1553E+02
  -0.946  0.7771E+01  0.1561E+02
  -0.936  0.7447E+01  0.1568E+02
  -0.926  0.7132E+01  0.1576E+02
  -0.916  0.6685E+01  0.1583E+02
  -0.906  0.6439E+01  0.1589E+02
  -0.896  0.6419E+01  0.1596E+02
  -0.886  0.6451E+01  0.1602E+02
  -0.876  0.6478E+01  0.1609E+02
  -0.866  0.6498E+01  0.1615E+02
  -0.856  0.6562E+01  0.1622E+02
  -0.846  0.6661E+01  0.1628E+02
  -0.836  0.6851E+01  0.1635E+02
  -0.826  0.6971E+01  0.1642E+02
  -0.816  0.7124E+01  0.1649E+02
  -0.806  0.7414E+01  0.1656E+02
  -0.796  0.8294E+01  0.1664E+02
  -0.786  0.1023E+02  0.1673E+02
  -0.776  0.9646E+01  0.1683E+02
  -0.766  0.9657E+01  0.1693E+02
  -0.756  0.9417E+01  0.1702E+02
  -0.746  0.1024E+02  0.1712E+02
  -0.736  0.1318E+02  0.1724E+02
  -0.726  0.1457E+02  0.1738E+02
  -0.716  0.1450E+02  0.1753E+02
  -0.706  0.1126E+02  0.1766E+02
  -0.696  0.1107E+02  0.1776E+02
  -0.686  0.1017E+02  0.1787E+02
  -0.676  0.1076E+02  0.1797E+02
  -0.666  0.1118E+02  0.1808E+02
  -0.656  0.1175E+02  0.1820E+02
  -0.646  0.1202E+02  0.1831E+02
  -0.636  0.1197E+02  0.1843E+02
  -0.626  0.1259E+02  0.1856E+02
  -0.616  0.1287E+02  0.1868E+02
  -0.606  0.1180E+02  0.1881E+02
  -0.596  0.1132E+02  0.1892E+02
  -0.586  0.1151E+02  0.1903E+02
  -0.576  0.1209E+02  0.1915E+02
  -0.566  0.1247E+02  0.1928E+02
  -0.556  0.1302E+02  0.1940E+02
  -0.546  0.1269E+02  0.1953E+02
  -0.536  0.1224E+02  0.1966E+02
  -0.526  0.1380E+02  0.1979E+02
  -0.516  0.1472E+02  0.1993E+02
  -0.506  0.1537E+02  0.2008E+02
  -0.496  0.1721E+02  0.2025E+02
  -0.486  0.2186E+02  0.2045E+02
  -0.476  0.1969E+02  0.2066E+02
  -0.466  0.1771E+02  0.2084E+02
  -0.456  0.1707E+02  0.2101E+02
  -0.446  0.1674E+02  0.2118E+02
  -0.436  0.1698E+02  0.2135E+02
  -0.426  0.1676E+02  0.2152E+02
  -0.416  0.1503E+02  0.2168E+02
  -0.406  0.1431E+02  0.2183E+02
  -0.396  0.1450E+02  0.2197E+02
  -0.386  0.1347E+02  0.2211E+02
  -0.376  0.1278E+02  0.2225E+02
  -0.366  0.1244E+02  0.2237E+02
  -0.356  0.1217E+02  0.2249E+02
  -0.346  0.1197E+02  0.2261E+02
  -0.336  0.1206E+02  0.2274E+02
  -0.326  0.1171E+02  0.2285E+02
  -0.316  0.1162E+02  0.2297E+02
  -0.306  0.1132E+02  0.2309E+02
  -0.296  0.1115E+02  0.2320E+02
  -0.286  0.1118E+02  0.2331E+02
  -0.276  0.1144E+02  0.2342E+02
  -0.266  0.1149E+02  0.2354E+02
  -0.256  0.1154E+02  0.2365E+02
  -0.246  0.1137E+02  0.2377E+02
  -0.236  0.1122E+02  0.2388E+02
  -0.226  0.1109E+02  0.2399E+02
  -0.216  0.1067E+02  0.2410E+02
  -0.206  0.1028E+02  0.2420E+02
  -0.196  0.1012E+02  0.2431E+02
  -0.186  0.9946E+01  0.2441E+02
  -0.176  0.9704E+01  0.2450E+02
  -0.166  0.9323E+01  0.2460E+02
  -0.156  0.8945E+01  0.2469E+02
  -0.146  0.8656E+01  0.2478E+02
  -0.136  0.8443E+01  0.2486E+02
  -0.126  0.8010E+01  0.2495E+02
  -0.116  0.7498E+01  0.2502E+02
  -0.106  0.7200E+01  0.2510E+02
  -0.096  0.6874E+01  0.2517E+02
  -0.086  0.7161E+01  0.2524E+02
  -0.076  0.7156E+01  0.2531E+02
  -0.066  0.6993E+01  0.2538E+02
  -0.056  0.6548E+01  0.2545E+02
  -0.046  0.6376E+01  0.2551E+02
  -0.036  0.7003E+01  0.2558E+02
  -0.026  0.5891E+01  0.2565E+02
  -0.016  0.3616E+01  0.2569E+02
  -0.006  0.2069E+01  0.2572E+02
   0.004  0.1518E+01  0.2574E+02
   0.014  0.1449E+01  0.2575E+02
   0.024  0.1393E+01  0.2577E+02
   0.034  0.1342E+01  0.2578E+02
   0.044  0.1294E+01  0.2579E+02
   0.054  0.1248E+01  0.2581E+02
   0.064  0.1204E+01  0.2582E+02
   0.074  0.1172E+01  0.2583E+02
   0.084  0.1150E+01  0.2584E+02
   0.094  0.1132E+01  0.2585E+02
   0.104  0.1118E+01  0.2586E+02
   0.114  0.1105E+01  0.2588E+02
   0.124  0.1094E+01  0.2589E+02
   0.134  0.1066E+01  0.2590E+02
   0.144  0.1001E+01  0.2591E+02
   0.154  0.9177E+00  0.2592E+02
   0.164  0.8232E+00  0.2593E+02
   0.174  0.7210E+00  0.2593E+02
   0.184  0.6113E+00  0.2594E+02
   0.194  0.5117E+00  0.2595E+02
   0.204  0.4460E+00  0.2595E+02
   0.214  0.3950E+00  0.2596E+02
   0.224  0.3540E+00  0.2596E+02
   0.234  0.3184E+00  0.2596E+02
   0.244  0.2883E+00  0.2597E+02
   0.254  0.2639E+00  0.2597E+02
   0.264  0.2434E+00  0.2597E+02
   0.274  0.2245E+00  0.2597E+02
   0.284  0.2073E+00  0.2598E+02
   0.294  0.1918E+00  0.2598E+02
   0.304  0.1779E+00  0.2598E+02
   0.314  0.1657E+00  0.2598E+02
   0.324  0.1544E+00  0.2598E+02
   0.334  0.1438E+00  0.2598E+02
   0.344  0.1339E+00  0.2599E+02
   0.354  0.1248E+00  0.2599E+02
   0.364  0.1163E+00  0.2599E+02
   0.374  0.1085E+00  0.2599E+02
   0.384  0.1015E+00  0.2599E+02
   0.394  0.9511E-01  0.2599E+02
   0.404  0.8945E-01  0.2599E+02
   0.414  0.8419E-01  0.2599E+02
   0.424  0.7908E-01  0.2599E+02
   0.434  0.7412E-01  0.2599E+02
   0.444  0.6930E-01  0.2599E+02
   0.454  0.6464E-01  0.2600E+02
   0.464  0.6006E-01  0.2600E+02
   0.474  0.5541E-01  0.2600E+02
   0.484  0.5070E-01  0.2600E+02
   0.494  0.4591E-01  0.2600E+02
   0.504  0.4105E-01  0.2600E+02
   0.514  0.3612E-01  0.2600E+02
   0.524  0.3111E-01  0.2600E+02
   0.534  0.2604E-01  0.2600E+02
   0.544  0.2093E-01  0.2600E+02
   0.554  0.1626E-01  0.2600E+02
   0.564  0.1218E-01  0.2600E+02
   0.574  0.8690E-02  0.2600E+02
   0.584  0.5787E-02  0.2600E+02
   0.594  0.3472E-02  0.2600E+02
   0.604  0.1745E-02  0.2600E+02
   0.614  0.6064E-03  0.2600E+02
   0.624  0.5589E-04  0.2600E+02
   0.634  0.0000E+00  0.2600E+02
   0.644  0.0000E+00  0.2600E+02
   0.654  0.0000E+00  0.2600E+02
   0.664  0.0000E+00  0.2600E+02
   0.674  0.0000E+00  0.2600E+02
   0.684  0.0000E+00  0.2600E+02
   0.694  0.0000E+00  0.2600E+02
   0.704  0.0000E+00  0.2600E+02
   0.714  0.0000E+00  0.2600E+02
   0.724  0.0000E+00  0.2600E+02
   0.734  0.0000E+00  0.2600E+02
   0.744  0.0000E+00  0.2600E+02
   0.754  0.0000E+00  0.2600E+02
   0.764  0.0000E+00  0.2600E+02
   0.774  0.0000E+00  0.2600E+02
   0.784  0.0000E+00  0.2600E+02
   0.794  0.0000E+00  0.2600E+02
   0.804  0.0000E+00  0.2600E+02
   0.814  0.0000E+00  0.2600E+02
   0.824  0.0000E+00  0.2600E+02
   0.834  0.0000E+00  0.2600E+02
   0.844  0.0000E+00  0.2600E+02
   0.854  0.0000E+00  0.2600E+02
   0.864  0.0000E+00  0.2600E+02
   0.874  0.0000E+00  0.2600E+02
   0.884  0.0000E+00  0.2600E+02
   0.894  0.0000E+00  0.2600E+02
   0.904  0.0000E+00  0.2600E+02
   0.914  0.0000E+00  0.2600E+02
   0.924  0.0000E+00  0.2600E+02
   0.934  0.0000E+00  0.2600E+02
   0.944  0.0000E+00  0.2600E+02
   0.954  0.0000E+00  0.2600E+02
   0.964  0.0000E+00  0.2600E+02
   0.974  0.0000E+00  0.2600E+02
   0.984  0.0000E+00  0.2600E+02
   0.994  0.0000E+00  0.2600E+02
   1.004  0.0000E+00  0.2600E+02
   1.014  0.0000E+00  0.2600E+02
   1.024  0.0000E+00  0.2600E+02
   1.034  0.0000E+00  0.2600E+02
   1.044  0.0000E+00  0.2600E+02
   1.054  0.0000E+00  0.2600E+02
   1.064  0.0000E+00  0.2600E+02
   1.074  0.0000E+00  0.2600E+02
   1.084  0.0000E+00  0.2600E+02
   1.094  0.0000E+00  0.2600E+02
   1.104  0.0000E+00  0.2600E+02
   1.114  0.0000E+00  0.2600E+02
   1.124  0.0000E+00  0.2600E+02
   1.134  0.0000E+00  0.2600E+02
   1.144  0.0000E+00  0.2600E+02
   1.154  0.0000E+00  0.2600E+02
   1.164  0.0000E+00  0.2600E+02
   1.174  0.0000E+00  0.2600E+02
   1.184  0.0000E+00  0.2600E+02
   1.194  0.0000E+00  0.2600E+02
   1.204  0.0000E+00  0.2600E+02
   1.214  0.0000E+00  0.2600E+02
   1.224  0.0000E+00  0.2600E+02
   1.234  0.0000E+00  0.2600E+02
   1.244  0.0000E+00  0.2600E+02
   1.254  0.0000E+00  0.2600E+02
   1.264  0.0000E+00  0.2600E+02
   1.274  0.0000E+00  0.2600E+02
   1.284  0.0000E+00  0.2600E+02
   1.294  0.0000E+00  0.2600E+02
   1.304  0.0000E+00  0.2600E+02
   1.314  0.0000E+00  0.2600E+02
   1.324  0.0000E+00  0.2600E+02
   1.334  0.0000E+00  0.2600E+02
   1.344  0.0000E+00  0.2600E+02
   1.354  0.0000E+00  0.2600E+02
   1.364  0.0000E+00  0.2600E+02
   1.374  0.0000E+00  0.2600E+02
   1.384  0.0000E+00  0.2600E+02
   1.394  0.0000E+00  0.2600E+02
   1.404  0.0000E+00  0.2600E+02
   1.414  0.0000E+00  0.2600E+02
   1.424  0.0000E+00  0.2600E+02
   1.434  0.0000E+00  0.2600E+02
   1.444  0.0000E+00  0.2600E+02
   1.454  0.0000E+00  0.2600E+02
   1.464  0.0000E+00  0.2600E+02
   1.474  0.0000E+00  0.2600E+02
   1.484  0.0000E+00  0.2600E+02
   1.494  0.0000E+00  0.2600E+02
   1.504  0.0000E+00  0.2600E+02
   1.514  0.0000E+00  0.2600E+02
   1.524  0.0000E+00  0.2600E+02
   1.534  0.0000E+00  0.2600E+02
   1.544  0.0000E+00  0.2600E+02
   1.554  0.0000E+00  0.2600E+02
   1.564  0.0000E+00  0.2600E+02
   1.574  0.0000E+00  0.2600E+02
   1.584  0.0000E+00  0.2600E+02
   1.594  0.0000E+00  0.2600E+02
   1.604  0.0000E+00  0.2600E+02
   1.614  0.0000E+00  0.2600E+02
   1.624  0.0000E+00  0.2600E+02
   1.634  0.0000E+00  0.2600E+02
   1.644  0.0000E+00  0.2600E+02
   1.654  0.0000E+00  0.2600E+02
   1.664  0.0000E+00  0.2600E+02
   1.674  0.0000E+00  0.2600E+02
   1.684  0.0000E+00  0.2600E+02
   1.694  0.0000E+00  0.2600E+02
   1.704  0.0000E+00  0.2600E+02
   1.714  0.0000E+00  0.2600E+02
   1.724  0.0000E+00  0.2600E+02
   1.734  0.0000E+00  0.2600E+02
   1.744  0.0000E+00  0.2600E+02
   1.754  0.0000E+00  0.2600E+02
   1.764  0.0000E+00  0.2600E+02
   1.774  0.0000E+00  0.2600E+02
   1.784  0.0000E+00  0.2600E+02
   1.794  0.0000E+00  0.2600E+02
   1.804  0.0000E+00  0.2600E+02
   1.814  0.0000E+00  0.2600E+02
   1.824  0.0000E+00  0.2600E+02
   1.834  0.0000E+00  0.2600E+02
   1.844  0.0000E+00  0.2600E+02
   1.854  0.0000E+00  0.2600E+02
   1.864  0.0000E+00  0.2600E+02
   1.874  0.0000E+00  0.2600E+02
   1.884  0.0000E+00  0.2600E+02
   1.894  0.0000E+00  0.2600E+02
   1.904  0.0000E+00  0.2600E+02
   1.914  0.0000E+00  0.2600E+02
   1.924  0.0000E+00  0.2600E+02
   1.934  0.3571E-02  0.2600E+02
   1.944  0.4725E-01  0.2600E+02
   1.954  0.1258E+00  0.2600E+02
   1.964  0.1413E+00  0.2600E+02
   1.974  0.1231E+00  0.2600E+02
   1.984  0.1432E+00  0.2601E+02
   1.994  0.1659E+00  0.2601E+02
   2.004  0.1912E+00  0.2601E+02
   2.014  0.2142E+00  0.2601E+02
   2.024  0.2290E+00  0.2601E+02
   2.034  0.2549E+00  0.2602E+02
   2.044  0.2818E+00  0.2602E+02
   2.054  0.3097E+00  0.2602E+02
   2.064  0.3384E+00  0.2602E+02
   2.074  0.3682E+00  0.2603E+02
   2.084  0.3989E+00  0.2603E+02
   2.094  0.4291E+00  0.2604E+02
   2.104  0.4593E+00  0.2604E+02
   2.114  0.4923E+00  0.2604E+02
   2.124  0.5277E+00  0.2605E+02
   2.134  0.5813E+00  0.2606E+02
   2.144  0.6411E+00  0.2606E+02
   2.154  0.6897E+00  0.2607E+02
   2.164  0.7309E+00  0.2608E+02
   2.174  0.7652E+00  0.2608E+02
   2.184  0.7969E+00  0.2609E+02
   2.194  0.8296E+00  0.2610E+02
   2.204  0.8467E+00  0.2611E+02
   2.214  0.8668E+00  0.2612E+02
   2.224  0.8883E+00  0.2612E+02
   2.234  0.9179E+00  0.2613E+02
   2.244  0.9523E+00  0.2614E+02
   2.254  0.9877E+00  0.2615E+02
   2.264  0.1032E+01  0.2616E+02
   2.274  0.1071E+01  0.2617E+02
   2.284  0.1111E+01  0.2618E+02
   2.294  0.1154E+01  0.2620E+02
   2.304  0.1199E+01  0.2621E+02
   2.314  0.1246E+01  0.2622E+02
   2.324  0.1310E+01  0.2623E+02
   2.334  0.1383E+01  0.2625E+02
   2.344  0.1450E+01  0.2626E+02
   2.354  0.1521E+01  0.2627E+02
   2.364  0.1658E+01  0.2629E+02
   2.374  0.1841E+01  0.2631E+02
   2.384  0.1774E+01  0.2633E+02
   2.394  0.1852E+01  0.2634E+02
   2.404  0.1923E+01  0.2636E+02
   2.414  0.1988E+01  0.2638E+02
   2.424  0.2046E+01  0.2640E+02
   2.434  0.2096E+01  0.2642E+02
   2.444  0.2140E+01  0.2644E+02
   2.454  0.2181E+01  0.2647E+02
   2.464  0.2219E+01  0.2649E+02
   2.474  0.2251E+01  0.2651E+02
   2.484  0.2289E+01  0.2653E+02
   2.494  0.2319E+01  0.2656E+02
   2.504  0.2339E+01  0.2658E+02
   2.514  0.2354E+01  0.2660E+02
   2.524  0.2432E+01  0.2663E+02
   2.534  0.2397E+01  0.2665E+02
   2.544  0.2313E+01  0.2668E+02
   2.554  0.2283E+01  0.2670E+02
   2.564  0.2283E+01  0.2672E+02
   2.574  0.2228E+01  0.2674E+02
   2.584  0.2206E+01  0.2677E+02
   2.594  0.2215E+01  0.2679E+02
   2.604  0.2224E+01  0.2681E+02
   2.614  0.2245E+01  0.2683E+02
   2.624  0.2306E+01  0.2685E+02
   2.634  0.2337E+01  0.2688E+02
   2.644  0.2355E+01  0.2690E+02
   2.654  0.2372E+01  0.2693E+02
   2.664  0.2394E+01  0.2695E+02
   2.674  0.2409E+01  0.2697E+02
   2.684  0.2424E+01  0.2700E+02
   2.694  0.2439E+01  0.2702E+02
   2.704  0.2375E+01  0.2705E+02
   2.714  0.2310E+01  0.2707E+02
   2.724  0.2263E+01  0.2709E+02
   2.734  0.2216E+01  0.2711E+02
   2.744  0.2169E+01  0.2714E+02
   2.754  0.2122E+01  0.2716E+02
   2.764  0.2073E+01  0.2718E+02
   2.774  0.2026E+01  0.2720E+02
   2.784  0.1983E+01  0.2722E+02
   2.794  0.1942E+01  0.2724E+02
   2.804  0.1894E+01  0.2726E+02
   2.814  0.1849E+01  0.2728E+02
   2.824  0.1807E+01  0.2730E+02
   2.834  0.1758E+01  0.2731E+02
   2.844  0.1740E+01  0.2733E+02
   2.854  0.1735E+01  0.2735E+02
   2.864  0.1730E+01  0.2737E+02
   2.874  0.1724E+01  0.2738E+02
   2.884  0.1718E+01  0.2740E+02
   2.894  0.1712E+01  0.2742E+02
   2.904  0.1709E+01  0.2743E+02
   2.914  0.1707E+01  0.2745E+02
   2.924  0.1703E+01  0.2747E+02
   2.934  0.1700E+01  0.2748E+02
   2.944  0.1731E+01  0.2750E+02
   2.954  0.1706E+01  0.2752E+02
   2.964  0.1677E+01  0.2754E+02
   2.974  0.1650E+01  0.2755E+02
   2.984  0.1621E+01  0.2757E+02
   2.994  0.1592E+01  0.2759E+02
   3.004  0.1569E+01  0.2760E+02
   3.014  0.1538E+01  0.2762E+02
   3.024  0.1486E+01  0.2763E+02
   3.034  0.1478E+01  0.2765E+02
   3.044  0.1471E+01  0.2766E+02
   3.054  0.1463E+01  0.2768E+02
   3.064  0.1456E+01  0.2769E+02
   3.074  0.1449E+01  0.2771E+02
   3.084  0.1441E+01  0.2772E+02
   3.094  0.1434E+01  0.2773E+02
   3.104  0.1427E+01  0.2775E+02
   3.114  0.1420E+01  0.2776E+02
   3.124  0.1413E+01  0.2778E+02
   3.134  0.1406E+01  0.2779E+02
   3.144  0.1399E+01  0.2780E+02
   3.154  0.1393E+01  0.2782E+02
   3.164  0.1386E+01  0.2783E+02
   3.174  0.1379E+01  0.2785E+02
   3.184  0.1371E+01  0.2786E+02
   3.194  0.1364E+01  0.2787E+02
   3.204  0.1356E+01  0.2789E+02
   3.214  0.1395E+01  0.2790E+02
   3.224  0.1415E+01  0.2792E+02
   3.234  0.1429E+01  0.2793E+02
   3.244  0.1443E+01  0.2794E+02
   3.254  0.1451E+01  0.2796E+02
   3.264  0.1461E+01  0.2797E+02
   3.274  0.1468E+01  0.2799E+02
   3.284  0.1472E+01  0.2800E+02
   3.294  0.1475E+01  0.2802E+02
   3.304  0.1481E+01  0.2803E+02
   3.314  0.1443E+01  0.2805E+02
   3.324  0.1427E+01  0.2806E+02
   3.334  0.1415E+01  0.2807E+02
   3.344  0.1403E+01  0.2809E+02
   3.354  0.1401E+01  0.2810E+02
   3.364  0.1402E+01  0.2812E+02
   3.374  0.1400E+01  0.2813E+02
   3.384  0.1399E+01  0.2815E+02
   3.394  0.1397E+01  0.2816E+02
   3.404  0.1395E+01  0.2817E+02
   3.414  0.1393E+01  0.2819E+02
   3.424  0.1393E+01  0.2820E+02
   3.434  0.1395E+01  0.2821E+02
   3.444  0.1396E+01  0.2823E+02
   3.454  0.1395E+01  0.2824E+02
   3.464  0.1395E+01  0.2826E+02
   3.474  0.1397E+01  0.2827E+02
   3.484  0.1400E+01  0.2828E+02
   3.494  0.1405E+01  0.2830E+02
   3.504  0.1443E+01  0.2831E+02
   3.514  0.1432E+01  0.2833E+02
   3.524  0.1416E+01  0.2834E+02
   3.534  0.1400E+01  0.2836E+02
   3.544  0.1386E+01  0.2837E+02
   3.554  0.1372E+01  0.2838E+02
   3.564  0.1355E+01  0.2840E+02
   3.574  0.1346E+01  0.2841E+02
   3.584  0.1348E+01  0.2842E+02
   3.594  0.1333E+01  0.2844E+02
   3.604  0.1333E+01  0.2845E+02
   3.614  0.1353E+01  0.2846E+02
   3.624  0.1366E+01  0.2848E+02
   3.634  0.1370E+01  0.2849E+02
   3.644  0.1371E+01  0.2851E+02
   3.654  0.1375E+01  0.2852E+02
   3.664  0.1382E+01  0.2853E+02
   3.674  0.1393E+01  0.2855E+02
   3.684  0.1404E+01  0.2856E+02
   3.694  0.1416E+01  0.2857E+02
   3.704  0.1430E+01  0.2859E+02
   3.714  0.1444E+01  0.2860E+02
   3.724  0.1456E+01  0.2862E+02
   3.734  0.1467E+01  0.2863E+02
   3.744  0.1471E+01  0.2865E+02
   3.754  0.1475E+01  0.2866E+02
   3.764  0.1481E+01  0.2868E+02
   3.774  0.1489E+01  0.2869E+02
   3.784  0.1497E+01  0.2871E+02
   3.794  0.1505E+01  0.2872E+02
   3.804  0.1513E+01  0.2874E+02
   3.814  0.1520E+01  0.2875E+02
   3.824  0.1527E+01  0.2877E+02
   3.834  0.1572E+01  0.2878E+02
   3.844  0.1625E+01  0.2880E+02
   3.854  0.1649E+01  0.2881E+02
   3.864  0.1670E+01  0.2883E+02
   3.874  0.1679E+01  0.2885E+02
   3.884  0.1692E+01  0.2886E+02
   3.894  0.1706E+01  0.2888E+02
   3.904  0.1722E+01  0.2890E+02
   3.914  0.1739E+01  0.2892E+02
   3.924  0.1758E+01  0.2893E+02
   3.934  0.1782E+01  0.2895E+02
   3.944  0.1802E+01  0.2897E+02
   3.954  0.1768E+01  0.2899E+02
   3.964  0.1770E+01  0.2900E+02
   3.974  0.1767E+01  0.2902E+02
   3.984  0.1773E+01  0.2904E+02
   3.994  0.1778E+01  0.2906E+02
   4.004  0.1782E+01  0.2908E+02
   4.014  0.1791E+01  0.2909E+02
   4.024  0.1810E+01  0.2911E+02
   4.034  0.1830E+01  0.2913E+02
   4.044  0.1852E+01  0.2915E+02
   4.054  0.1875E+01  0.2917E+02
   4.064  0.1899E+01  0.2919E+02
   4.074  0.1942E+01  0.2920E+02
   4.084  0.1989E+01  0.2922E+02
   4.094  0.2038E+01  0.2924E+02
   4.104  0.2094E+01  0.2927E+02
   4.114  0.2211E+01  0.2929E+02
   4.124  0.2271E+01  0.2931E+02
   4.134  0.2304E+01  0.2933E+02
   4.144  0.2362E+01  0.2936E+02
   4.154  0.2560E+01  0.2938E+02
   4.164  0.2708E+01  0.2941E+02
   4.174  0.2741E+01  0.2943E+02
   4.184  0.2645E+01  0.2946E+02
   4.194  0.2387E+01  0.2949E+02
   4.204  0.1397E+01  0.2950E+02
   4.214  0.1272E+01  0.2952E+02
   4.224  0.1241E+01  0.2953E+02
   4.234  0.1215E+01  0.2954E+02
   4.244  0.1195E+01  0.2955E+02
   4.254  0.1181E+01  0.2957E+02
   4.264  0.1172E+01  0.2958E+02
   4.274  0.1169E+01  0.2959E+02
   4.284  0.1172E+01  0.2960E+02
   4.294  0.1176E+01  0.2961E+02
   4.304  0.1180E+01  0.2963E+02
   4.314  0.1401E+01  0.2964E+02
   4.324  0.1689E+01  0.2965E+02
   4.334  0.1832E+01  0.2967E+02
   4.344  0.1900E+01  0.2969E+02
   4.354  0.1972E+01  0.2971E+02
   4.364  0.2049E+01  0.2973E+02
   4.374  0.2097E+01  0.2975E+02
   4.384  0.2130E+01  0.2977E+02
   4.394  0.2132E+01  0.2979E+02
   4.404  0.2122E+01  0.2981E+02
   4.414  0.2091E+01  0.2983E+02
   4.424  0.2058E+01  0.2986E+02
   4.434  0.2029E+01  0.2988E+02
   4.444  0.2064E+01  0.2990E+02
   4.454  0.2078E+01  0.2992E+02
   4.464  0.2078E+01  0.2994E+02
   4.474  0.2090E+01  0.2996E+02
   4.484  0.2112E+01  0.2998E+02
   4.494  0.2118E+01  0.3000E+02
   4.504  0.2115E+01  0.3002E+02
   4.514  0.2129E+01  0.3004E+02
   4.524  0.2093E+01  0.3006E+02
   4.534  0.2079E+01  0.3009E+02
   4.544  0.2094E+01  0.3011E+02
   4.554  0.2114E+01  0.3013E+02
   4.564  0.2019E+01  0.3015E+02
   4.574  0.2020E+01  0.3017E+02
   4.584  0.2029E+01  0.3019E+02
   4.594  0.2067E+01  0.3021E+02
   4.604  0.2136E+01  0.3023E+02
   4.614  0.2243E+01  0.3025E+02
   4.624  0.2326E+01  0.3027E+02
   4.634  0.2364E+01  0.3030E+02
   4.644  0.2391E+01  0.3032E+02
   4.654  0.2409E+01  0.3035E+02
   4.664  0.2432E+01  0.3037E+02
   4.674  0.2458E+01  0.3039E+02
   4.684  0.2481E+01  0.3042E+02
   4.694  0.2502E+01  0.3044E+02
   4.704  0.2523E+01  0.3047E+02
   4.714  0.2543E+01  0.3049E+02
   4.724  0.2563E+01  0.3052E+02
   4.734  0.2604E+01  0.3055E+02
   4.744  0.2738E+01  0.3057E+02
   4.754  0.2858E+01  0.3060E+02
   4.764  0.2922E+01  0.3063E+02
   4.774  0.3334E+01  0.3066E+02
   4.784  0.2799E+01  0.3069E+02
   4.794  0.2767E+01  0.3072E+02
   4.804  0.3223E+01  0.3075E+02
   4.814  0.2996E+01  0.3078E+02
   4.824  0.3023E+01  0.3081E+02
   4.834  0.3129E+01  0.3084E+02
   4.844  0.3320E+01  0.3087E+02
   4.854  0.3523E+01  0.3091E+02
   4.864  0.3729E+01  0.3094E+02
   4.874  0.3901E+01  0.3098E+02
   4.884  0.4047E+01  0.3102E+02
   4.894  0.4289E+01  0.3106E+02
   4.904  0.4684E+01  0.3111E+02
   4.914  0.5109E+01  0.3116E+02
   4.924  0.5161E+01  0.3121E+02
   4.934  0.4971E+01  0.3126E+02
   4.944  0.4869E+01  0.3131E+02
   4.954  0.4869E+01  0.3136E+02
   4.964  0.4929E+01  0.3141E+02
   4.974  0.4904E+01  0.3146E+02
   4.984  0.4900E+01  0.3150E+02
   4.994  0.4877E+01  0.3155E+02
   5.004  0.4855E+01  0.3160E+02
   5.014  0.4829E+01  0.3165E+02
   5.024  0.4810E+01  0.3170E+02
   5.034  0.4784E+01  0.3175E+02
   5.044  0.4768E+01  0.3179E+02
   5.054  0.4777E+01  0.3184E+02
   5.064  0.4805E+01  0.3189E+02
   5.074  0.4846E+01  0.3194E+02
   5.084  0.4839E+01  0.3199E+02
   5.094  0.4755E+01  0.3204E+02
   5.104  0.4766E+01  0.3208E+02
   5.114  0.5040E+01  0.3213E+02
   5.124  0.5395E+01  0.3218E+02
   5.134  0.6025E+01  0.3224E+02
   5.144  0.6585E+01  0.3230E+02
   5.154  0.6724E+01  0.3237E+02
   5.164  0.6688E+01  0.3244E+02
   5.174  0.6674E+01  0.3250E+02
   5.184  0.6440E+01  0.3257E+02
   5.194  0.6022E+01  0.3263E+02
   5.204  0.5817E+01  0.3269E+02
   5.214  0.5713E+01  0.3275E+02
   5.224  0.5543E+01  0.3281E+02
   5.234  0.5523E+01  0.3286E+02
   5.244  0.5568E+01  0.3292E+02
   5.254  0.5614E+01  0.3297E+02
   5.264  0.5799E+01  0.3303E+02
   5.274  0.6026E+01  0.3309E+02
   5.284  0.6539E+01  0.3315E+02
   5.294  0.6827E+01  0.3322E+02
   5.304  0.6931E+01  0.3329E+02
   5.314  0.6865E+01  0.3335E+02
   5.324  0.6657E+01  0.3342E+02
   5.334  0.7386E+01  0.3349E+02
   5.344  0.7914E+01  0.3357E+02
   5.354  0.7863E+01  0.3365E+02
   5.364  0.7148E+01  0.3372E+02
   5.374  0.6876E+01  0.3379E+02
   5.384  0.6572E+01  0.3386E+02
   5.394  0.6909E+01  0.3393E+02
   5.404  0.7025E+01  0.3400E+02
   5.414  0.7249E+01  0.3407E+02
   5.424  0.7375E+01  0.3414E+02
   5.434  0.7182E+01  0.3422E+02
   5.444  0.6965E+01  0.3429E+02
   5.454  0.6610E+01  0.3435E+02
   5.464  0.6196E+01  0.3442E+02
   5.474  0.5925E+01  0.3448E+02
   5.484  0.6070E+01  0.3454E+02
   5.494  0.6133E+01  0.3460E+02
   5.504  0.6177E+01  0.3466E+02
   5.514  0.6363E+01  0.3472E+02
   5.524  0.6815E+01  0.3479E+02
   5.534  0.7337E+01  0.3486E+02
   5.544  0.8097E+01  0.3494E+02
   5.554  0.7842E+01  0.3502E+02
   5.564  0.7268E+01  0.3509E+02
   5.574  0.6864E+01  0.3516E+02
   5.584  0.6062E+01  0.3523E+02
   5.594  0.5702E+01  0.3529E+02
   5.604  0.5551E+01  0.3534E+02
   5.614  0.5410E+01  0.3540E+02
   5.624  0.5356E+01  0.3545E+02
   5.634  0.5277E+01  0.3550E+02
   5.644  0.5261E+01  0.3556E+02
   5.654  0.5169E+01  0.3561E+02
   5.664  0.5087E+01  0.3566E+02
   5.674  0.5459E+01  0.3571E+02
   5.684  0.5835E+01  0.3577E+02
   5.694  0.6148E+01  0.3583E+02
   5.704  0.6542E+01  0.3589E+02
   5.714  0.6810E+01  0.3596E+02
   5.724  0.7207E+01  0.3603E+02
   5.734  0.7542E+01  0.3611E+02
   5.744  0.8162E+01  0.3618E+02
   5.754  0.9118E+01  0.3627E+02
   5.764  0.9708E+01  0.3636E+02
   5.774  0.9649E+01  0.3646E+02
   5.784  0.9374E+01  0.3656E+02
   5.794  0.9278E+01  0.3665E+02
   5.804  0.9070E+01  0.3674E+02
   5.814  0.8768E+01  0.3683E+02
   5.824  0.9122E+01  0.3692E+02
   5.834  0.8338E+01  0.3700E+02
   5.844  0.8306E+01  0.3709E+02
   5.854  0.8535E+01  0.3717E+02
   5.864  0.8788E+01  0.3726E+02
   5.874  0.8979E+01  0.3734E+02
   5.884  0.9270E+01  0.3744E+02
   5.894  0.9955E+01  0.3753E+02
   5.904  0.9963E+01  0.3763E+02
   5.914  0.9976E+01  0.3773E+02
   5.924  0.1017E+02  0.3783E+02
   5.934  0.1036E+02  0.3793E+02
   5.944  0.1063E+02  0.3804E+02
   5.954  0.1094E+02  0.3815E+02
   5.964  0.1034E+02  0.3826E+02
   5.974  0.8841E+01  0.3835E+02
   5.984  0.8653E+01  0.3844E+02
   5.994  0.8651E+01  0.3853E+02
   6.004  0.8410E+01  0.3861E+02
   6.014  0.8624E+01  0.3870E+02
   6.024  0.8089E+01  0.3878E+02
   6.034  0.8102E+01  0.3886E+02
   6.044  0.8140E+01  0.3895E+02
   6.054  0.8223E+01  0.3903E+02
   6.064  0.8140E+01  0.3911E+02
   6.074  0.8126E+01  0.3919E+02
   6.084  0.8100E+01  0.3927E+02
   6.094  0.8046E+01  0.3935E+02
   6.104  0.8102E+01  0.3943E+02
   6.114  0.7953E+01  0.3951E+02
   6.124  0.7507E+01  0.3959E+02
   6.134  0.7361E+01  0.3966E+02
   6.144  0.7504E+01  0.3974E+02
   6.154  0.7679E+01  0.3981E+02
   6.164  0.8062E+01  0.3989E+02
   6.174  0.8034E+01  0.3997E+02
   6.184  0.8236E+01  0.4005E+02
   6.194  0.8303E+01  0.4014E+02
   6.204  0.7634E+01  0.4022E+02
   6.214  0.7138E+01  0.4029E+02
   6.224  0.6594E+01  0.4036E+02
   6.234  0.6162E+01  0.4042E+02
   6.244  0.5686E+01  0.4048E+02
   6.254  0.5246E+01  0.4054E+02
   6.264  0.4874E+01  0.4059E+02
   6.274  0.4585E+01  0.4064E+02
   6.284  0.4439E+01  0.4068E+02
   6.294  0.4037E+01  0.4072E+02
   6.304  0.3865E+01  0.4076E+02
   6.314  0.3738E+01  0.4080E+02
   6.324  0.3621E+01  0.4084E+02
   6.334  0.3551E+01  0.4087E+02
   6.344  0.3530E+01  0.4091E+02
   6.354  0.3548E+01  0.4094E+02
   6.364  0.3608E+01  0.4098E+02
   6.374  0.3765E+01  0.4102E+02
   6.384  0.4377E+01  0.4106E+02
   6.394  0.5124E+01  0.4110E+02
   6.404  0.6128E+01  0.4116E+02
   6.414  0.7412E+01  0.4123E+02
   6.424  0.8805E+01  0.4131E+02
   6.434  0.8807E+01  0.4140E+02
   6.444  0.7721E+01  0.4148E+02
   6.454  0.7319E+01  0.4155E+02
   6.464  0.7166E+01  0.4163E+02
   6.474  0.7138E+01  0.4170E+02
   6.484  0.7253E+01  0.4177E+02
   6.494  0.7156E+01  0.4184E+02
   6.504  0.6978E+01  0.4191E+02
   6.514  0.7004E+01  0.4198E+02
   6.524  0.7083E+01  0.4205E+02
   6.534  0.7220E+01  0.4213E+02
   6.544  0.6768E+01  0.4219E+02
   6.554  0.6967E+01  0.4226E+02
   6.564  0.7196E+01  0.4233E+02
   6.574  0.8174E+01  0.4241E+02
   6.584  0.9803E+01  0.4250E+02
   6.594  0.1117E+02  0.4260E+02
   6.604  0.1154E+02  0.4272E+02
   6.614  0.1113E+02  0.4283E+02
   6.624  0.8779E+01  0.4294E+02
   6.634  0.6313E+01  0.4302E+02
   6.644  0.5391E+01  0.4307E+02
   6.654  0.4755E+01  0.4312E+02
   6.664  0.4310E+01  0.4317E+02
   6.674  0.3883E+01  0.4321E+02
   6.684  0.3760E+01  0.4325E+02
   6.694  0.3838E+01  0.4329E+02
   6.704  0.4352E+01  0.4333E+02
   6.714  0.6446E+01  0.4338E+02
   6.724  0.6481E+01  0.4345E+02
   6.734  0.6438E+01  0.4351E+02
   6.744  0.6310E+01  0.4358E+02
   6.754  0.6467E+01  0.4364E+02
   6.764  0.7015E+01  0.4371E+02
   6.774  0.6722E+01  0.4378E+02
   6.784  0.6268E+01  0.4384E+02
   6.794  0.5974E+01  0.4390E+02
   6.804  0.5789E+01  0.4396E+02
   6.814  0.5603E+01  0.4402E+02
   6.824  0.5446E+01  0.4407E+02
   6.834  0.5323E+01  0.4413E+02
   6.844  0.5214E+01  0.4418E+02
   6.854  0.5093E+01  0.4423E+02
   6.864  0.4849E+01  0.4428E+02
   6.874  0.4686E+01  0.4433E+02
   6.884  0.4708E+01  0.4438E+02
   6.894  0.4847E+01  0.4442E+02
   6.904  0.4699E+01  0.4447E+02
   6.914  0.4599E+01  0.4452E+02
   6.924  0.4484E+01  0.4456E+02
   6.934  0.4353E+01  0.4461E+02
   6.944  0.4276E+01  0.4465E+02
   6.954  0.4219E+01  0.4469E+02
   6.964  0.4303E+01  0.4474E+02
   6.974  0.4275E+01  0.4478E+02
   6.984  0.4288E+01  0.4482E+02
   6.994  0.4542E+01  0.4487E+02
   7.004  0.4959E+01  0.4491E+02
   7.014  0.5369E+01  0.4496E+02
   7.024  0.5796E+01  0.4502E+02
   7.034  0.5941E+01  0.4508E+02
   7.044  0.6259E+01  0.4514E+02
   7.054  0.6502E+01  0.4520E+02
   7.064  0.6670E+01  0.4527E+02
   7.074  0.6564E+01  0.4534E+02
   7.084  0.6318E+01  0.4540E+02
   7.094  0.6050E+01  0.4546E+02
   7.104  0.5835E+01  0.4552E+02
   7.114  0.5633E+01  0.4558E+02
   7.124  0.5498E+01  0.4564E+02
   7.134  0.5372E+01  0.4569E+02
   7.144  0.5262E+01  0.4574E+02
   7.154  0.5193E+01  0.4580E+02
   7.164  0.5140E+01  0.4585E+02
   7.174  0.5112E+01  0.4590E+02
   7.184  0.5102E+01  0.4595E+02
   7.194  0.5009E+01  0.4600E+02
   7.204  0.4972E+01  0.4605E+02
   7.214  0.4971E+01  0.4610E+02
   7.224  0.5071E+01  0.4615E+02
   7.234  0.5159E+01  0.4620E+02
   7.244  0.5072E+01  0.4625E+02
   7.254  0.4917E+01  0.4630E+02
   7.264  0.4817E+01  0.4635E+02
   7.274  0.4754E+01  0.4640E+02
   7.284  0.4722E+01  0.4645E+02
   7.294  0.4718E+01  0.4649E+02
   7.304  0.4734E+01  0.4654E+02
   7.314  0.4786E+01  0.4659E+02
   7.324  0.4947E+01  0.4664E+02
   7.334  0.4855E+01  0.4669E+02
   7.344  0.4733E+01  0.4673E+02
   7.354  0.4688E+01  0.4678E+02
   7.364  0.4637E+01  0.4683E+02
   7.374  0.4604E+01  0.4687E+02
   7.384  0.4492E+01  0.4692E+02
   7.394  0.4536E+01  0.4696E+02
   7.404  0.4587E+01  0.4701E+02
   7.414  0.4644E+01  0.4706E+02
   7.424  0.4666E+01  0.4710E+02
   7.434  0.4633E+01  0.4715E+02
   7.444  0.4783E+01  0.4720E+02
   7.454  0.4585E+01  0.4725E+02
   7.464  0.4789E+01  0.4729E+02
   7.474  0.4937E+01  0.4734E+02
   7.484  0.5091E+01  0.4739E+02
   7.494  0.5206E+01  0.4744E+02
   7.504  0.5236E+01  0.4750E+02
   7.514  0.5263E+01  0.4755E+02
   7.524  0.5379E+01  0.4760E+02
   7.534  0.5513E+01  0.4766E+02
   7.544  0.5643E+01  0.4771E+02
   7.554  0.6290E+01  0.4777E+02
   7.564  0.5950E+01  0.4783E+02
   7.574  0.6160E+01  0.4789E+02
   7.584  0.6349E+01  0.4795E+02
   7.594  0.6561E+01  0.4802E+02
   7.604  0.6835E+01  0.4808E+02
   7.614  0.7126E+01  0.4815E+02
   7.624  0.7488E+01  0.4823E+02
   7.634  0.8105E+01  0.4830E+02
   7.644  0.8376E+01  0.4839E+02
   7.654  0.8674E+01  0.4847E+02
   7.664  0.8948E+01  0.4856E+02
   7.674  0.8628E+01  0.4865E+02
   7.684  0.8659E+01  0.4874E+02
   7.694  0.8419E+01  0.4882E+02
   7.704  0.8229E+01  0.4890E+02
   7.714  0.8216E+01  0.4899E+02
   7.724  0.8004E+01  0.4907E+02
   7.734  0.7659E+01  0.4915E+02
   7.744  0.7414E+01  0.4922E+02
   7.754  0.7351E+01  0.4930E+02
   7.764  0.7359E+01  0.4937E+02
   7.774  0.7358E+01  0.4944E+02
   7.784  0.7328E+01  0.4952E+02
   7.794  0.7319E+01  0.4959E+02
   7.804  0.7324E+01  0.4966E+02
   7.814  0.7233E+01  0.4974E+02
   7.824  0.7103E+01  0.4981E+02
   7.834  0.7102E+01  0.4988E+02
   7.844  0.7217E+01  0.4995E+02
   7.854  0.7438E+01  0.5002E+02
   7.864  0.7839E+01  0.5010E+02
   7.874  0.8431E+01  0.5018E+02
   7.884  0.9428E+01  0.5027E+02
   7.894  0.1024E+02  0.5037E+02
   7.904  0.1100E+02  0.5047E+02
   7.914  0.1141E+02  0.5059E+02
   7.924  0.9802E+01  0.5069E+02
   7.934  0.8758E+01  0.5079E+02
   7.944  0.7775E+01  0.5087E+02
   7.954  0.6856E+01  0.5094E+02
   7.964  0.6310E+01  0.5101E+02
   7.974  0.6127E+01  0.5107E+02
   7.984  0.6029E+01  0.5113E+02
   7.994  0.5580E+01  0.5119E+02
   8.004  0.5427E+01  0.5124E+02
   8.014  0.5306E+01  0.5130E+02
   8.024  0.5194E+01  0.5135E+02
   8.034  0.5057E+01  0.5140E+02
   8.044  0.4782E+01  0.5145E+02
   8.054  0.4693E+01  0.5150E+02
   8.064  0.4701E+01  0.5154E+02
   8.074  0.4958E+01  0.5159E+02
   8.084  0.5493E+01  0.5164E+02
   8.094  0.6331E+01  0.5170E+02
   8.104  0.6991E+01  0.5177E+02
   8.114  0.5851E+01  0.5183E+02
   8.124  0.5909E+01  0.5189E+02
   8.134  0.6426E+01  0.5195E+02
   8.144  0.6516E+01  0.5202E+02
   8.154  0.6820E+01  0.5208E+02
   8.164  0.7026E+01  0.5215E+02
   8.174  0.7109E+01  0.5222E+02
   8.184  0.7212E+01  0.5229E+02
   8.194  0.7275E+01  0.5237E+02
   8.204  0.7075E+01  0.5244E+02
   8.214  0.6727E+01  0.5251E+02
   8.224  0.6440E+01  0.5257E+02
   8.234  0.6194E+01  0.5264E+02
   8.244  0.6105E+01  0.5270E+02
   8.254  0.6339E+01  0.5276E+02
   8.264  0.6831E+01  0.5283E+02
   8.274  0.7135E+01  0.5290E+02
   8.284  0.7347E+01  0.5297E+02
   8.294  0.8235E+01  0.5305E+02
   8.304  0.6857E+01  0.5312E+02
   8.314  0.7066E+01  0.5319E+02
   8.324  0.7245E+01  0.5326E+02
   8.334  0.6561E+01  0.5334E+02
   8.344  0.6157E+01  0.5340E+02
   8.354  0.6665E+01  0.5346E+02
   8.364  0.6986E+01  0.5353E+02
   8.374  0.7083E+01  0.5360E+02
   8.384  0.7161E+01  0.5367E+02
   8.394  0.7140E+01  0.5374E+02
   8.404  0.7012E+01  0.5381E+02
   8.414  0.6800E+01  0.5388E+02
   8.424  0.6682E+01  0.5395E+02
   8.434  0.6357E+01  0.5402E+02
   8.444  0.6026E+01  0.5408E+02
   8.454  0.5779E+01  0.5414E+02
   8.464  0.5619E+01  0.5419E+02
   8.474  0.5475E+01  0.5425E+02
   8.484  0.5375E+01  0.5430E+02
   8.494  0.5273E+01  0.5436E+02
   8.504  0.5175E+01  0.5441E+02
   8.514  0.5077E+01  0.5446E+02
   8.524  0.4982E+01  0.5451E+02
   8.534  0.4912E+01  0.5456E+02
   8.544  0.4858E+01  0.5461E+02
   8.554  0.4823E+01  0.5466E+02
   8.564  0.4813E+01  0.5470E+02
   8.574  0.4792E+01  0.5475E+02
   8.584  0.4772E+01  0.5480E+02
   8.594  0.4770E+01  0.5485E+02
   8.604  0.4784E+01  0.5490E+02
   8.614  0.4793E+01  0.5494E+02
   8.624  0.4840E+01  0.5499E+02
   8.634  0.4914E+01  0.5504E+02
   8.644  0.4934E+01  0.5509E+02
   8.654  0.4914E+01  0.5514E+02
   8.664  0.4868E+01  0.5519E+02
   8.674  0.4813E+01  0.5524E+02
   8.684  0.4766E+01  0.5528E+02
   8.694  0.4694E+01  0.5533E+02
   8.704  0.4642E+01  0.5538E+02
   8.714  0.4632E+01  0.5542E+02
   8.724  0.4637E+01  0.5547E+02
   8.734  0.4597E+01  0.5552E+02
   8.744  0.4307E+01  0.5556E+02
   8.754  0.3968E+01  0.5560E+02
   8.764  0.3619E+01  0.5564E+02
   8.774  0.3489E+01  0.5568E+02
   8.784  0.3418E+01  0.5571E+02
   8.794  0.3387E+01  0.5575E+02
   8.804  0.3341E+01  0.5578E+02
   8.814  0.3316E+01  0.5581E+02
   8.824  0.3296E+01  0.5585E+02
   8.834  0.3307E+01  0.5588E+02
   8.844  0.3362E+01  0.5591E+02
   8.854  0.3485E+01  0.5595E+02
   8.864  0.3671E+01  0.5598E+02
   8.874  0.3916E+01  0.5602E+02
   8.884  0.4205E+01  0.5606E+02
   8.894  0.4531E+01  0.5610E+02
   8.904  0.4795E+01  0.5615E+02
   8.914  0.5126E+01  0.5620E+02
   8.924  0.5560E+01  0.5625E+02
   8.934  0.6926E+01  0.5632E+02
   8.944  0.7020E+01  0.5639E+02
   8.954  0.5866E+01  0.5645E+02
   8.964  0.5553E+01  0.5651E+02
   8.974  0.5430E+01  0.5656E+02
   8.984  0.5300E+01  0.5662E+02
   8.994  0.5135E+01  0.5667E+02
   9.004  0.4975E+01  0.5672E+02
   9.014  0.4837E+01  0.5677E+02
   9.024  0.4758E+01  0.5682E+02
   9.034  0.4677E+01  0.5686E+02
   9.044  0.4594E+01  0.5691E+02
   9.054  0.4508E+01  0.5695E+02
   9.064  0.4368E+01  0.5700E+02
   9.074  0.4309E+01  0.5704E+02
   9.084  0.4269E+01  0.5709E+02
   9.094  0.4191E+01  0.5713E+02
   9.104  0.4156E+01  0.5717E+02
   9.114  0.4133E+01  0.5721E+02
   9.124  0.4109E+01  0.5725E+02
   9.134  0.4078E+01  0.5729E+02
   9.144  0.4009E+01  0.5733E+02
   9.154  0.3936E+01  0.5737E+02
   9.164  0.3874E+01  0.5741E+02
   9.174  0.3811E+01  0.5745E+02
   9.184  0.3649E+01  0.5749E+02
   9.194  0.3483E+01  0.5752E+02
   9.204  0.3337E+01  0.5756E+02
   9.214  0.3198E+01  0.5759E+02
   9.224  0.3013E+01  0.5762E+02
   9.234  0.2752E+01  0.5765E+02
   9.244  0.2459E+01  0.5768E+02
   9.254  0.2247E+01  0.5770E+02
   9.264  0.2070E+01  0.5772E+02
   9.274  0.2203E+01  0.5774E+02
   9.284  0.2272E+01  0.5776E+02
   9.294  0.2455E+01  0.5779E+02
   9.304  0.2615E+01  0.5781E+02
   9.314  0.2663E+01  0.5784E+02
   9.324  0.2920E+01  0.5787E+02
   9.334  0.3484E+01  0.5790E+02
   9.344  0.3738E+01  0.5794E+02
   9.354  0.3929E+01  0.5797E+02
   9.364  0.4077E+01  0.5801E+02
   9.374  0.4167E+01  0.5806E+02
   9.384  0.4168E+01  0.5810E+02
   9.394  0.4061E+01  0.5814E+02
   9.404  0.3947E+01  0.5818E+02
   9.414  0.3854E+01  0.5822E+02
   9.424  0.3776E+01  0.5826E+02
   9.434  0.3693E+01  0.5829E+02
   9.444  0.3685E+01  0.5833E+02
   9.454  0.3724E+01  0.5837E+02
   9.464  0.3737E+01  0.5840E+02
   9.474  0.3717E+01  0.5844E+02
   9.484  0.3568E+01  0.5848E+02
   9.494  0.3520E+01  0.5851E+02
   9.504  0.3456E+01  0.5855E+02
   9.514  0.3366E+01  0.5858E+02
   9.524  0.3260E+01  0.5862E+02
   9.534  0.3218E+01  0.5865E+02
   9.544  0.3183E+01  0.5868E+02
   9.554  0.3143E+01  0.5871E+02
   9.564  0.3109E+01  0.5874E+02
   9.574  0.3066E+01  0.5877E+02
   9.584  0.3000E+01  0.5880E+02
   9.594  0.2926E+01  0.5883E+02
   9.604  0.2853E+01  0.5886E+02
   9.614  0.2789E+01  0.5889E+02
   9.624  0.2733E+01  0.5892E+02
   9.634  0.2684E+01  0.5895E+02
   9.644  0.2641E+01  0.5897E+02
   9.654  0.2610E+01  0.5900E+02
   9.664  0.2621E+01  0.5902E+02
   9.674  0.2743E+01  0.5905E+02
   9.684  0.2685E+01  0.5908E+02
   9.694  0.2589E+01  0.5910E+02
   9.704  0.2582E+01  0.5913E+02
   9.714  0.2605E+01  0.5916E+02
   9.724  0.2623E+01  0.5918E+02
   9.734  0.2632E+01  0.5921E+02
   9.744  0.2690E+01  0.5924E+02
   9.754  0.2741E+01  0.5926E+02
   9.764  0.2784E+01  0.5929E+02
   9.774  0.2856E+01  0.5932E+02
   9.784  0.2878E+01  0.5935E+02
   9.794  0.2902E+01  0.5938E+02
   9.804  0.2932E+01  0.5941E+02
   9.814  0.2978E+01  0.5943E+02
   9.824  0.3042E+01  0.5947E+02
   9.834  0.3120E+01  0.5950E+02
   9.844  0.3212E+01  0.5953E+02
   9.854  0.3737E+01  0.5956E+02
   9.864  0.4162E+01  0.5960E+02
   9.874  0.5167E+01  0.5965E+02
   9.884  0.5561E+01  0.5970E+02
   9.894  0.5410E+01  0.5976E+02
   9.904  0.5410E+01  0.5981E+02
   9.914  0.5414E+01  0.5987E+02
   9.924  0.5824E+01  0.5992E+02
   9.934  0.5667E+01  0.5998E+02
   9.944  0.3118E+01  0.6002E+02
   9.954  0.2794E+01  0.6005E+02
   9.964  0.2657E+01  0.6008E+02
   9.974  0.2536E+01  0.6011E+02
   9.984  0.2432E+01  0.6013E+02
   9.994  0.2371E+01  0.6015E+02
  10.004  0.2354E+01  0.6018E+02
  10.014  0.2344E+01  0.6020E+02
