#  E (eV)   dos(E)     Int dos(E) EFermi =    1.340 eV
 -11.516  0.0000E+00  0.0000E+00
 -11.506  0.1711E+00  0.5702E-03
 -11.496  0.6842E+00  0.4562E-02
 -11.486  0.1278E+01  0.1462E-01
 -11.476  0.1560E+01  0.2907E-01
 -11.466  0.1667E+01  0.4515E-01
 -11.456  0.1878E+01  0.6278E-01
 -11.446  0.2175E+01  0.8302E-01
 -11.436  0.2490E+01  0.1063E+00
 -11.426  0.2764E+01  0.1327E+00
 -11.416  0.2965E+01  0.1614E+00
 -11.406  0.3170E+01  0.1920E+00
 -11.396  0.3419E+01  0.2249E+00
 -11.386  0.3684E+01  0.2604E+00
 -11.376  0.3955E+01  0.2986E+00
 -11.366  0.4232E+01  0.3395E+00
 -11.356  0.4587E+01  0.3835E+00
 -11.346  0.5202E+01  0.4322E+00
 -11.336  0.6000E+01  0.4882E+00
 -11.326  0.6736E+01  0.5519E+00
 -11.316  0.7310E+01  0.6225E+00
 -11.306  0.7403E+01  0.6965E+00
 -11.296  0.7118E+01  0.7691E+00
 -11.286  0.6975E+01  0.8394E+00
 -11.276  0.6947E+01  0.9090E+00
 -11.266  0.6860E+01  0.9781E+00
 -11.256  0.6721E+01  0.1046E+01
 -11.246  0.6531E+01  0.1112E+01
 -11.236  0.6338E+01  0.1177E+01
 -11.226  0.6202E+01  0.1239E+01
 -11.216  0.6056E+01  0.1301E+01
 -11.206  0.5913E+01  0.1360E+01
 -11.196  0.5807E+01  0.1419E+01
 -11.186  0.5726E+01  0.1477E+01
 -11.176  0.5653E+01  0.1534E+01
 -11.166  0.5567E+01  0.1590E+01
 -11.156  0.5294E+01  0.1644E+01
 -11.146  0.4928E+01  0.1695E+01
 -11.136  0.4564E+01  0.1743E+01
 -11.126  0.4156E+01  0.1786E+01
 -11.116  0.3702E+01  0.1826E+01
 -11.106  0.3179E+01  0.1860E+01
 -11.096  0.2645E+01  0.1889E+01
 -11.086  0.2253E+01  0.1914E+01
 -11.076  0.1931E+01  0.1934E+01
 -11.066  0.1667E+01  0.1952E+01
 -11.056  0.1393E+01  0.1968E+01
 -11.046  0.1065E+01  0.1980E+01
 -11.036  0.7889E+00  0.1989E+01
 -11.026  0.5632E+00  0.1996E+01
 -11.016  0.1284E+00  0.2000E+01
 -11.006  0.4403E+02  0.2287E+01
 -10.996  0.3845E+02  0.2699E+01
 -10.986  0.3269E+02  0.3055E+01
 -10.976  0.3184E+02  0.3384E+01
 -10.966  0.1991E+02  0.3586E+01
 -10.956  0.2073E+02  0.3787E+01
 -10.946  0.1923E+02  0.3990E+01
 -10.936  0.1817E+02  0.4175E+01
 -10.926  0.1750E+02  0.4354E+01
 -10.916  0.1878E+02  0.4539E+01
 -10.906  0.1720E+02  0.4721E+01
 -10.896  0.1676E+02  0.4892E+01
 -10.886  0.1892E+02  0.5075E+01
 -10.876  0.1778E+02  0.5257E+01
 -10.866  0.1729E+02  0.5433E+01
 -10.856  0.2071E+02  0.5621E+01
 -10.846  0.2161E+02  0.5839E+01
 -10.836  0.7331E+01  0.5989E+01
 -10.826  0.0000E+00  0.6000E+01
 -10.816  0.0000E+00  0.6000E+01
 -10.806  0.0000E+00  0.6000E+01
 -10.796  0.0000E+00  0.6000E+01
 -10.786  0.0000E+00  0.6000E+01
 -10.776  0.0000E+00  0.6000E+01
 -10.766  0.0000E+00  0.6000E+01
 -10.756  0.0000E+00  0.6000E+01
 -10.746  0.0000E+00  0.6000E+01
 -10.736  0.0000E+00  0.6000E+01
 -10.726  0.0000E+00  0.6000E+01
 -10.716  0.0000E+00  0.6000E+01
 -10.706  0.0000E+00  0.6000E+01
 -10.696  0.0000E+00  0.6000E+01
 -10.686  0.0000E+00  0.6000E+01
 -10.676  0.0000E+00  0.6000E+01
 -10.666  0.0000E+00  0.6000E+01
 -10.656  0.0000E+00  0.6000E+01
 -10.646  0.0000E+00  0.6000E+01
 -10.636  0.0000E+00  0.6000E+01
 -10.626  0.0000E+00  0.6000E+01
 -10.616  0.0000E+00  0.6000E+01
 -10.606  0.0000E+00  0.6000E+01
 -10.596  0.0000E+00  0.6000E+01
 -10.586  0.0000E+00  0.6000E+01
 -10.576  0.0000E+00  0.6000E+01
 -10.566  0.0000E+00  0.6000E+01
 -10.556  0.0000E+00  0.6000E+01
 -10.546  0.0000E+00  0.6000E+01
 -10.536  0.0000E+00  0.6000E+01
 -10.526  0.0000E+00  0.6000E+01
 -10.516  0.0000E+00  0.6000E+01
 -10.506  0.0000E+00  0.6000E+01
 -10.496  0.0000E+00  0.6000E+01
 -10.486  0.0000E+00  0.6000E+01
 -10.476  0.0000E+00  0.6000E+01
 -10.466  0.0000E+00  0.6000E+01
 -10.456  0.0000E+00  0.6000E+01
 -10.446  0.0000E+00  0.6000E+01
 -10.436  0.0000E+00  0.6000E+01
 -10.426  0.0000E+00  0.6000E+01
 -10.416  0.0000E+00  0.6000E+01
 -10.406  0.0000E+00  0.6000E+01
 -10.396  0.0000E+00  0.6000E+01
 -10.386  0.0000E+00  0.6000E+01
 -10.376  0.0000E+00  0.6000E+01
 -10.366  0.0000E+00  0.6000E+01
 -10.356  0.0000E+00  0.6000E+01
 -10.346  0.0000E+00  0.6000E+01
 -10.336  0.0000E+00  0.6000E+01
 -10.326  0.0000E+00  0.6000E+01
 -10.316  0.0000E+00  0.6000E+01
 -10.306  0.0000E+00  0.6000E+01
 -10.296  0.0000E+00  0.6000E+01
 -10.286  0.0000E+00  0.6000E+01
 -10.276  0.0000E+00  0.6000E+01
 -10.266  0.0000E+00  0.6000E+01
 -10.256  0.0000E+00  0.6000E+01
 -10.246  0.0000E+00  0.6000E+01
 -10.236  0.0000E+00  0.6000E+01
 -10.226  0.0000E+00  0.6000E+01
 -10.216  0.0000E+00  0.6000E+01
 -10.206  0.0000E+00  0.6000E+01
 -10.196  0.0000E+00  0.6000E+01
 -10.186  0.0000E+00  0.6000E+01
 -10.176  0.0000E+00  0.6000E+01
 -10.166  0.0000E+00  0.6000E+01
 -10.156  0.0000E+00  0.6000E+01
 -10.146  0.0000E+00  0.6000E+01
 -10.136  0.0000E+00  0.6000E+01
 -10.126  0.0000E+00  0.6000E+01
 -10.116  0.0000E+00  0.6000E+01
 -10.106  0.0000E+00  0.6000E+01
 -10.096  0.0000E+00  0.6000E+01
 -10.086  0.0000E+00  0.6000E+01
 -10.076  0.0000E+00  0.6000E+01
 -10.066  0.0000E+00  0.6000E+01
 -10.056  0.0000E+00  0.6000E+01
 -10.046  0.0000E+00  0.6000E+01
 -10.036  0.0000E+00  0.6000E+01
 -10.026  0.0000E+00  0.6000E+01
 -10.016  0.0000E+00  0.6000E+01
 -10.006  0.0000E+00  0.6000E+01
  -9.996  0.0000E+00  0.6000E+01
  -9.986  0.0000E+00  0.6000E+01
  -9.976  0.0000E+00  0.6000E+01
  -9.966  0.0000E+00  0.6000E+01
  -9.956  0.0000E+00  0.6000E+01
  -9.946  0.0000E+00  0.6000E+01
  -9.936  0.0000E+00  0.6000E+01
  -9.926  0.0000E+00  0.6000E+01
  -9.916  0.0000E+00  0.6000E+01
  -9.906  0.0000E+00  0.6000E+01
  -9.896  0.0000E+00  0.6000E+01
  -9.886  0.0000E+00  0.6000E+01
  -9.876  0.0000E+00  0.6000E+01
  -9.866  0.0000E+00  0.6000E+01
  -9.856  0.0000E+00  0.6000E+01
  -9.846  0.0000E+00  0.6000E+01
  -9.836  0.0000E+00  0.6000E+01
  -9.826  0.0000E+00  0.6000E+01
  -9.816  0.0000E+00  0.6000E+01
  -9.806  0.0000E+00  0.6000E+01
  -9.796  0.0000E+00  0.6000E+01
  -9.786  0.0000E+00  0.6000E+01
  -9.776  0.0000E+00  0.6000E+01
  -9.766  0.0000E+00  0.6000E+01
  -9.756  0.0000E+00  0.6000E+01
  -9.746  0.0000E+00  0.6000E+01
  -9.736  0.0000E+00  0.6000E+01
  -9.726  0.0000E+00  0.6000E+01
  -9.716  0.0000E+00  0.6000E+01
  -9.706  0.0000E+00  0.6000E+01
  -9.696  0.0000E+00  0.6000E+01
  -9.686  0.0000E+00  0.6000E+01
  -9.676  0.0000E+00  0.6000E+01
  -9.666  0.0000E+00  0.6000E+01
  -9.656  0.0000E+00  0.6000E+01
  -9.646  0.0000E+00  0.6000E+01
  -9.636  0.0000E+00  0.6000E+01
  -9.626  0.0000E+00  0.6000E+01
  -9.616  0.0000E+00  0.6000E+01
  -9.606  0.0000E+00  0.6000E+01
  -9.596  0.0000E+00  0.6000E+01
  -9.586  0.0000E+00  0.6000E+01
  -9.576  0.0000E+00  0.6000E+01
  -9.566  0.0000E+00  0.6000E+01
  -9.556  0.0000E+00  0.6000E+01
  -9.546  0.0000E+00  0.6000E+01
  -9.536  0.0000E+00  0.6000E+01
  -9.526  0.0000E+00  0.6000E+01
  -9.516  0.0000E+00  0.6000E+01
  -9.506  0.0000E+00  0.6000E+01
  -9.496  0.0000E+00  0.6000E+01
  -9.486  0.0000E+00  0.6000E+01
  -9.476  0.0000E+00  0.6000E+01
  -9.466  0.0000E+00  0.6000E+01
  -9.456  0.0000E+00  0.6000E+01
  -9.446  0.0000E+00  0.6000E+01
  -9.436  0.0000E+00  0.6000E+01
  -9.426  0.0000E+00  0.6000E+01
  -9.416  0.0000E+00  0.6000E+01
  -9.406  0.0000E+00  0.6000E+01
  -9.396  0.0000E+00  0.6000E+01
  -9.386  0.0000E+00  0.6000E+01
  -9.376  0.0000E+00  0.6000E+01
  -9.366  0.0000E+00  0.6000E+01
  -9.356  0.0000E+00  0.6000E+01
  -9.346  0.0000E+00  0.6000E+01
  -9.336  0.0000E+00  0.6000E+01
  -9.326  0.0000E+00  0.6000E+01
  -9.316  0.0000E+00  0.6000E+01
  -9.306  0.0000E+00  0.6000E+01
  -9.296  0.0000E+00  0.6000E+01
  -9.286  0.0000E+00  0.6000E+01
  -9.276  0.0000E+00  0.6000E+01
  -9.266  0.0000E+00  0.6000E+01
  -9.256  0.0000E+00  0.6000E+01
  -9.246  0.0000E+00  0.6000E+01
  -9.236  0.0000E+00  0.6000E+01
  -9.226  0.0000E+00  0.6000E+01
  -9.216  0.0000E+00  0.6000E+01
  -9.206  0.0000E+00  0.6000E+01
  -9.196  0.0000E+00  0.6000E+01
  -9.186  0.0000E+00  0.6000E+01
  -9.176  0.0000E+00  0.6000E+01
  -9.166  0.0000E+00  0.6000E+01
  -9.156  0.0000E+00  0.6000E+01
  -9.146  0.0000E+00  0.6000E+01
  -9.136  0.0000E+00  0.6000E+01
  -9.126  0.0000E+00  0.6000E+01
  -9.116  0.0000E+00  0.6000E+01
  -9.106  0.0000E+00  0.6000E+01
  -9.096  0.0000E+00  0.6000E+01
  -9.086  0.0000E+00  0.6000E+01
  -9.076  0.0000E+00  0.6000E+01
  -9.066  0.0000E+00  0.6000E+01
  -9.056  0.0000E+00  0.6000E+01
  -9.046  0.0000E+00  0.6000E+01
  -9.036  0.0000E+00  0.6000E+01
  -9.026  0.0000E+00  0.6000E+01
  -9.016  0.0000E+00  0.6000E+01
  -9.006  0.0000E+00  0.6000E+01
  -8.996  0.0000E+00  0.6000E+01
  -8.986  0.0000E+00  0.6000E+01
  -8.976  0.0000E+00  0.6000E+01
  -8.966  0.0000E+00  0.6000E+01
  -8.956  0.0000E+00  0.6000E+01
  -8.946  0.0000E+00  0.6000E+01
  -8.936  0.0000E+00  0.6000E+01
  -8.926  0.0000E+00  0.6000E+01
  -8.916  0.0000E+00  0.6000E+01
  -8.906  0.0000E+00  0.6000E+01
  -8.896  0.0000E+00  0.6000E+01
  -8.886  0.0000E+00  0.6000E+01
  -8.876  0.0000E+00  0.6000E+01
  -8.866  0.0000E+00  0.6000E+01
  -8.856  0.0000E+00  0.6000E+01
  -8.846  0.0000E+00  0.6000E+01
  -8.836  0.0000E+00  0.6000E+01
  -8.826  0.0000E+00  0.6000E+01
  -8.816  0.0000E+00  0.6000E+01
  -8.806  0.0000E+00  0.6000E+01
  -8.796  0.0000E+00  0.6000E+01
  -8.786  0.0000E+00  0.6000E+01
  -8.776  0.0000E+00  0.6000E+01
  -8.766  0.0000E+00  0.6000E+01
  -8.756  0.0000E+00  0.6000E+01
  -8.746  0.0000E+00  0.6000E+01
  -8.736  0.0000E+00  0.6000E+01
  -8.726  0.0000E+00  0.6000E+01
  -8.716  0.0000E+00  0.6000E+01
  -8.706  0.0000E+00  0.6000E+01
  -8.696  0.0000E+00  0.6000E+01
  -8.686  0.0000E+00  0.6000E+01
  -8.676  0.0000E+00  0.6000E+01
  -8.666  0.0000E+00  0.6000E+01
  -8.656  0.0000E+00  0.6000E+01
  -8.646  0.0000E+00  0.6000E+01
  -8.636  0.0000E+00  0.6000E+01
  -8.626  0.0000E+00  0.6000E+01
  -8.616  0.0000E+00  0.6000E+01
  -8.606  0.0000E+00  0.6000E+01
  -8.596  0.0000E+00  0.6000E+01
  -8.586  0.0000E+00  0.6000E+01
  -8.576  0.0000E+00  0.6000E+01
  -8.566  0.0000E+00  0.6000E+01
  -8.556  0.0000E+00  0.6000E+01
  -8.546  0.0000E+00  0.6000E+01
  -8.536  0.0000E+00  0.6000E+01
  -8.526  0.0000E+00  0.6000E+01
  -8.516  0.0000E+00  0.6000E+01
  -8.506  0.0000E+00  0.6000E+01
  -8.496  0.0000E+00  0.6000E+01
  -8.486  0.0000E+00  0.6000E+01
  -8.476  0.0000E+00  0.6000E+01
  -8.466  0.0000E+00  0.6000E+01
  -8.456  0.0000E+00  0.6000E+01
  -8.446  0.0000E+00  0.6000E+01
  -8.436  0.0000E+00  0.6000E+01
  -8.426  0.0000E+00  0.6000E+01
  -8.416  0.0000E+00  0.6000E+01
  -8.406  0.0000E+00  0.6000E+01
  -8.396  0.0000E+00  0.6000E+01
  -8.386  0.0000E+00  0.6000E+01
  -8.376  0.0000E+00  0.6000E+01
  -8.366  0.0000E+00  0.6000E+01
  -8.356  0.0000E+00  0.6000E+01
  -8.346  0.0000E+00  0.6000E+01
  -8.336  0.0000E+00  0.6000E+01
  -8.326  0.0000E+00  0.6000E+01
  -8.316  0.0000E+00  0.6000E+01
  -8.306  0.0000E+00  0.6000E+01
  -8.296  0.0000E+00  0.6000E+01
  -8.286  0.0000E+00  0.6000E+01
  -8.276  0.0000E+00  0.6000E+01
  -8.266  0.0000E+00  0.6000E+01
  -8.256  0.0000E+00  0.6000E+01
  -8.246  0.0000E+00  0.6000E+01
  -8.236  0.0000E+00  0.6000E+01
  -8.226  0.0000E+00  0.6000E+01
  -8.216  0.0000E+00  0.6000E+01
  -8.206  0.0000E+00  0.6000E+01
  -8.196  0.0000E+00  0.6000E+01
  -8.186  0.0000E+00  0.6000E+01
  -8.176  0.0000E+00  0.6000E+01
  -8.166  0.0000E+00  0.6000E+01
  -8.156  0.0000E+00  0.6000E+01
  -8.146  0.0000E+00  0.6000E+01
  -8.136  0.0000E+00  0.6000E+01
  -8.126  0.0000E+00  0.6000E+01
  -8.116  0.0000E+00  0.6000E+01
  -8.106  0.0000E+00  0.6000E+01
  -8.096  0.0000E+00  0.6000E+01
  -8.086  0.0000E+00  0.6000E+01
  -8.076  0.0000E+00  0.6000E+01
  -8.066  0.0000E+00  0.6000E+01
  -8.056  0.0000E+00  0.6000E+01
  -8.046  0.0000E+00  0.6000E+01
  -8.036  0.0000E+00  0.6000E+01
  -8.026  0.0000E+00  0.6000E+01
  -8.016  0.0000E+00  0.6000E+01
  -8.006  0.0000E+00  0.6000E+01
  -7.996  0.0000E+00  0.6000E+01
  -7.986  0.0000E+00  0.6000E+01
  -7.976  0.0000E+00  0.6000E+01
  -7.966  0.0000E+00  0.6000E+01
  -7.956  0.0000E+00  0.6000E+01
  -7.946  0.0000E+00  0.6000E+01
  -7.936  0.0000E+00  0.6000E+01
  -7.926  0.0000E+00  0.6000E+01
  -7.916  0.0000E+00  0.6000E+01
  -7.906  0.0000E+00  0.6000E+01
  -7.896  0.0000E+00  0.6000E+01
  -7.886  0.3733E-03  0.6000E+01
  -7.876  0.7923E-02  0.6000E+01
  -7.866  0.2519E-01  0.6000E+01
  -7.856  0.5216E-01  0.6001E+01
  -7.846  0.8885E-01  0.6001E+01
  -7.836  0.1353E+00  0.6002E+01
  -7.826  0.1914E+00  0.6004E+01
  -7.816  0.2565E+00  0.6006E+01
  -7.806  0.3176E+00  0.6009E+01
  -7.796  0.3704E+00  0.6013E+01
  -7.786  0.4150E+00  0.6016E+01
  -7.776  0.4513E+00  0.6021E+01
  -7.766  0.4792E+00  0.6025E+01
  -7.756  0.4989E+00  0.6030E+01
  -7.746  0.5120E+00  0.6035E+01
  -7.736  0.5270E+00  0.6041E+01
  -7.726  0.5452E+00  0.6046E+01
  -7.716  0.5666E+00  0.6052E+01
  -7.706  0.5911E+00  0.6057E+01
  -7.696  0.6188E+00  0.6063E+01
  -7.686  0.6496E+00  0.6070E+01
  -7.676  0.6824E+00  0.6076E+01
  -7.666  0.7159E+00  0.6083E+01
  -7.656  0.7500E+00  0.6091E+01
  -7.646  0.7848E+00  0.6098E+01
  -7.636  0.8197E+00  0.6106E+01
  -7.626  0.8540E+00  0.6115E+01
  -7.616  0.8878E+00  0.6123E+01
  -7.606  0.9211E+00  0.6133E+01
  -7.596  0.9538E+00  0.6142E+01
  -7.586  0.9859E+00  0.6152E+01
  -7.576  0.1018E+01  0.6162E+01
  -7.566  0.1052E+01  0.6172E+01
  -7.556  0.1086E+01  0.6183E+01
  -7.546  0.1122E+01  0.6194E+01
  -7.536  0.1158E+01  0.6205E+01
  -7.526  0.1195E+01  0.6217E+01
  -7.516  0.1234E+01  0.6229E+01
  -7.506  0.1272E+01  0.6242E+01
  -7.496  0.1311E+01  0.6254E+01
  -7.486  0.1350E+01  0.6268E+01
  -7.476  0.1390E+01  0.6281E+01
  -7.466  0.1430E+01  0.6296E+01
  -7.456  0.1471E+01  0.6310E+01
  -7.446  0.1519E+01  0.6325E+01
  -7.436  0.1583E+01  0.6340E+01
  -7.426  0.1663E+01  0.6357E+01
  -7.416  0.1757E+01  0.6374E+01
  -7.406  0.1868E+01  0.6392E+01
  -7.396  0.1995E+01  0.6411E+01
  -7.386  0.2135E+01  0.6432E+01
  -7.376  0.2275E+01  0.6454E+01
  -7.366  0.2408E+01  0.6477E+01
  -7.356  0.2513E+01  0.6502E+01
  -7.346  0.2588E+01  0.6528E+01
  -7.336  0.2631E+01  0.6554E+01
  -7.326  0.2644E+01  0.6580E+01
  -7.316  0.2629E+01  0.6606E+01
  -7.306  0.2590E+01  0.6633E+01
  -7.296  0.2547E+01  0.6658E+01
  -7.286  0.2514E+01  0.6684E+01
  -7.276  0.2490E+01  0.6709E+01
  -7.266  0.2476E+01  0.6733E+01
  -7.256  0.2471E+01  0.6758E+01
  -7.246  0.2475E+01  0.6783E+01
  -7.236  0.2485E+01  0.6808E+01
  -7.226  0.2493E+01  0.6832E+01
  -7.216  0.2499E+01  0.6857E+01
  -7.206  0.2502E+01  0.6882E+01
  -7.196  0.2502E+01  0.6907E+01
  -7.186  0.2500E+01  0.6932E+01
  -7.176  0.2494E+01  0.6957E+01
  -7.166  0.2486E+01  0.6982E+01
  -7.156  0.2475E+01  0.7007E+01
  -7.146  0.2462E+01  0.7032E+01
  -7.136  0.2448E+01  0.7056E+01
  -7.126  0.2435E+01  0.7081E+01
  -7.116  0.2422E+01  0.7105E+01
  -7.106  0.2409E+01  0.7129E+01
  -7.096  0.2397E+01  0.7153E+01
  -7.086  0.2385E+01  0.7177E+01
  -7.076  0.2374E+01  0.7201E+01
  -7.066  0.2362E+01  0.7225E+01
  -7.056  0.2348E+01  0.7248E+01
  -7.046  0.2334E+01  0.7272E+01
  -7.036  0.2320E+01  0.7295E+01
  -7.026  0.2311E+01  0.7318E+01
  -7.016  0.2307E+01  0.7341E+01
  -7.006  0.2309E+01  0.7364E+01
  -6.996  0.2316E+01  0.7387E+01
  -6.986  0.2328E+01  0.7411E+01
  -6.976  0.2345E+01  0.7434E+01
  -6.966  0.2364E+01  0.7457E+01
  -6.956  0.2384E+01  0.7481E+01
  -6.946  0.2388E+01  0.7505E+01
  -6.936  0.2371E+01  0.7529E+01
  -6.926  0.2333E+01  0.7552E+01
  -6.916  0.2273E+01  0.7575E+01
  -6.906  0.2191E+01  0.7598E+01
  -6.896  0.2089E+01  0.7619E+01
  -6.886  0.1973E+01  0.7640E+01
  -6.876  0.1849E+01  0.7659E+01
  -6.866  0.1725E+01  0.7677E+01
  -6.856  0.1613E+01  0.7693E+01
  -6.846  0.1515E+01  0.7709E+01
  -6.836  0.1430E+01  0.7724E+01
  -6.826  0.1359E+01  0.7737E+01
  -6.816  0.1302E+01  0.7751E+01
  -6.806  0.1256E+01  0.7764E+01
  -6.796  0.1212E+01  0.7776E+01
  -6.786  0.1169E+01  0.7788E+01
  -6.776  0.1126E+01  0.7799E+01
  -6.766  0.1083E+01  0.7810E+01
  -6.756  0.1041E+01  0.7821E+01
  -6.746  0.9991E+00  0.7831E+01
  -6.736  0.9578E+00  0.7841E+01
  -6.726  0.9176E+00  0.7850E+01
  -6.716  0.8791E+00  0.7859E+01
  -6.706  0.8420E+00  0.7868E+01
  -6.696  0.8064E+00  0.7876E+01
  -6.686  0.7723E+00  0.7884E+01
  -6.676  0.7396E+00  0.7892E+01
  -6.666  0.7085E+00  0.7899E+01
  -6.656  0.6788E+00  0.7906E+01
  -6.646  0.6506E+00  0.7912E+01
  -6.636  0.6233E+00  0.7919E+01
  -6.626  0.5965E+00  0.7925E+01
  -6.616  0.5710E+00  0.7931E+01
  -6.606  0.5467E+00  0.7936E+01
  -6.596  0.5236E+00  0.7942E+01
  -6.586  0.5018E+00  0.7947E+01
  -6.576  0.4813E+00  0.7952E+01
  -6.566  0.4621E+00  0.7956E+01
  -6.556  0.4441E+00  0.7961E+01
  -6.546  0.4274E+00  0.7965E+01
  -6.536  0.4106E+00  0.7969E+01
  -6.526  0.3912E+00  0.7973E+01
  -6.516  0.3692E+00  0.7977E+01
  -6.506  0.3446E+00  0.7981E+01
  -6.496  0.3174E+00  0.7984E+01
  -6.486  0.2877E+00  0.7987E+01
  -6.476  0.2553E+00  0.7990E+01
  -6.466  0.2203E+00  0.7992E+01
  -6.456  0.1827E+00  0.7994E+01
  -6.446  0.1456E+00  0.7996E+01
  -6.436  0.1128E+00  0.7997E+01
  -6.426  0.8417E-01  0.7998E+01
  -6.416  0.5972E-01  0.7999E+01
  -6.406  0.3945E-01  0.7999E+01
  -6.396  0.2338E-01  0.8000E+01
  -6.386  0.1148E-01  0.8000E+01
  -6.376  0.3770E-02  0.8000E+01
  -6.366  0.2452E-03  0.8000E+01
  -6.356  0.0000E+00  0.8000E+01
  -6.346  0.0000E+00  0.8000E+01
  -6.336  0.0000E+00  0.8000E+01
  -6.326  0.0000E+00  0.8000E+01
  -6.316  0.0000E+00  0.8000E+01
  -6.306  0.0000E+00  0.8000E+01
  -6.296  0.0000E+00  0.8000E+01
  -6.286  0.0000E+00  0.8000E+01
  -6.276  0.0000E+00  0.8000E+01
  -6.266  0.0000E+00  0.8000E+01
  -6.256  0.0000E+00  0.8000E+01
  -6.246  0.0000E+00  0.8000E+01
  -6.236  0.0000E+00  0.8000E+01
  -6.226  0.0000E+00  0.8000E+01
  -6.216  0.0000E+00  0.8000E+01
  -6.206  0.0000E+00  0.8000E+01
  -6.196  0.0000E+00  0.8000E+01
  -6.186  0.0000E+00  0.8000E+01
  -6.176  0.0000E+00  0.8000E+01
  -6.166  0.0000E+00  0.8000E+01
  -6.156  0.0000E+00  0.8000E+01
  -6.146  0.0000E+00  0.8000E+01
  -6.136  0.0000E+00  0.8000E+01
  -6.126  0.0000E+00  0.8000E+01
  -6.116  0.0000E+00  0.8000E+01
  -6.106  0.0000E+00  0.8000E+01
  -6.096  0.0000E+00  0.8000E+01
  -6.086  0.0000E+00  0.8000E+01
  -6.076  0.0000E+00  0.8000E+01
  -6.066  0.0000E+00  0.8000E+01
  -6.056  0.0000E+00  0.8000E+01
  -6.046  0.0000E+00  0.8000E+01
  -6.036  0.0000E+00  0.8000E+01
  -6.026  0.0000E+00  0.8000E+01
  -6.016  0.0000E+00  0.8000E+01
  -6.006  0.0000E+00  0.8000E+01
  -5.996  0.0000E+00  0.8000E+01
  -5.986  0.0000E+00  0.8000E+01
  -5.976  0.0000E+00  0.8000E+01
  -5.966  0.0000E+00  0.8000E+01
  -5.956  0.0000E+00  0.8000E+01
  -5.946  0.0000E+00  0.8000E+01
  -5.936  0.0000E+00  0.8000E+01
  -5.926  0.0000E+00  0.8000E+01
  -5.916  0.0000E+00  0.8000E+01
  -5.906  0.0000E+00  0.8000E+01
  -5.896  0.0000E+00  0.8000E+01
  -5.886  0.0000E+00  0.8000E+01
  -5.876  0.0000E+00  0.8000E+01
  -5.866  0.0000E+00  0.8000E+01
  -5.856  0.0000E+00  0.8000E+01
  -5.846  0.0000E+00  0.8000E+01
  -5.836  0.0000E+00  0.8000E+01
  -5.826  0.0000E+00  0.8000E+01
  -5.816  0.0000E+00  0.8000E+01
  -5.806  0.0000E+00  0.8000E+01
  -5.796  0.0000E+00  0.8000E+01
  -5.786  0.0000E+00  0.8000E+01
  -5.776  0.0000E+00  0.8000E+01
  -5.766  0.0000E+00  0.8000E+01
  -5.756  0.0000E+00  0.8000E+01
  -5.746  0.0000E+00  0.8000E+01
  -5.736  0.0000E+00  0.8000E+01
  -5.726  0.0000E+00  0.8000E+01
  -5.716  0.0000E+00  0.8000E+01
  -5.706  0.0000E+00  0.8000E+01
  -5.696  0.0000E+00  0.8000E+01
  -5.686  0.0000E+00  0.8000E+01
  -5.676  0.0000E+00  0.8000E+01
  -5.666  0.0000E+00  0.8000E+01
  -5.656  0.0000E+00  0.8000E+01
  -5.646  0.0000E+00  0.8000E+01
  -5.636  0.0000E+00  0.8000E+01
  -5.626  0.0000E+00  0.8000E+01
  -5.616  0.0000E+00  0.8000E+01
  -5.606  0.0000E+00  0.8000E+01
  -5.596  0.0000E+00  0.8000E+01
  -5.586  0.0000E+00  0.8000E+01
  -5.576  0.0000E+00  0.8000E+01
  -5.566  0.0000E+00  0.8000E+01
  -5.556  0.0000E+00  0.8000E+01
  -5.546  0.0000E+00  0.8000E+01
  -5.536  0.0000E+00  0.8000E+01
  -5.526  0.0000E+00  0.8000E+01
  -5.516  0.0000E+00  0.8000E+01
  -5.506  0.0000E+00  0.8000E+01
  -5.496  0.0000E+00  0.8000E+01
  -5.486  0.0000E+00  0.8000E+01
  -5.476  0.0000E+00  0.8000E+01
  -5.466  0.0000E+00  0.8000E+01
  -5.456  0.0000E+00  0.8000E+01
  -5.446  0.0000E+00  0.8000E+01
  -5.436  0.0000E+00  0.8000E+01
  -5.426  0.0000E+00  0.8000E+01
  -5.416  0.0000E+00  0.8000E+01
  -5.406  0.0000E+00  0.8000E+01
  -5.396  0.0000E+00  0.8000E+01
  -5.386  0.0000E+00  0.8000E+01
  -5.376  0.0000E+00  0.8000E+01
  -5.366  0.0000E+00  0.8000E+01
  -5.356  0.0000E+00  0.8000E+01
  -5.346  0.0000E+00  0.8000E+01
  -5.336  0.0000E+00  0.8000E+01
  -5.326  0.0000E+00  0.8000E+01
  -5.316  0.0000E+00  0.8000E+01
  -5.306  0.0000E+00  0.8000E+01
  -5.296  0.0000E+00  0.8000E+01
  -5.286  0.0000E+00  0.8000E+01
  -5.276  0.0000E+00  0.8000E+01
  -5.266  0.0000E+00  0.8000E+01
  -5.256  0.0000E+00  0.8000E+01
  -5.246  0.0000E+00  0.8000E+01
  -5.236  0.0000E+00  0.8000E+01
  -5.226  0.0000E+00  0.8000E+01
  -5.216  0.0000E+00  0.8000E+01
  -5.206  0.0000E+00  0.8000E+01
  -5.196  0.0000E+00  0.8000E+01
  -5.186  0.0000E+00  0.8000E+01
  -5.176  0.0000E+00  0.8000E+01
  -5.166  0.0000E+00  0.8000E+01
  -5.156  0.0000E+00  0.8000E+01
  -5.146  0.0000E+00  0.8000E+01
  -5.136  0.0000E+00  0.8000E+01
  -5.126  0.0000E+00  0.8000E+01
  -5.116  0.0000E+00  0.8000E+01
  -5.106  0.0000E+00  0.8000E+01
  -5.096  0.0000E+00  0.8000E+01
  -5.086  0.0000E+00  0.8000E+01
  -5.076  0.0000E+00  0.8000E+01
  -5.066  0.0000E+00  0.8000E+01
  -5.056  0.0000E+00  0.8000E+01
  -5.046  0.0000E+00  0.8000E+01
  -5.036  0.0000E+00  0.8000E+01
  -5.026  0.0000E+00  0.8000E+01
  -5.016  0.0000E+00  0.8000E+01
  -5.006  0.0000E+00  0.8000E+01
  -4.996  0.0000E+00  0.8000E+01
  -4.986  0.0000E+00  0.8000E+01
  -4.976  0.0000E+00  0.8000E+01
  -4.966  0.0000E+00  0.8000E+01
  -4.956  0.0000E+00  0.8000E+01
  -4.946  0.0000E+00  0.8000E+01
  -4.936  0.0000E+00  0.8000E+01
  -4.926  0.0000E+00  0.8000E+01
  -4.916  0.0000E+00  0.8000E+01
  -4.906  0.0000E+00  0.8000E+01
  -4.896  0.0000E+00  0.8000E+01
  -4.886  0.0000E+00  0.8000E+01
  -4.876  0.0000E+00  0.8000E+01
  -4.866  0.0000E+00  0.8000E+01
  -4.856  0.0000E+00  0.8000E+01
  -4.846  0.0000E+00  0.8000E+01
  -4.836  0.0000E+00  0.8000E+01
  -4.826  0.0000E+00  0.8000E+01
  -4.816  0.0000E+00  0.8000E+01
  -4.806  0.0000E+00  0.8000E+01
  -4.796  0.0000E+00  0.8000E+01
  -4.786  0.0000E+00  0.8000E+01
  -4.776  0.0000E+00  0.8000E+01
  -4.766  0.0000E+00  0.8000E+01
  -4.756  0.0000E+00  0.8000E+01
  -4.746  0.0000E+00  0.8000E+01
  -4.736  0.0000E+00  0.8000E+01
  -4.726  0.0000E+00  0.8000E+01
  -4.716  0.0000E+00  0.8000E+01
  -4.706  0.0000E+00  0.8000E+01
  -4.696  0.0000E+00  0.8000E+01
  -4.686  0.0000E+00  0.8000E+01
  -4.676  0.0000E+00  0.8000E+01
  -4.666  0.0000E+00  0.8000E+01
  -4.656  0.0000E+00  0.8000E+01
  -4.646  0.0000E+00  0.8000E+01
  -4.636  0.0000E+00  0.8000E+01
  -4.626  0.0000E+00  0.8000E+01
  -4.616  0.0000E+00  0.8000E+01
  -4.606  0.0000E+00  0.8000E+01
  -4.596  0.0000E+00  0.8000E+01
  -4.586  0.0000E+00  0.8000E+01
  -4.576  0.0000E+00  0.8000E+01
  -4.566  0.0000E+00  0.8000E+01
  -4.556  0.0000E+00  0.8000E+01
  -4.546  0.0000E+00  0.8000E+01
  -4.536  0.0000E+00  0.8000E+01
  -4.526  0.0000E+00  0.8000E+01
  -4.516  0.0000E+00  0.8000E+01
  -4.506  0.0000E+00  0.8000E+01
  -4.496  0.0000E+00  0.8000E+01
  -4.486  0.0000E+00  0.8000E+01
  -4.476  0.0000E+00  0.8000E+01
  -4.466  0.0000E+00  0.8000E+01
  -4.456  0.0000E+00  0.8000E+01
  -4.446  0.0000E+00  0.8000E+01
  -4.436  0.0000E+00  0.8000E+01
  -4.426  0.0000E+00  0.8000E+01
  -4.416  0.0000E+00  0.8000E+01
  -4.406  0.0000E+00  0.8000E+01
  -4.396  0.0000E+00  0.8000E+01
  -4.386  0.0000E+00  0.8000E+01
  -4.376  0.0000E+00  0.8000E+01
  -4.366  0.0000E+00  0.8000E+01
  -4.356  0.0000E+00  0.8000E+01
  -4.346  0.0000E+00  0.8000E+01
  -4.336  0.0000E+00  0.8000E+01
  -4.326  0.0000E+00  0.8000E+01
  -4.316  0.0000E+00  0.8000E+01
  -4.306  0.0000E+00  0.8000E+01
  -4.296  0.0000E+00  0.8000E+01
  -4.286  0.0000E+00  0.8000E+01
  -4.276  0.0000E+00  0.8000E+01
  -4.266  0.0000E+00  0.8000E+01
  -4.256  0.0000E+00  0.8000E+01
  -4.246  0.0000E+00  0.8000E+01
  -4.236  0.0000E+00  0.8000E+01
  -4.226  0.0000E+00  0.8000E+01
  -4.216  0.0000E+00  0.8000E+01
  -4.206  0.0000E+00  0.8000E+01
  -4.196  0.0000E+00  0.8000E+01
  -4.186  0.0000E+00  0.8000E+01
  -4.176  0.0000E+00  0.8000E+01
  -4.166  0.0000E+00  0.8000E+01
  -4.156  0.0000E+00  0.8000E+01
  -4.146  0.0000E+00  0.8000E+01
  -4.136  0.0000E+00  0.8000E+01
  -4.126  0.0000E+00  0.8000E+01
  -4.116  0.0000E+00  0.8000E+01
  -4.106  0.0000E+00  0.8000E+01
  -4.096  0.0000E+00  0.8000E+01
  -4.086  0.0000E+00  0.8000E+01
  -4.076  0.0000E+00  0.8000E+01
  -4.066  0.0000E+00  0.8000E+01
  -4.056  0.0000E+00  0.8000E+01
  -4.046  0.0000E+00  0.8000E+01
  -4.036  0.0000E+00  0.8000E+01
  -4.026  0.0000E+00  0.8000E+01
  -4.016  0.0000E+00  0.8000E+01
  -4.006  0.0000E+00  0.8000E+01
  -3.996  0.0000E+00  0.8000E+01
  -3.986  0.0000E+00  0.8000E+01
  -3.976  0.0000E+00  0.8000E+01
  -3.966  0.0000E+00  0.8000E+01
  -3.956  0.0000E+00  0.8000E+01
  -3.946  0.0000E+00  0.8000E+01
  -3.936  0.0000E+00  0.8000E+01
  -3.926  0.0000E+00  0.8000E+01
  -3.916  0.0000E+00  0.8000E+01
  -3.906  0.0000E+00  0.8000E+01
  -3.896  0.0000E+00  0.8000E+01
  -3.886  0.0000E+00  0.8000E+01
  -3.876  0.0000E+00  0.8000E+01
  -3.866  0.0000E+00  0.8000E+01
  -3.856  0.0000E+00  0.8000E+01
  -3.846  0.0000E+00  0.8000E+01
  -3.836  0.0000E+00  0.8000E+01
  -3.826  0.0000E+00  0.8000E+01
  -3.816  0.0000E+00  0.8000E+01
  -3.806  0.0000E+00  0.8000E+01
  -3.796  0.0000E+00  0.8000E+01
  -3.786  0.0000E+00  0.8000E+01
  -3.776  0.0000E+00  0.8000E+01
  -3.766  0.0000E+00  0.8000E+01
  -3.756  0.0000E+00  0.8000E+01
  -3.746  0.0000E+00  0.8000E+01
  -3.736  0.0000E+00  0.8000E+01
  -3.726  0.0000E+00  0.8000E+01
  -3.716  0.0000E+00  0.8000E+01
  -3.706  0.0000E+00  0.8000E+01
  -3.696  0.0000E+00  0.8000E+01
  -3.686  0.0000E+00  0.8000E+01
  -3.676  0.0000E+00  0.8000E+01
  -3.666  0.0000E+00  0.8000E+01
  -3.656  0.0000E+00  0.8000E+01
  -3.646  0.0000E+00  0.8000E+01
  -3.636  0.0000E+00  0.8000E+01
  -3.626  0.0000E+00  0.8000E+01
  -3.616  0.0000E+00  0.8000E+01
  -3.606  0.0000E+00  0.8000E+01
  -3.596  0.0000E+00  0.8000E+01
  -3.586  0.0000E+00  0.8000E+01
  -3.576  0.0000E+00  0.8000E+01
  -3.566  0.0000E+00  0.8000E+01
  -3.556  0.0000E+00  0.8000E+01
  -3.546  0.0000E+00  0.8000E+01
  -3.536  0.0000E+00  0.8000E+01
  -3.526  0.0000E+00  0.8000E+01
  -3.516  0.0000E+00  0.8000E+01
  -3.506  0.0000E+00  0.8000E+01
  -3.496  0.0000E+00  0.8000E+01
  -3.486  0.0000E+00  0.8000E+01
  -3.476  0.0000E+00  0.8000E+01
  -3.466  0.0000E+00  0.8000E+01
  -3.456  0.0000E+00  0.8000E+01
  -3.446  0.0000E+00  0.8000E+01
  -3.436  0.0000E+00  0.8000E+01
  -3.426  0.0000E+00  0.8000E+01
  -3.416  0.0000E+00  0.8000E+01
  -3.406  0.0000E+00  0.8000E+01
  -3.396  0.0000E+00  0.8000E+01
  -3.386  0.0000E+00  0.8000E+01
  -3.376  0.0000E+00  0.8000E+01
  -3.366  0.0000E+00  0.8000E+01
  -3.356  0.0000E+00  0.8000E+01
  -3.346  0.0000E+00  0.8000E+01
  -3.336  0.0000E+00  0.8000E+01
  -3.326  0.0000E+00  0.8000E+01
  -3.316  0.0000E+00  0.8000E+01
  -3.306  0.0000E+00  0.8000E+01
  -3.296  0.0000E+00  0.8000E+01
  -3.286  0.0000E+00  0.8000E+01
  -3.276  0.0000E+00  0.8000E+01
  -3.266  0.0000E+00  0.8000E+01
  -3.256  0.0000E+00  0.8000E+01
  -3.246  0.0000E+00  0.8000E+01
  -3.236  0.0000E+00  0.8000E+01
  -3.226  0.0000E+00  0.8000E+01
  -3.216  0.0000E+00  0.8000E+01
  -3.206  0.0000E+00  0.8000E+01
  -3.196  0.0000E+00  0.8000E+01
  -3.186  0.0000E+00  0.8000E+01
  -3.176  0.0000E+00  0.8000E+01
  -3.166  0.0000E+00  0.8000E+01
  -3.156  0.0000E+00  0.8000E+01
  -3.146  0.0000E+00  0.8000E+01
  -3.136  0.0000E+00  0.8000E+01
  -3.126  0.0000E+00  0.8000E+01
  -3.116  0.0000E+00  0.8000E+01
  -3.106  0.0000E+00  0.8000E+01
  -3.096  0.0000E+00  0.8000E+01
  -3.086  0.0000E+00  0.8000E+01
  -3.076  0.0000E+00  0.8000E+01
  -3.066  0.0000E+00  0.8000E+01
  -3.056  0.0000E+00  0.8000E+01
  -3.046  0.0000E+00  0.8000E+01
  -3.036  0.0000E+00  0.8000E+01
  -3.026  0.0000E+00  0.8000E+01
  -3.016  0.0000E+00  0.8000E+01
  -3.006  0.0000E+00  0.8000E+01
  -2.996  0.0000E+00  0.8000E+01
  -2.986  0.0000E+00  0.8000E+01
  -2.976  0.0000E+00  0.8000E+01
  -2.966  0.0000E+00  0.8000E+01
  -2.956  0.0000E+00  0.8000E+01
  -2.946  0.0000E+00  0.8000E+01
  -2.936  0.0000E+00  0.8000E+01
  -2.926  0.0000E+00  0.8000E+01
  -2.916  0.0000E+00  0.8000E+01
  -2.906  0.0000E+00  0.8000E+01
  -2.896  0.0000E+00  0.8000E+01
  -2.886  0.0000E+00  0.8000E+01
  -2.876  0.0000E+00  0.8000E+01
  -2.866  0.0000E+00  0.8000E+01
  -2.856  0.0000E+00  0.8000E+01
  -2.846  0.0000E+00  0.8000E+01
  -2.836  0.0000E+00  0.8000E+01
  -2.826  0.0000E+00  0.8000E+01
  -2.816  0.0000E+00  0.8000E+01
  -2.806  0.0000E+00  0.8000E+01
  -2.796  0.0000E+00  0.8000E+01
  -2.786  0.0000E+00  0.8000E+01
  -2.776  0.2721E+00  0.8001E+01
  -2.766  0.1208E+01  0.8008E+01
  -2.756  0.1272E+01  0.8021E+01
  -2.746  0.1245E+01  0.8033E+01
  -2.736  0.1478E+01  0.8047E+01
  -2.726  0.1735E+01  0.8063E+01
  -2.716  0.1996E+01  0.8081E+01
  -2.706  0.2295E+01  0.8103E+01
  -2.696  0.2618E+01  0.8127E+01
  -2.686  0.3004E+01  0.8155E+01
  -2.676  0.3878E+01  0.8189E+01
  -2.666  0.4553E+01  0.8233E+01
  -2.656  0.4203E+01  0.8277E+01
  -2.646  0.4297E+01  0.8319E+01
  -2.636  0.4593E+01  0.8363E+01
  -2.626  0.4859E+01  0.8411E+01
  -2.616  0.5087E+01  0.8460E+01
  -2.606  0.5278E+01  0.8512E+01
  -2.596  0.5443E+01  0.8566E+01
  -2.586  0.5689E+01  0.8621E+01
  -2.576  0.5865E+01  0.8679E+01
  -2.566  0.5988E+01  0.8738E+01
  -2.556  0.6148E+01  0.8799E+01
  -2.546  0.6332E+01  0.8861E+01
  -2.536  0.6426E+01  0.8925E+01
  -2.526  0.6413E+01  0.8990E+01
  -2.516  0.6376E+01  0.9054E+01
  -2.506  0.6265E+01  0.9117E+01
  -2.496  0.6109E+01  0.9179E+01
  -2.486  0.5915E+01  0.9239E+01
  -2.476  0.5708E+01  0.9297E+01
  -2.466  0.5582E+01  0.9353E+01
  -2.456  0.5527E+01  0.9409E+01
  -2.446  0.5265E+01  0.9463E+01
  -2.436  0.4869E+01  0.9514E+01
  -2.426  0.4505E+01  0.9561E+01
  -2.416  0.4168E+01  0.9604E+01
  -2.406  0.3755E+01  0.9644E+01
  -2.396  0.3372E+01  0.9679E+01
  -2.386  0.3181E+01  0.9712E+01
  -2.376  0.3068E+01  0.9743E+01
  -2.366  0.2964E+01  0.9773E+01
  -2.356  0.2867E+01  0.9802E+01
  -2.346  0.2765E+01  0.9830E+01
  -2.336  0.2656E+01  0.9858E+01
  -2.326  0.2572E+01  0.9884E+01
  -2.316  0.2531E+01  0.9909E+01
  -2.306  0.2524E+01  0.9934E+01
  -2.296  0.2519E+01  0.9960E+01
  -2.286  0.2515E+01  0.9985E+01
  -2.276  0.2511E+01  0.1001E+02
  -2.266  0.2507E+01  0.1004E+02
  -2.256  0.2503E+01  0.1006E+02
  -2.246  0.2498E+01  0.1009E+02
  -2.236  0.2494E+01  0.1011E+02
  -2.226  0.2490E+01  0.1013E+02
  -2.216  0.2486E+01  0.1016E+02
  -2.206  0.2482E+01  0.1018E+02
  -2.196  0.2478E+01  0.1021E+02
  -2.186  0.2474E+01  0.1023E+02
  -2.176  0.2470E+01  0.1026E+02
  -2.166  0.2466E+01  0.1028E+02
  -2.156  0.2461E+01  0.1031E+02
  -2.146  0.2457E+01  0.1033E+02
  -2.136  0.2453E+01  0.1036E+02
  -2.126  0.2449E+01  0.1038E+02
  -2.116  0.2445E+01  0.1041E+02
  -2.106  0.2441E+01  0.1043E+02
  -2.096  0.2437E+01  0.1046E+02
  -2.086  0.2433E+01  0.1048E+02
  -2.076  0.2429E+01  0.1050E+02
  -2.066  0.2425E+01  0.1053E+02
  -2.056  0.2424E+01  0.1055E+02
  -2.046  0.2430E+01  0.1058E+02
  -2.036  0.2474E+01  0.1060E+02
  -2.026  0.2512E+01  0.1063E+02
  -2.016  0.2542E+01  0.1065E+02
  -2.006  0.2566E+01  0.1068E+02
  -1.996  0.2582E+01  0.1070E+02
  -1.986  0.2598E+01  0.1073E+02
  -1.976  0.2625E+01  0.1075E+02
  -1.966  0.2751E+01  0.1078E+02
  -1.956  0.2877E+01  0.1081E+02
  -1.946  0.2954E+01  0.1084E+02
  -1.936  0.2993E+01  0.1087E+02
  -1.926  0.3023E+01  0.1090E+02
  -1.916  0.3002E+01  0.1093E+02
  -1.906  0.2950E+01  0.1096E+02
  -1.896  0.2949E+01  0.1099E+02
  -1.886  0.3041E+01  0.1102E+02
  -1.876  0.3121E+01  0.1105E+02
  -1.866  0.3185E+01  0.1108E+02
  -1.856  0.3185E+01  0.1111E+02
  -1.846  0.3157E+01  0.1114E+02
  -1.836  0.3129E+01  0.1118E+02
  -1.826  0.3105E+01  0.1121E+02
  -1.816  0.3086E+01  0.1124E+02
  -1.806  0.3058E+01  0.1127E+02
  -1.796  0.2996E+01  0.1130E+02
  -1.786  0.2942E+01  0.1133E+02
  -1.776  0.2897E+01  0.1136E+02
  -1.766  0.2890E+01  0.1139E+02
  -1.756  0.2907E+01  0.1142E+02
  -1.746  0.2921E+01  0.1144E+02
  -1.736  0.2932E+01  0.1147E+02
  -1.726  0.2940E+01  0.1150E+02
  -1.716  0.2950E+01  0.1153E+02
  -1.706  0.2960E+01  0.1156E+02
  -1.696  0.2971E+01  0.1159E+02
  -1.686  0.2983E+01  0.1162E+02
  -1.676  0.2994E+01  0.1165E+02
  -1.666  0.3006E+01  0.1168E+02
  -1.656  0.3019E+01  0.1171E+02
  -1.646  0.3031E+01  0.1174E+02
  -1.636  0.3044E+01  0.1177E+02
  -1.626  0.3058E+01  0.1180E+02
  -1.616  0.3071E+01  0.1183E+02
  -1.606  0.3085E+01  0.1186E+02
  -1.596  0.3100E+01  0.1190E+02
  -1.586  0.3115E+01  0.1193E+02
  -1.576  0.3130E+01  0.1196E+02
  -1.566  0.3145E+01  0.1199E+02
  -1.556  0.3161E+01  0.1202E+02
  -1.546  0.3177E+01  0.1205E+02
  -1.536  0.3194E+01  0.1208E+02
  -1.526  0.3210E+01  0.1212E+02
  -1.516  0.3308E+01  0.1215E+02
  -1.506  0.3937E+01  0.1218E+02
  -1.496  0.5042E+01  0.1223E+02
  -1.486  0.6480E+01  0.1229E+02
  -1.476  0.8349E+01  0.1236E+02
  -1.466  0.5963E+01  0.1244E+02
  -1.456  0.5584E+01  0.1249E+02
  -1.446  0.4953E+01  0.1255E+02
  -1.436  0.8619E+01  0.1261E+02
  -1.426  0.1031E+02  0.1270E+02
  -1.416  0.9917E+01  0.1282E+02
  -1.406  0.9565E+01  0.1291E+02
  -1.396  0.1028E+02  0.1301E+02
  -1.386  0.1082E+02  0.1312E+02
  -1.376  0.1069E+02  0.1323E+02
  -1.366  0.1218E+02  0.1334E+02
  -1.356  0.8895E+01  0.1345E+02
  -1.346  0.7902E+01  0.1354E+02
  -1.336  0.6945E+01  0.1361E+02
  -1.326  0.6025E+01  0.1368E+02
  -1.316  0.5141E+01  0.1373E+02
  -1.306  0.4293E+01  0.1378E+02
  -1.296  0.3518E+01  0.1382E+02
  -1.286  0.2911E+01  0.1385E+02
  -1.276  0.2307E+01  0.1388E+02
  -1.266  0.1729E+01  0.1390E+02
  -1.256  0.1974E+01  0.1391E+02
  -1.246  0.2464E+01  0.1394E+02
  -1.236  0.2988E+01  0.1396E+02
  -1.226  0.3521E+01  0.1400E+02
  -1.216  0.3930E+01  0.1403E+02
  -1.206  0.4207E+01  0.1407E+02
  -1.196  0.4404E+01  0.1412E+02
  -1.186  0.4520E+01  0.1416E+02
  -1.176  0.4553E+01  0.1421E+02
  -1.166  0.4506E+01  0.1425E+02
  -1.156  0.4376E+01  0.1430E+02
  -1.146  0.4147E+01  0.1434E+02
  -1.136  0.4016E+01  0.1438E+02
  -1.126  0.4003E+01  0.1442E+02
  -1.116  0.4068E+01  0.1446E+02
  -1.106  0.4180E+01  0.1450E+02
  -1.096  0.4426E+01  0.1455E+02
  -1.086  0.4835E+01  0.1459E+02
  -1.076  0.5210E+01  0.1464E+02
  -1.066  0.5665E+01  0.1470E+02
  -1.056  0.6071E+01  0.1476E+02
  -1.046  0.6468E+01  0.1482E+02
  -1.036  0.6937E+01  0.1488E+02
  -1.026  0.7622E+01  0.1496E+02
  -1.016  0.8061E+01  0.1504E+02
  -1.006  0.8241E+01  0.1512E+02
  -0.996  0.8106E+01  0.1520E+02
  -0.986  0.7747E+01  0.1528E+02
  -0.976  0.7630E+01  0.1536E+02
  -0.966  0.7738E+01  0.1543E+02
  -0.956  0.7855E+01  0.1551E+02
  -0.946  0.7980E+01  0.1559E+02
  -0.936  0.7911E+01  0.1567E+02
  -0.926  0.7521E+01  0.1575E+02
  -0.916  0.7136E+01  0.1582E+02
  -0.906  0.6864E+01  0.1589E+02
  -0.896  0.6885E+01  0.1596E+02
  -0.886  0.6925E+01  0.1603E+02
  -0.876  0.6979E+01  0.1610E+02
  -0.866  0.7012E+01  0.1617E+02
  -0.856  0.7034E+01  0.1624E+02
  -0.846  0.7244E+01  0.1631E+02
  -0.836  0.7464E+01  0.1638E+02
  -0.826  0.7851E+01  0.1646E+02
  -0.816  0.8527E+01  0.1654E+02
  -0.806  0.9138E+01  0.1663E+02
  -0.796  0.9640E+01  0.1672E+02
  -0.786  0.1022E+02  0.1682E+02
  -0.776  0.1033E+02  0.1692E+02
  -0.766  0.1011E+02  0.1703E+02
  -0.756  0.9813E+01  0.1713E+02
  -0.746  0.1087E+02  0.1723E+02
  -0.736  0.1053E+02  0.1733E+02
  -0.726  0.9854E+01  0.1744E+02
  -0.716  0.9247E+01  0.1753E+02
  -0.706  0.8327E+01  0.1762E+02
  -0.696  0.8100E+01  0.1770E+02
  -0.686  0.8089E+01  0.1778E+02
  -0.676  0.8367E+01  0.1787E+02
  -0.666  0.8940E+01  0.1795E+02
  -0.656  0.9863E+01  0.1805E+02
  -0.646  0.1143E+02  0.1815E+02
  -0.636  0.1618E+02  0.1829E+02
  -0.626  0.1742E+02  0.1846E+02
  -0.616  0.1682E+02  0.1863E+02
  -0.606  0.1560E+02  0.1879E+02
  -0.596  0.1443E+02  0.1894E+02
  -0.586  0.1330E+02  0.1908E+02
  -0.576  0.1235E+02  0.1921E+02
  -0.566  0.1191E+02  0.1933E+02
  -0.556  0.1187E+02  0.1945E+02
  -0.546  0.1207E+02  0.1957E+02
  -0.536  0.1116E+02  0.1969E+02
  -0.526  0.1175E+02  0.1979E+02
  -0.516  0.1331E+02  0.1992E+02
  -0.506  0.1288E+02  0.2005E+02
  -0.496  0.1373E+02  0.2019E+02
  -0.486  0.1997E+02  0.2035E+02
  -0.476  0.2018E+02  0.2057E+02
  -0.466  0.1991E+02  0.2077E+02
  -0.456  0.1904E+02  0.2096E+02
  -0.446  0.1743E+02  0.2114E+02
  -0.436  0.1761E+02  0.2132E+02
  -0.426  0.1760E+02  0.2150E+02
  -0.416  0.1556E+02  0.2166E+02
  -0.406  0.1417E+02  0.2181E+02
  -0.396  0.1695E+02  0.2197E+02
  -0.386  0.1372E+02  0.2213E+02
  -0.376  0.1340E+02  0.2227E+02
  -0.366  0.1298E+02  0.2240E+02
  -0.356  0.1238E+02  0.2253E+02
  -0.346  0.1178E+02  0.2265E+02
  -0.336  0.1148E+02  0.2276E+02
  -0.326  0.1124E+02  0.2288E+02
  -0.316  0.1112E+02  0.2299E+02
  -0.306  0.1102E+02  0.2310E+02
  -0.296  0.1148E+02  0.2321E+02
  -0.286  0.1186E+02  0.2333E+02
  -0.276  0.1199E+02  0.2345E+02
  -0.266  0.1138E+02  0.2357E+02
  -0.256  0.1122E+02  0.2368E+02
  -0.246  0.1137E+02  0.2379E+02
  -0.236  0.1134E+02  0.2390E+02
  -0.226  0.1102E+02  0.2402E+02
  -0.216  0.1088E+02  0.2413E+02
  -0.206  0.1063E+02  0.2423E+02
  -0.196  0.1039E+02  0.2434E+02
  -0.186  0.1013E+02  0.2444E+02
  -0.176  0.9801E+01  0.2454E+02
  -0.166  0.9443E+01  0.2464E+02
  -0.156  0.9078E+01  0.2473E+02
  -0.146  0.8685E+01  0.2482E+02
  -0.136  0.8473E+01  0.2490E+02
  -0.126  0.8561E+01  0.2499E+02
  -0.116  0.8343E+01  0.2507E+02
  -0.106  0.8027E+01  0.2516E+02
  -0.096  0.7554E+01  0.2523E+02
  -0.086  0.7180E+01  0.2531E+02
  -0.076  0.7216E+01  0.2538E+02
  -0.066  0.6683E+01  0.2545E+02
  -0.056  0.6053E+01  0.2551E+02
  -0.046  0.5398E+01  0.2557E+02
  -0.036  0.4652E+01  0.2562E+02
  -0.026  0.3848E+01  0.2566E+02
  -0.016  0.3056E+01  0.2570E+02
  -0.006  0.2599E+01  0.2573E+02
   0.004  0.1981E+01  0.2575E+02
   0.014  0.1789E+01  0.2577E+02
   0.024  0.1676E+01  0.2578E+02
   0.034  0.1571E+01  0.2580E+02
   0.044  0.1481E+01  0.2581E+02
   0.054  0.1406E+01  0.2583E+02
   0.064  0.1332E+01  0.2584E+02
   0.074  0.1259E+01  0.2586E+02
   0.084  0.1186E+01  0.2587E+02
   0.094  0.1113E+01  0.2588E+02
   0.104  0.1042E+01  0.2589E+02
   0.114  0.9703E+00  0.2590E+02
   0.124  0.8996E+00  0.2591E+02
   0.134  0.8294E+00  0.2592E+02
   0.144  0.7598E+00  0.2593E+02
   0.154  0.6908E+00  0.2593E+02
   0.164  0.6223E+00  0.2594E+02
   0.174  0.5540E+00  0.2595E+02
   0.184  0.4853E+00  0.2595E+02
   0.194  0.4201E+00  0.2596E+02
   0.204  0.3738E+00  0.2596E+02
   0.214  0.3373E+00  0.2596E+02
   0.224  0.3051E+00  0.2597E+02
   0.234  0.2773E+00  0.2597E+02
   0.244  0.2538E+00  0.2597E+02
   0.254  0.2347E+00  0.2597E+02
   0.264  0.2183E+00  0.2598E+02
   0.274  0.2027E+00  0.2598E+02
   0.284  0.1878E+00  0.2598E+02
   0.294  0.1736E+00  0.2598E+02
   0.304  0.1602E+00  0.2598E+02
   0.314  0.1475E+00  0.2599E+02
   0.324  0.1356E+00  0.2599E+02
   0.334  0.1244E+00  0.2599E+02
   0.344  0.1140E+00  0.2599E+02
   0.354  0.1043E+00  0.2599E+02
   0.364  0.9532E-01  0.2599E+02
   0.374  0.8711E-01  0.2599E+02
   0.384  0.7965E-01  0.2599E+02
   0.394  0.7293E-01  0.2599E+02
   0.404  0.6694E-01  0.2599E+02
   0.414  0.6110E-01  0.2600E+02
   0.424  0.5553E-01  0.2600E+02
   0.434  0.5023E-01  0.2600E+02
   0.444  0.4519E-01  0.2600E+02
   0.454  0.4042E-01  0.2600E+02
   0.464  0.3592E-01  0.2600E+02
   0.474  0.3168E-01  0.2600E+02
   0.484  0.2771E-01  0.2600E+02
   0.494  0.2400E-01  0.2600E+02
   0.504  0.2056E-01  0.2600E+02
   0.514  0.1739E-01  0.2600E+02
   0.524  0.1448E-01  0.2600E+02
   0.534  0.1184E-01  0.2600E+02
   0.544  0.9459E-02  0.2600E+02
   0.554  0.7349E-02  0.2600E+02
   0.564  0.5504E-02  0.2600E+02
   0.574  0.3926E-02  0.2600E+02
   0.584  0.2614E-02  0.2600E+02
   0.594  0.1568E-02  0.2600E+02
   0.604  0.7873E-03  0.2600E+02
   0.614  0.2731E-03  0.2600E+02
   0.624  0.2493E-04  0.2600E+02
   0.634  0.0000E+00  0.2600E+02
   0.644  0.0000E+00  0.2600E+02
   0.654  0.0000E+00  0.2600E+02
   0.664  0.0000E+00  0.2600E+02
   0.674  0.0000E+00  0.2600E+02
   0.684  0.0000E+00  0.2600E+02
   0.694  0.0000E+00  0.2600E+02
   0.704  0.0000E+00  0.2600E+02
   0.714  0.0000E+00  0.2600E+02
   0.724  0.0000E+00  0.2600E+02
   0.734  0.0000E+00  0.2600E+02
   0.744  0.0000E+00  0.2600E+02
   0.754  0.0000E+00  0.2600E+02
   0.764  0.0000E+00  0.2600E+02
   0.774  0.0000E+00  0.2600E+02
   0.784  0.0000E+00  0.2600E+02
   0.794  0.0000E+00  0.2600E+02
   0.804  0.0000E+00  0.2600E+02
   0.814  0.0000E+00  0.2600E+02
   0.824  0.0000E+00  0.2600E+02
   0.834  0.0000E+00  0.2600E+02
   0.844  0.0000E+00  0.2600E+02
   0.854  0.0000E+00  0.2600E+02
   0.864  0.0000E+00  0.2600E+02
   0.874  0.0000E+00  0.2600E+02
   0.884  0.0000E+00  0.2600E+02
   0.894  0.0000E+00  0.2600E+02
   0.904  0.0000E+00  0.2600E+02
   0.914  0.0000E+00  0.2600E+02
   0.924  0.0000E+00  0.2600E+02
   0.934  0.0000E+00  0.2600E+02
   0.944  0.0000E+00  0.2600E+02
   0.954  0.0000E+00  0.2600E+02
   0.964  0.0000E+00  0.2600E+02
   0.974  0.0000E+00  0.2600E+02
   0.984  0.0000E+00  0.2600E+02
   0.994  0.0000E+00  0.2600E+02
   1.004  0.0000E+00  0.2600E+02
   1.014  0.0000E+00  0.2600E+02
   1.024  0.0000E+00  0.2600E+02
   1.034  0.0000E+00  0.2600E+02
   1.044  0.0000E+00  0.2600E+02
   1.054  0.0000E+00  0.2600E+02
   1.064  0.0000E+00  0.2600E+02
   1.074  0.0000E+00  0.2600E+02
   1.084  0.0000E+00  0.2600E+02
   1.094  0.0000E+00  0.2600E+02
   1.104  0.0000E+00  0.2600E+02
   1.114  0.0000E+00  0.2600E+02
   1.124  0.0000E+00  0.2600E+02
   1.134  0.0000E+00  0.2600E+02
   1.144  0.0000E+00  0.2600E+02
   1.154  0.0000E+00  0.2600E+02
   1.164  0.0000E+00  0.2600E+02
   1.174  0.0000E+00  0.2600E+02
   1.184  0.0000E+00  0.2600E+02
   1.194  0.0000E+00  0.2600E+02
   1.204  0.0000E+00  0.2600E+02
   1.214  0.0000E+00  0.2600E+02
   1.224  0.0000E+00  0.2600E+02
   1.234  0.0000E+00  0.2600E+02
   1.244  0.0000E+00  0.2600E+02
   1.254  0.0000E+00  0.2600E+02
   1.264  0.0000E+00  0.2600E+02
   1.274  0.0000E+00  0.2600E+02
   1.284  0.0000E+00  0.2600E+02
   1.294  0.0000E+00  0.2600E+02
   1.304  0.0000E+00  0.2600E+02
   1.314  0.0000E+00  0.2600E+02
   1.324  0.0000E+00  0.2600E+02
   1.334  0.0000E+00  0.2600E+02
   1.344  0.0000E+00  0.2600E+02
   1.354  0.0000E+00  0.2600E+02
   1.364  0.0000E+00  0.2600E+02
   1.374  0.0000E+00  0.2600E+02
   1.384  0.0000E+00  0.2600E+02
   1.394  0.0000E+00  0.2600E+02
   1.404  0.0000E+00  0.2600E+02
   1.414  0.0000E+00  0.2600E+02
   1.424  0.0000E+00  0.2600E+02
   1.434  0.0000E+00  0.2600E+02
   1.444  0.0000E+00  0.2600E+02
   1.454  0.0000E+00  0.2600E+02
   1.464  0.0000E+00  0.2600E+02
   1.474  0.0000E+00  0.2600E+02
   1.484  0.0000E+00  0.2600E+02
   1.494  0.0000E+00  0.2600E+02
   1.504  0.0000E+00  0.2600E+02
   1.514  0.0000E+00  0.2600E+02
   1.524  0.0000E+00  0.2600E+02
   1.534  0.0000E+00  0.2600E+02
   1.544  0.0000E+00  0.2600E+02
   1.554  0.0000E+00  0.2600E+02
   1.564  0.0000E+00  0.2600E+02
   1.574  0.0000E+00  0.2600E+02
   1.584  0.0000E+00  0.2600E+02
   1.594  0.0000E+00  0.2600E+02
   1.604  0.0000E+00  0.2600E+02
   1.614  0.0000E+00  0.2600E+02
   1.624  0.0000E+00  0.2600E+02
   1.634  0.0000E+00  0.2600E+02
   1.644  0.0000E+00  0.2600E+02
   1.654  0.0000E+00  0.2600E+02
   1.664  0.0000E+00  0.2600E+02
   1.674  0.0000E+00  0.2600E+02
   1.684  0.0000E+00  0.2600E+02
   1.694  0.0000E+00  0.2600E+02
   1.704  0.0000E+00  0.2600E+02
   1.714  0.0000E+00  0.2600E+02
   1.724  0.0000E+00  0.2600E+02
   1.734  0.0000E+00  0.2600E+02
   1.744  0.0000E+00  0.2600E+02
   1.754  0.0000E+00  0.2600E+02
   1.764  0.0000E+00  0.2600E+02
   1.774  0.0000E+00  0.2600E+02
   1.784  0.0000E+00  0.2600E+02
   1.794  0.0000E+00  0.2600E+02
   1.804  0.0000E+00  0.2600E+02
   1.814  0.0000E+00  0.2600E+02
   1.824  0.0000E+00  0.2600E+02
   1.834  0.0000E+00  0.2600E+02
   1.844  0.0000E+00  0.2600E+02
   1.854  0.0000E+00  0.2600E+02
   1.864  0.0000E+00  0.2600E+02
   1.874  0.0000E+00  0.2600E+02
   1.884  0.0000E+00  0.2600E+02
   1.894  0.0000E+00  0.2600E+02
   1.904  0.0000E+00  0.2600E+02
   1.914  0.0000E+00  0.2600E+02
   1.924  0.0000E+00  0.2600E+02
   1.934  0.5871E-03  0.2600E+02
   1.944  0.7523E-02  0.2600E+02
   1.954  0.2227E-01  0.2600E+02
   1.964  0.4483E-01  0.2600E+02
   1.974  0.7521E-01  0.2600E+02
   1.984  0.1134E+00  0.2600E+02
   1.994  0.1594E+00  0.2600E+02
   2.004  0.2132E+00  0.2601E+02
   2.014  0.2627E+00  0.2601E+02
   2.024  0.2999E+00  0.2601E+02
   2.034  0.3249E+00  0.2601E+02
   2.044  0.3378E+00  0.2602E+02
   2.054  0.3385E+00  0.2602E+02
   2.064  0.3271E+00  0.2602E+02
   2.074  0.3036E+00  0.2603E+02
   2.084  0.3130E+00  0.2603E+02
   2.094  0.3286E+00  0.2603E+02
   2.104  0.3451E+00  0.2604E+02
   2.114  0.3624E+00  0.2604E+02
   2.124  0.3807E+00  0.2604E+02
   2.134  0.3998E+00  0.2605E+02
   2.144  0.4198E+00  0.2605E+02
   2.154  0.4407E+00  0.2606E+02
   2.164  0.4625E+00  0.2606E+02
   2.174  0.4853E+00  0.2607E+02
   2.184  0.5097E+00  0.2607E+02
   2.194  0.5358E+00  0.2608E+02
   2.204  0.5635E+00  0.2608E+02
   2.214  0.5929E+00  0.2609E+02
   2.224  0.6239E+00  0.2609E+02
   2.234  0.6552E+00  0.2610E+02
   2.244  0.6849E+00  0.2611E+02
   2.254  0.7156E+00  0.2611E+02
   2.264  0.7476E+00  0.2612E+02
   2.274  0.7806E+00  0.2613E+02
   2.284  0.8148E+00  0.2614E+02
   2.294  0.8502E+00  0.2614E+02
   2.304  0.8867E+00  0.2615E+02
   2.314  0.9244E+00  0.2616E+02
   2.324  0.9741E+00  0.2617E+02
   2.334  0.1044E+01  0.2618E+02
   2.344  0.1135E+01  0.2619E+02
   2.354  0.1246E+01  0.2620E+02
   2.364  0.1378E+01  0.2622E+02
   2.374  0.1496E+01  0.2623E+02
   2.384  0.1544E+01  0.2625E+02
   2.394  0.1560E+01  0.2626E+02
   2.404  0.1544E+01  0.2628E+02
   2.414  0.1496E+01  0.2629E+02
   2.424  0.1417E+01  0.2631E+02
   2.434  0.1463E+01  0.2632E+02
   2.444  0.1509E+01  0.2634E+02
   2.454  0.1554E+01  0.2635E+02
   2.464  0.1599E+01  0.2637E+02
   2.474  0.1642E+01  0.2638E+02
   2.484  0.1684E+01  0.2640E+02
   2.494  0.1726E+01  0.2642E+02
   2.504  0.1767E+01  0.2644E+02
   2.514  0.1807E+01  0.2645E+02
   2.524  0.1847E+01  0.2647E+02
   2.534  0.1887E+01  0.2649E+02
   2.544  0.1925E+01  0.2651E+02
   2.554  0.1963E+01  0.2653E+02
   2.564  0.2000E+01  0.2655E+02
   2.574  0.2035E+01  0.2657E+02
   2.584  0.2070E+01  0.2659E+02
   2.594  0.2103E+01  0.2661E+02
   2.604  0.2181E+01  0.2663E+02
   2.614  0.2278E+01  0.2665E+02
   2.624  0.2364E+01  0.2668E+02
   2.634  0.2439E+01  0.2670E+02
   2.644  0.2503E+01  0.2673E+02
   2.654  0.2557E+01  0.2675E+02
   2.664  0.2603E+01  0.2678E+02
   2.674  0.2633E+01  0.2680E+02
   2.684  0.2646E+01  0.2683E+02
   2.694  0.2641E+01  0.2686E+02
   2.704  0.2624E+01  0.2688E+02
   2.714  0.2610E+01  0.2691E+02
   2.724  0.2600E+01  0.2693E+02
   2.734  0.2593E+01  0.2696E+02
   2.744  0.2591E+01  0.2699E+02
   2.754  0.2591E+01  0.2701E+02
   2.764  0.2596E+01  0.2704E+02
   2.774  0.2584E+01  0.2706E+02
   2.784  0.2571E+01  0.2709E+02
   2.794  0.2553E+01  0.2712E+02
   2.804  0.2532E+01  0.2714E+02
   2.814  0.2509E+01  0.2717E+02
   2.824  0.2482E+01  0.2719E+02
   2.834  0.2452E+01  0.2722E+02
   2.844  0.2419E+01  0.2724E+02
   2.854  0.2407E+01  0.2726E+02
   2.864  0.2394E+01  0.2729E+02
   2.874  0.2379E+01  0.2731E+02
   2.884  0.2363E+01  0.2734E+02
   2.894  0.2408E+01  0.2736E+02
   2.904  0.2443E+01  0.2738E+02
   2.914  0.2468E+01  0.2741E+02
   2.924  0.2483E+01  0.2743E+02
   2.934  0.2469E+01  0.2746E+02
   2.944  0.2353E+01  0.2748E+02
   2.954  0.2245E+01  0.2751E+02
   2.964  0.2143E+01  0.2753E+02
   2.974  0.2058E+01  0.2755E+02
   2.984  0.1990E+01  0.2757E+02
   2.994  0.1939E+01  0.2759E+02
   3.004  0.1906E+01  0.2761E+02
   3.014  0.1882E+01  0.2763E+02
   3.024  0.1856E+01  0.2764E+02
   3.034  0.1829E+01  0.2766E+02
   3.044  0.1763E+01  0.2768E+02
   3.054  0.1688E+01  0.2770E+02
   3.064  0.1608E+01  0.2772E+02
   3.074  0.1523E+01  0.2773E+02
   3.084  0.1461E+01  0.2775E+02
   3.094  0.1440E+01  0.2776E+02
   3.104  0.1419E+01  0.2777E+02
   3.114  0.1400E+01  0.2779E+02
   3.124  0.1381E+01  0.2780E+02
   3.134  0.1363E+01  0.2782E+02
   3.144  0.1345E+01  0.2783E+02
   3.154  0.1327E+01  0.2784E+02
   3.164  0.1309E+01  0.2786E+02
   3.174  0.1289E+01  0.2787E+02
   3.184  0.1269E+01  0.2788E+02
   3.194  0.1252E+01  0.2789E+02
   3.204  0.1240E+01  0.2791E+02
   3.214  0.1234E+01  0.2792E+02
   3.224  0.1233E+01  0.2793E+02
   3.234  0.1233E+01  0.2794E+02
   3.244  0.1234E+01  0.2796E+02
   3.254  0.1234E+01  0.2797E+02
   3.264  0.1234E+01  0.2798E+02
   3.274  0.1234E+01  0.2799E+02
   3.284  0.1234E+01  0.2801E+02
   3.294  0.1234E+01  0.2802E+02
   3.304  0.1234E+01  0.2803E+02
   3.314  0.1235E+01  0.2804E+02
   3.324  0.1235E+01  0.2806E+02
   3.334  0.1235E+01  0.2807E+02
   3.344  0.1235E+01  0.2808E+02
   3.354  0.1235E+01  0.2809E+02
   3.364  0.1235E+01  0.2810E+02
   3.374  0.1236E+01  0.2812E+02
   3.384  0.1236E+01  0.2813E+02
   3.394  0.1236E+01  0.2814E+02
   3.404  0.1236E+01  0.2815E+02
   3.414  0.1237E+01  0.2817E+02
   3.424  0.1237E+01  0.2818E+02
   3.434  0.1237E+01  0.2819E+02
   3.444  0.1237E+01  0.2820E+02
   3.454  0.1238E+01  0.2822E+02
   3.464  0.1238E+01  0.2823E+02
   3.474  0.1238E+01  0.2824E+02
   3.484  0.1238E+01  0.2825E+02
   3.494  0.1239E+01  0.2827E+02
   3.504  0.1239E+01  0.2828E+02
   3.514  0.1239E+01  0.2829E+02
   3.524  0.1239E+01  0.2830E+02
   3.534  0.1240E+01  0.2831E+02
   3.544  0.1240E+01  0.2833E+02
   3.554  0.1240E+01  0.2834E+02
   3.564  0.1241E+01  0.2835E+02
   3.574  0.1242E+01  0.2836E+02
   3.584  0.1244E+01  0.2838E+02
   3.594  0.1248E+01  0.2839E+02
   3.604  0.1252E+01  0.2840E+02
   3.614  0.1257E+01  0.2841E+02
   3.624  0.1264E+01  0.2843E+02
   3.634  0.1271E+01  0.2844E+02
   3.644  0.1280E+01  0.2845E+02
   3.654  0.1289E+01  0.2847E+02
   3.664  0.1300E+01  0.2848E+02
   3.674  0.1311E+01  0.2849E+02
   3.684  0.1324E+01  0.2850E+02
   3.694  0.1338E+01  0.2852E+02
   3.704  0.1353E+01  0.2853E+02
   3.714  0.1369E+01  0.2854E+02
   3.724  0.1386E+01  0.2856E+02
   3.734  0.1403E+01  0.2857E+02
   3.744  0.1418E+01  0.2859E+02
   3.754  0.1432E+01  0.2860E+02
   3.764  0.1445E+01  0.2862E+02
   3.774  0.1457E+01  0.2863E+02
   3.784  0.1469E+01  0.2864E+02
   3.794  0.1560E+01  0.2866E+02
   3.804  0.1669E+01  0.2868E+02
   3.814  0.1768E+01  0.2869E+02
   3.824  0.1840E+01  0.2871E+02
   3.834  0.1849E+01  0.2873E+02
   3.844  0.1852E+01  0.2875E+02
   3.854  0.1849E+01  0.2877E+02
   3.864  0.1843E+01  0.2878E+02
   3.874  0.1834E+01  0.2880E+02
   3.884  0.1828E+01  0.2882E+02
   3.894  0.1826E+01  0.2884E+02
   3.904  0.1830E+01  0.2886E+02
   3.914  0.1876E+01  0.2888E+02
   3.924  0.1931E+01  0.2890E+02
   3.934  0.1987E+01  0.2892E+02
   3.944  0.2046E+01  0.2894E+02
   3.954  0.2108E+01  0.2896E+02
   3.964  0.2175E+01  0.2898E+02
   3.974  0.2248E+01  0.2900E+02
   3.984  0.2329E+01  0.2902E+02
   3.994  0.2416E+01  0.2905E+02
   4.004  0.2445E+01  0.2907E+02
   4.014  0.2436E+01  0.2910E+02
   4.024  0.2426E+01  0.2912E+02
   4.034  0.2476E+01  0.2914E+02
   4.044  0.2583E+01  0.2917E+02
   4.054  0.2689E+01  0.2920E+02
   4.064  0.2791E+01  0.2922E+02
   4.074  0.2891E+01  0.2925E+02
   4.084  0.2956E+01  0.2928E+02
   4.094  0.2954E+01  0.2931E+02
   4.104  0.2954E+01  0.2934E+02
   4.114  0.2961E+01  0.2937E+02
   4.124  0.2970E+01  0.2940E+02
   4.134  0.2967E+01  0.2943E+02
   4.144  0.2950E+01  0.2946E+02
   4.154  0.2919E+01  0.2949E+02
   4.164  0.2881E+01  0.2952E+02
   4.174  0.2856E+01  0.2955E+02
   4.184  0.2845E+01  0.2957E+02
   4.194  0.2848E+01  0.2960E+02
   4.204  0.1693E+01  0.2962E+02
   4.214  0.1698E+01  0.2964E+02
   4.224  0.1703E+01  0.2965E+02
   4.234  0.1708E+01  0.2967E+02
   4.244  0.1713E+01  0.2969E+02
   4.254  0.1718E+01  0.2971E+02
   4.264  0.1723E+01  0.2972E+02
   4.274  0.1728E+01  0.2974E+02
   4.284  0.1733E+01  0.2976E+02
   4.294  0.1737E+01  0.2978E+02
   4.304  0.1742E+01  0.2979E+02
   4.314  0.1780E+01  0.2981E+02
   4.324  0.1839E+01  0.2983E+02
   4.334  0.1902E+01  0.2985E+02
   4.344  0.1884E+01  0.2987E+02
   4.354  0.1868E+01  0.2988E+02
   4.364  0.1852E+01  0.2990E+02
   4.374  0.1836E+01  0.2992E+02
   4.384  0.1821E+01  0.2994E+02
   4.394  0.1805E+01  0.2996E+02
   4.404  0.1790E+01  0.2998E+02
   4.414  0.1775E+01  0.2999E+02
   4.424  0.1760E+01  0.3001E+02
   4.434  0.1746E+01  0.3003E+02
   4.444  0.1731E+01  0.3005E+02
   4.454  0.1717E+01  0.3006E+02
   4.464  0.1703E+01  0.3008E+02
   4.474  0.1689E+01  0.3010E+02
   4.484  0.1675E+01  0.3011E+02
   4.494  0.1661E+01  0.3013E+02
   4.504  0.1648E+01  0.3015E+02
   4.514  0.1634E+01  0.3016E+02
   4.524  0.1622E+01  0.3018E+02
   4.534  0.1613E+01  0.3020E+02
   4.544  0.1607E+01  0.3021E+02
   4.554  0.1603E+01  0.3023E+02
   4.564  0.1602E+01  0.3024E+02
   4.574  0.1604E+01  0.3026E+02
   4.584  0.1610E+01  0.3028E+02
   4.594  0.1631E+01  0.3029E+02
   4.604  0.1669E+01  0.3031E+02
   4.614  0.1712E+01  0.3033E+02
   4.624  0.1758E+01  0.3034E+02
   4.634  0.1811E+01  0.3036E+02
   4.644  0.1862E+01  0.3038E+02
   4.654  0.1909E+01  0.3040E+02
   4.664  0.1952E+01  0.3042E+02
   4.674  0.1993E+01  0.3044E+02
   4.684  0.2030E+01  0.3046E+02
   4.694  0.2065E+01  0.3048E+02
   4.704  0.2096E+01  0.3050E+02
   4.714  0.2125E+01  0.3052E+02
   4.724  0.2146E+01  0.3054E+02
   4.734  0.2162E+01  0.3056E+02
   4.744  0.2180E+01  0.3059E+02
   4.754  0.2203E+01  0.3061E+02
   4.764  0.2229E+01  0.3063E+02
   4.774  0.2260E+01  0.3065E+02
   4.784  0.2295E+01  0.3067E+02
   4.794  0.2335E+01  0.3070E+02
   4.804  0.2382E+01  0.3072E+02
   4.814  0.2434E+01  0.3075E+02
   4.824  0.2496E+01  0.3077E+02
   4.834  0.2584E+01  0.3080E+02
   4.844  0.2726E+01  0.3082E+02
   4.854  0.3125E+01  0.3085E+02
   4.864  0.3270E+01  0.3088E+02
   4.874  0.3415E+01  0.3092E+02
   4.884  0.3570E+01  0.3095E+02
   4.894  0.3734E+01  0.3099E+02
   4.904  0.3907E+01  0.3103E+02
   4.914  0.4070E+01  0.3107E+02
   4.924  0.4218E+01  0.3111E+02
   4.934  0.4346E+01  0.3115E+02
   4.944  0.4472E+01  0.3119E+02
   4.954  0.4616E+01  0.3124E+02
   4.964  0.4763E+01  0.3129E+02
   4.974  0.6812E+01  0.3134E+02
   4.984  0.5212E+01  0.3140E+02
   4.994  0.5271E+01  0.3145E+02
   5.004  0.5320E+01  0.3151E+02
   5.014  0.5341E+01  0.3156E+02
   5.024  0.5360E+01  0.3161E+02
   5.034  0.5396E+01  0.3167E+02
   5.044  0.5451E+01  0.3172E+02
   5.054  0.5523E+01  0.3178E+02
   5.064  0.5613E+01  0.3183E+02
   5.074  0.5720E+01  0.3189E+02
   5.084  0.5842E+01  0.3195E+02
   5.094  0.6150E+01  0.3201E+02
   5.104  0.6432E+01  0.3207E+02
   5.114  0.6634E+01  0.3213E+02
   5.124  0.7147E+01  0.3220E+02
   5.134  0.7502E+01  0.3228E+02
   5.144  0.7646E+01  0.3235E+02
   5.154  0.7557E+01  0.3243E+02
   5.164  0.7429E+01  0.3250E+02
   5.174  0.7288E+01  0.3258E+02
   5.184  0.7195E+01  0.3265E+02
   5.194  0.6623E+01  0.3272E+02
   5.204  0.6310E+01  0.3278E+02
   5.214  0.6310E+01  0.3285E+02
   5.224  0.6352E+01  0.3291E+02
   5.234  0.6425E+01  0.3297E+02
   5.244  0.6389E+01  0.3304E+02
   5.254  0.6310E+01  0.3310E+02
   5.264  0.6237E+01  0.3316E+02
   5.274  0.6124E+01  0.3323E+02
   5.284  0.5964E+01  0.3329E+02
   5.294  0.5686E+01  0.3334E+02
   5.304  0.6699E+01  0.3340E+02
   5.314  0.3886E+01  0.3345E+02
   5.324  0.3809E+01  0.3349E+02
   5.334  0.3732E+01  0.3352E+02
   5.344  0.3648E+01  0.3356E+02
   5.354  0.3556E+01  0.3360E+02
   5.364  0.3458E+01  0.3363E+02
   5.374  0.3348E+01  0.3367E+02
   5.384  0.3257E+01  0.3370E+02
   5.394  0.3197E+01  0.3373E+02
   5.404  0.3140E+01  0.3376E+02
   5.414  0.3047E+01  0.3379E+02
   5.424  0.2840E+01  0.3382E+02
   5.434  0.2418E+01  0.3385E+02
   5.444  0.1913E+01  0.3387E+02
   5.454  0.1390E+01  0.3389E+02
   5.464  0.1188E+01  0.3390E+02
   5.474  0.1098E+01  0.3391E+02
   5.484  0.1011E+01  0.3392E+02
   5.494  0.9283E+00  0.3393E+02
   5.504  0.8489E+00  0.3394E+02
   5.514  0.7732E+00  0.3395E+02
   5.524  0.7012E+00  0.3396E+02
   5.534  0.6328E+00  0.3396E+02
   5.544  0.5681E+00  0.3397E+02
   5.554  0.5070E+00  0.3397E+02
   5.564  0.4496E+00  0.3398E+02
   5.574  0.3958E+00  0.3398E+02
   5.584  0.3457E+00  0.3399E+02
   5.594  0.2992E+00  0.3399E+02
   5.604  0.2564E+00  0.3399E+02
   5.614  0.2019E+00  0.3400E+02
   5.624  0.1519E+00  0.3400E+02
   5.634  0.1085E+00  0.3400E+02
   5.644  0.7179E-01  0.3400E+02
   5.654  0.4173E-01  0.3400E+02
   5.664  0.1832E-01  0.3400E+02
   5.674  0.2133E-02  0.3400E+02
