#  E (eV)   dos(E)     Int dos(E) EFermi =    0.717 eV
 -11.422  0.0000E+00  0.0000E+00
 -11.412  0.7494E+00  0.3558E-02
 -11.402  0.1114E+01  0.1241E-01
 -11.392  0.1374E+01  0.2519E-01
 -11.382  0.1659E+01  0.4035E-01
 -11.372  0.1937E+01  0.5841E-01
 -11.362  0.2141E+01  0.7873E-01
 -11.352  0.2366E+01  0.1012E+00
 -11.342  0.2625E+01  0.1262E+00
 -11.332  0.2835E+01  0.1535E+00
 -11.322  0.3061E+01  0.1829E+00
 -11.312  0.3309E+01  0.2148E+00
 -11.302  0.3567E+01  0.2492E+00
 -11.292  0.3841E+01  0.2862E+00
 -11.282  0.4128E+01  0.3260E+00
 -11.272  0.4422E+01  0.3688E+00
 -11.262  0.4842E+01  0.4150E+00
 -11.252  0.5292E+01  0.4656E+00
 -11.242  0.5774E+01  0.5208E+00
 -11.232  0.7164E+01  0.5853E+00
 -11.222  0.7278E+01  0.6585E+00
 -11.212  0.7138E+01  0.7309E+00
 -11.202  0.7015E+01  0.8014E+00
 -11.192  0.6909E+01  0.8712E+00
 -11.182  0.6714E+01  0.9393E+00
 -11.172  0.6609E+01  0.1006E+01
 -11.162  0.6502E+01  0.1071E+01
 -11.152  0.6310E+01  0.1136E+01
 -11.142  0.6182E+01  0.1198E+01
 -11.132  0.6060E+01  0.1259E+01
 -11.122  0.5908E+01  0.1319E+01
 -11.112  0.5745E+01  0.1377E+01
 -11.102  0.5588E+01  0.1434E+01
 -11.092  0.5434E+01  0.1489E+01
 -11.082  0.5272E+01  0.1543E+01
 -11.072  0.5112E+01  0.1595E+01
 -11.062  0.4907E+01  0.1645E+01
 -11.052  0.4681E+01  0.1693E+01
 -11.042  0.4559E+01  0.1739E+01
 -11.032  0.4358E+01  0.1784E+01
 -11.022  0.3794E+01  0.1825E+01
 -11.012  0.3093E+01  0.1859E+01
 -11.002  0.2648E+01  0.1888E+01
 -10.992  0.2291E+01  0.1912E+01
 -10.982  0.1954E+01  0.1933E+01
 -10.972  0.1699E+01  0.1952E+01
 -10.962  0.1391E+01  0.1967E+01
 -10.952  0.1157E+01  0.1980E+01
 -10.942  0.8442E+00  0.1990E+01
 -10.932  0.5293E+00  0.1997E+01
 -10.922  0.3444E+02  0.2056E+01
 -10.912  0.3168E+02  0.2735E+01
 -10.902  0.2956E+02  0.3037E+01
 -10.892  0.2632E+02  0.3308E+01
 -10.882  0.2119E+02  0.3535E+01
 -10.872  0.2011E+02  0.3742E+01
 -10.862  0.2003E+02  0.3943E+01
 -10.852  0.1854E+02  0.4132E+01
 -10.842  0.1818E+02  0.4316E+01
 -10.832  0.1839E+02  0.4498E+01
 -10.822  0.1776E+02  0.4679E+01
 -10.812  0.1785E+02  0.4857E+01
 -10.802  0.1846E+02  0.5038E+01
 -10.792  0.1813E+02  0.5221E+01
 -10.782  0.1883E+02  0.5404E+01
 -10.772  0.1910E+02  0.5596E+01
 -10.762  0.2042E+02  0.5792E+01
 -10.752  0.1059E+02  0.5992E+01
 -10.742  0.0000E+00  0.6000E+01
 -10.732  0.0000E+00  0.6000E+01
 -10.722  0.0000E+00  0.6000E+01
 -10.712  0.0000E+00  0.6000E+01
 -10.702  0.0000E+00  0.6000E+01
 -10.692  0.0000E+00  0.6000E+01
 -10.682  0.0000E+00  0.6000E+01
 -10.672  0.0000E+00  0.6000E+01
 -10.662  0.0000E+00  0.6000E+01
 -10.652  0.0000E+00  0.6000E+01
 -10.642  0.0000E+00  0.6000E+01
 -10.632  0.0000E+00  0.6000E+01
 -10.622  0.0000E+00  0.6000E+01
 -10.612  0.0000E+00  0.6000E+01
 -10.602  0.0000E+00  0.6000E+01
 -10.592  0.0000E+00  0.6000E+01
 -10.582  0.0000E+00  0.6000E+01
 -10.572  0.0000E+00  0.6000E+01
 -10.562  0.0000E+00  0.6000E+01
 -10.552  0.0000E+00  0.6000E+01
 -10.542  0.0000E+00  0.6000E+01
 -10.532  0.0000E+00  0.6000E+01
 -10.522  0.0000E+00  0.6000E+01
 -10.512  0.0000E+00  0.6000E+01
 -10.502  0.0000E+00  0.6000E+01
 -10.492  0.0000E+00  0.6000E+01
 -10.482  0.0000E+00  0.6000E+01
 -10.472  0.0000E+00  0.6000E+01
 -10.462  0.0000E+00  0.6000E+01
 -10.452  0.0000E+00  0.6000E+01
 -10.442  0.0000E+00  0.6000E+01
 -10.432  0.0000E+00  0.6000E+01
 -10.422  0.0000E+00  0.6000E+01
 -10.412  0.0000E+00  0.6000E+01
 -10.402  0.0000E+00  0.6000E+01
 -10.392  0.0000E+00  0.6000E+01
 -10.382  0.0000E+00  0.6000E+01
 -10.372  0.0000E+00  0.6000E+01
 -10.362  0.0000E+00  0.6000E+01
 -10.352  0.0000E+00  0.6000E+01
 -10.342  0.0000E+00  0.6000E+01
 -10.332  0.0000E+00  0.6000E+01
 -10.322  0.0000E+00  0.6000E+01
 -10.312  0.0000E+00  0.6000E+01
 -10.302  0.0000E+00  0.6000E+01
 -10.292  0.0000E+00  0.6000E+01
 -10.282  0.0000E+00  0.6000E+01
 -10.272  0.0000E+00  0.6000E+01
 -10.262  0.0000E+00  0.6000E+01
 -10.252  0.0000E+00  0.6000E+01
 -10.242  0.0000E+00  0.6000E+01
 -10.232  0.0000E+00  0.6000E+01
 -10.222  0.0000E+00  0.6000E+01
 -10.212  0.0000E+00  0.6000E+01
 -10.202  0.0000E+00  0.6000E+01
 -10.192  0.0000E+00  0.6000E+01
 -10.182  0.0000E+00  0.6000E+01
 -10.172  0.0000E+00  0.6000E+01
 -10.162  0.0000E+00  0.6000E+01
 -10.152  0.0000E+00  0.6000E+01
 -10.142  0.0000E+00  0.6000E+01
 -10.132  0.0000E+00  0.6000E+01
 -10.122  0.0000E+00  0.6000E+01
 -10.112  0.0000E+00  0.6000E+01
 -10.102  0.0000E+00  0.6000E+01
 -10.092  0.0000E+00  0.6000E+01
 -10.082  0.0000E+00  0.6000E+01
 -10.072  0.0000E+00  0.6000E+01
 -10.062  0.0000E+00  0.6000E+01
 -10.052  0.0000E+00  0.6000E+01
 -10.042  0.0000E+00  0.6000E+01
 -10.032  0.0000E+00  0.6000E+01
 -10.022  0.0000E+00  0.6000E+01
 -10.012  0.0000E+00  0.6000E+01
 -10.002  0.0000E+00  0.6000E+01
  -9.992  0.0000E+00  0.6000E+01
  -9.982  0.0000E+00  0.6000E+01
  -9.972  0.0000E+00  0.6000E+01
  -9.962  0.0000E+00  0.6000E+01
  -9.952  0.0000E+00  0.6000E+01
  -9.942  0.0000E+00  0.6000E+01
  -9.932  0.0000E+00  0.6000E+01
  -9.922  0.0000E+00  0.6000E+01
  -9.912  0.0000E+00  0.6000E+01
  -9.902  0.0000E+00  0.6000E+01
  -9.892  0.0000E+00  0.6000E+01
  -9.882  0.0000E+00  0.6000E+01
  -9.872  0.0000E+00  0.6000E+01
  -9.862  0.0000E+00  0.6000E+01
  -9.852  0.0000E+00  0.6000E+01
  -9.842  0.0000E+00  0.6000E+01
  -9.832  0.0000E+00  0.6000E+01
  -9.822  0.0000E+00  0.6000E+01
  -9.812  0.0000E+00  0.6000E+01
  -9.802  0.0000E+00  0.6000E+01
  -9.792  0.0000E+00  0.6000E+01
  -9.782  0.0000E+00  0.6000E+01
  -9.772  0.0000E+00  0.6000E+01
  -9.762  0.0000E+00  0.6000E+01
  -9.752  0.0000E+00  0.6000E+01
  -9.742  0.0000E+00  0.6000E+01
  -9.732  0.0000E+00  0.6000E+01
  -9.722  0.0000E+00  0.6000E+01
  -9.712  0.0000E+00  0.6000E+01
  -9.702  0.0000E+00  0.6000E+01
  -9.692  0.0000E+00  0.6000E+01
  -9.682  0.0000E+00  0.6000E+01
  -9.672  0.0000E+00  0.6000E+01
  -9.662  0.0000E+00  0.6000E+01
  -9.652  0.0000E+00  0.6000E+01
  -9.642  0.0000E+00  0.6000E+01
  -9.632  0.0000E+00  0.6000E+01
  -9.622  0.0000E+00  0.6000E+01
  -9.612  0.0000E+00  0.6000E+01
  -9.602  0.0000E+00  0.6000E+01
  -9.592  0.0000E+00  0.6000E+01
  -9.582  0.0000E+00  0.6000E+01
  -9.572  0.0000E+00  0.6000E+01
  -9.562  0.0000E+00  0.6000E+01
  -9.552  0.0000E+00  0.6000E+01
  -9.542  0.0000E+00  0.6000E+01
  -9.532  0.0000E+00  0.6000E+01
  -9.522  0.0000E+00  0.6000E+01
  -9.512  0.0000E+00  0.6000E+01
  -9.502  0.0000E+00  0.6000E+01
  -9.492  0.0000E+00  0.6000E+01
  -9.482  0.0000E+00  0.6000E+01
  -9.472  0.0000E+00  0.6000E+01
  -9.462  0.0000E+00  0.6000E+01
  -9.452  0.0000E+00  0.6000E+01
  -9.442  0.0000E+00  0.6000E+01
  -9.432  0.0000E+00  0.6000E+01
  -9.422  0.0000E+00  0.6000E+01
  -9.412  0.0000E+00  0.6000E+01
  -9.402  0.0000E+00  0.6000E+01
  -9.392  0.0000E+00  0.6000E+01
  -9.382  0.0000E+00  0.6000E+01
  -9.372  0.0000E+00  0.6000E+01
  -9.362  0.0000E+00  0.6000E+01
  -9.352  0.0000E+00  0.6000E+01
  -9.342  0.0000E+00  0.6000E+01
  -9.332  0.0000E+00  0.6000E+01
  -9.322  0.0000E+00  0.6000E+01
  -9.312  0.0000E+00  0.6000E+01
  -9.302  0.0000E+00  0.6000E+01
  -9.292  0.0000E+00  0.6000E+01
  -9.282  0.0000E+00  0.6000E+01
  -9.272  0.0000E+00  0.6000E+01
  -9.262  0.0000E+00  0.6000E+01
  -9.252  0.0000E+00  0.6000E+01
  -9.242  0.0000E+00  0.6000E+01
  -9.232  0.0000E+00  0.6000E+01
  -9.222  0.0000E+00  0.6000E+01
  -9.212  0.0000E+00  0.6000E+01
  -9.202  0.0000E+00  0.6000E+01
  -9.192  0.0000E+00  0.6000E+01
  -9.182  0.0000E+00  0.6000E+01
  -9.172  0.0000E+00  0.6000E+01
  -9.162  0.0000E+00  0.6000E+01
  -9.152  0.0000E+00  0.6000E+01
  -9.142  0.0000E+00  0.6000E+01
  -9.132  0.0000E+00  0.6000E+01
  -9.122  0.0000E+00  0.6000E+01
  -9.112  0.0000E+00  0.6000E+01
  -9.102  0.0000E+00  0.6000E+01
  -9.092  0.0000E+00  0.6000E+01
  -9.082  0.0000E+00  0.6000E+01
  -9.072  0.0000E+00  0.6000E+01
  -9.062  0.0000E+00  0.6000E+01
  -9.052  0.0000E+00  0.6000E+01
  -9.042  0.0000E+00  0.6000E+01
  -9.032  0.0000E+00  0.6000E+01
  -9.022  0.0000E+00  0.6000E+01
  -9.012  0.0000E+00  0.6000E+01
  -9.002  0.0000E+00  0.6000E+01
  -8.992  0.0000E+00  0.6000E+01
  -8.982  0.0000E+00  0.6000E+01
  -8.972  0.0000E+00  0.6000E+01
  -8.962  0.0000E+00  0.6000E+01
  -8.952  0.0000E+00  0.6000E+01
  -8.942  0.0000E+00  0.6000E+01
  -8.932  0.0000E+00  0.6000E+01
  -8.922  0.0000E+00  0.6000E+01
  -8.912  0.0000E+00  0.6000E+01
  -8.902  0.0000E+00  0.6000E+01
  -8.892  0.0000E+00  0.6000E+01
  -8.882  0.0000E+00  0.6000E+01
  -8.872  0.0000E+00  0.6000E+01
  -8.862  0.0000E+00  0.6000E+01
  -8.852  0.0000E+00  0.6000E+01
  -8.842  0.0000E+00  0.6000E+01
  -8.832  0.0000E+00  0.6000E+01
  -8.822  0.0000E+00  0.6000E+01
  -8.812  0.0000E+00  0.6000E+01
  -8.802  0.0000E+00  0.6000E+01
  -8.792  0.0000E+00  0.6000E+01
  -8.782  0.0000E+00  0.6000E+01
  -8.772  0.0000E+00  0.6000E+01
  -8.762  0.0000E+00  0.6000E+01
  -8.752  0.0000E+00  0.6000E+01
  -8.742  0.0000E+00  0.6000E+01
  -8.732  0.0000E+00  0.6000E+01
  -8.722  0.0000E+00  0.6000E+01
  -8.712  0.0000E+00  0.6000E+01
  -8.702  0.0000E+00  0.6000E+01
  -8.692  0.0000E+00  0.6000E+01
  -8.682  0.0000E+00  0.6000E+01
  -8.672  0.0000E+00  0.6000E+01
  -8.662  0.0000E+00  0.6000E+01
  -8.652  0.0000E+00  0.6000E+01
  -8.642  0.0000E+00  0.6000E+01
  -8.632  0.0000E+00  0.6000E+01
  -8.622  0.0000E+00  0.6000E+01
  -8.612  0.0000E+00  0.6000E+01
  -8.602  0.0000E+00  0.6000E+01
  -8.592  0.0000E+00  0.6000E+01
  -8.582  0.0000E+00  0.6000E+01
  -8.572  0.0000E+00  0.6000E+01
  -8.562  0.0000E+00  0.6000E+01
  -8.552  0.0000E+00  0.6000E+01
  -8.542  0.0000E+00  0.6000E+01
  -8.532  0.0000E+00  0.6000E+01
  -8.522  0.0000E+00  0.6000E+01
  -8.512  0.0000E+00  0.6000E+01
  -8.502  0.0000E+00  0.6000E+01
  -8.492  0.0000E+00  0.6000E+01
  -8.482  0.0000E+00  0.6000E+01
  -8.472  0.0000E+00  0.6000E+01
  -8.462  0.0000E+00  0.6000E+01
  -8.452  0.0000E+00  0.6000E+01
  -8.442  0.0000E+00  0.6000E+01
  -8.432  0.0000E+00  0.6000E+01
  -8.422  0.0000E+00  0.6000E+01
  -8.412  0.0000E+00  0.6000E+01
  -8.402  0.0000E+00  0.6000E+01
  -8.392  0.0000E+00  0.6000E+01
  -8.382  0.0000E+00  0.6000E+01
  -8.372  0.0000E+00  0.6000E+01
  -8.362  0.0000E+00  0.6000E+01
  -8.352  0.0000E+00  0.6000E+01
  -8.342  0.0000E+00  0.6000E+01
  -8.332  0.0000E+00  0.6000E+01
  -8.322  0.0000E+00  0.6000E+01
  -8.312  0.0000E+00  0.6000E+01
  -8.302  0.0000E+00  0.6000E+01
  -8.292  0.0000E+00  0.6000E+01
  -8.282  0.0000E+00  0.6000E+01
  -8.272  0.0000E+00  0.6000E+01
  -8.262  0.0000E+00  0.6000E+01
  -8.252  0.0000E+00  0.6000E+01
  -8.242  0.0000E+00  0.6000E+01
  -8.232  0.0000E+00  0.6000E+01
  -8.222  0.0000E+00  0.6000E+01
  -8.212  0.0000E+00  0.6000E+01
  -8.202  0.0000E+00  0.6000E+01
  -8.192  0.0000E+00  0.6000E+01
  -8.182  0.0000E+00  0.6000E+01
  -8.172  0.0000E+00  0.6000E+01
  -8.162  0.0000E+00  0.6000E+01
  -8.152  0.0000E+00  0.6000E+01
  -8.142  0.0000E+00  0.6000E+01
  -8.132  0.0000E+00  0.6000E+01
  -8.122  0.0000E+00  0.6000E+01
  -8.112  0.0000E+00  0.6000E+01
  -8.102  0.0000E+00  0.6000E+01
  -8.092  0.0000E+00  0.6000E+01
  -8.082  0.0000E+00  0.6000E+01
  -8.072  0.0000E+00  0.6000E+01
  -8.062  0.0000E+00  0.6000E+01
  -8.052  0.0000E+00  0.6000E+01
  -8.042  0.0000E+00  0.6000E+01
  -8.032  0.0000E+00  0.6000E+01
  -8.022  0.0000E+00  0.6000E+01
  -8.012  0.0000E+00  0.6000E+01
  -8.002  0.0000E+00  0.6000E+01
  -7.992  0.0000E+00  0.6000E+01
  -7.982  0.0000E+00  0.6000E+01
  -7.972  0.0000E+00  0.6000E+01
  -7.962  0.0000E+00  0.6000E+01
  -7.952  0.0000E+00  0.6000E+01
  -7.942  0.0000E+00  0.6000E+01
  -7.932  0.0000E+00  0.6000E+01
  -7.922  0.0000E+00  0.6000E+01
  -7.912  0.0000E+00  0.6000E+01
  -7.902  0.0000E+00  0.6000E+01
  -7.892  0.0000E+00  0.6000E+01
  -7.882  0.0000E+00  0.6000E+01
  -7.872  0.0000E+00  0.6000E+01
  -7.862  0.0000E+00  0.6000E+01
  -7.852  0.0000E+00  0.6000E+01
  -7.842  0.1606E-01  0.6000E+01
  -7.832  0.1024E+00  0.6001E+01
  -7.822  0.2023E+00  0.6002E+01
  -7.812  0.2319E+00  0.6004E+01
  -7.802  0.2539E+00  0.6007E+01
  -7.792  0.2983E+00  0.6010E+01
  -7.782  0.3490E+00  0.6013E+01
  -7.772  0.3913E+00  0.6016E+01
  -7.762  0.4096E+00  0.6021E+01
  -7.752  0.4287E+00  0.6025E+01
  -7.742  0.4581E+00  0.6029E+01
  -7.732  0.4885E+00  0.6034E+01
  -7.722  0.5188E+00  0.6039E+01
  -7.712  0.5491E+00  0.6044E+01
  -7.702  0.5819E+00  0.6050E+01
  -7.692  0.6111E+00  0.6056E+01
  -7.682  0.6335E+00  0.6062E+01
  -7.672  0.6586E+00  0.6069E+01
  -7.662  0.6859E+00  0.6075E+01
  -7.652  0.7131E+00  0.6082E+01
  -7.642  0.7401E+00  0.6090E+01
  -7.632  0.7679E+00  0.6097E+01
  -7.622  0.7982E+00  0.6105E+01
  -7.612  0.8295E+00  0.6113E+01
  -7.602  0.8606E+00  0.6121E+01
  -7.592  0.8905E+00  0.6130E+01
  -7.582  0.9206E+00  0.6139E+01
  -7.572  0.9516E+00  0.6149E+01
  -7.562  0.9828E+00  0.6158E+01
  -7.552  0.1015E+01  0.6168E+01
  -7.542  0.1048E+01  0.6179E+01
  -7.532  0.1082E+01  0.6189E+01
  -7.522  0.1116E+01  0.6200E+01
  -7.512  0.1151E+01  0.6212E+01
  -7.502  0.1190E+01  0.6223E+01
  -7.492  0.1234E+01  0.6235E+01
  -7.482  0.1278E+01  0.6248E+01
  -7.472  0.1321E+01  0.6261E+01
  -7.462  0.1366E+01  0.6274E+01
  -7.452  0.1413E+01  0.6288E+01
  -7.442  0.1460E+01  0.6303E+01
  -7.432  0.1507E+01  0.6317E+01
  -7.422  0.1556E+01  0.6333E+01
  -7.412  0.1624E+01  0.6349E+01
  -7.402  0.1707E+01  0.6365E+01
  -7.392  0.1784E+01  0.6383E+01
  -7.382  0.1861E+01  0.6401E+01
  -7.372  0.1942E+01  0.6420E+01
  -7.362  0.2035E+01  0.6440E+01
  -7.352  0.2237E+01  0.6461E+01
  -7.342  0.2517E+01  0.6485E+01
  -7.332  0.2618E+01  0.6511E+01
  -7.322  0.2551E+01  0.6537E+01
  -7.312  0.2547E+01  0.6562E+01
  -7.302  0.2580E+01  0.6588E+01
  -7.292  0.2583E+01  0.6614E+01
  -7.282  0.2547E+01  0.6639E+01
  -7.272  0.2515E+01  0.6665E+01
  -7.262  0.2513E+01  0.6690E+01
  -7.252  0.2514E+01  0.6715E+01
  -7.242  0.2514E+01  0.6740E+01
  -7.232  0.2513E+01  0.6765E+01
  -7.222  0.2507E+01  0.6790E+01
  -7.212  0.2489E+01  0.6815E+01
  -7.202  0.2469E+01  0.6840E+01
  -7.192  0.2461E+01  0.6865E+01
  -7.182  0.2455E+01  0.6889E+01
  -7.172  0.2449E+01  0.6914E+01
  -7.162  0.2443E+01  0.6938E+01
  -7.152  0.2439E+01  0.6963E+01
  -7.142  0.2435E+01  0.6987E+01
  -7.132  0.2428E+01  0.7011E+01
  -7.122  0.2416E+01  0.7035E+01
  -7.112  0.2405E+01  0.7060E+01
  -7.102  0.2396E+01  0.7084E+01
  -7.092  0.2389E+01  0.7108E+01
  -7.082  0.2381E+01  0.7131E+01
  -7.072  0.2374E+01  0.7155E+01
  -7.062  0.2366E+01  0.7179E+01
  -7.052  0.2358E+01  0.7202E+01
  -7.042  0.2351E+01  0.7226E+01
  -7.032  0.2348E+01  0.7249E+01
  -7.022  0.2346E+01  0.7273E+01
  -7.012  0.2340E+01  0.7296E+01
  -7.002  0.2330E+01  0.7320E+01
  -6.992  0.2320E+01  0.7343E+01
  -6.982  0.2308E+01  0.7366E+01
  -6.972  0.2295E+01  0.7389E+01
  -6.962  0.2281E+01  0.7412E+01
  -6.952  0.2280E+01  0.7435E+01
  -6.942  0.2297E+01  0.7458E+01
  -6.932  0.2304E+01  0.7481E+01
  -6.922  0.2285E+01  0.7504E+01
  -6.912  0.2257E+01  0.7526E+01
  -6.902  0.2226E+01  0.7549E+01
  -6.892  0.2232E+01  0.7571E+01
  -6.882  0.2286E+01  0.7594E+01
  -6.872  0.2250E+01  0.7616E+01
  -6.862  0.2043E+01  0.7638E+01
  -6.852  0.1827E+01  0.7657E+01
  -6.842  0.1713E+01  0.7675E+01
  -6.832  0.1622E+01  0.7692E+01
  -6.822  0.1526E+01  0.7707E+01
  -6.812  0.1437E+01  0.7722E+01
  -6.802  0.1368E+01  0.7736E+01
  -6.792  0.1314E+01  0.7750E+01
  -6.782  0.1262E+01  0.7762E+01
  -6.772  0.1212E+01  0.7775E+01
  -6.762  0.1161E+01  0.7787E+01
  -6.752  0.1109E+01  0.7798E+01
  -6.742  0.1060E+01  0.7809E+01
  -6.732  0.1017E+01  0.7819E+01
  -6.722  0.9802E+00  0.7829E+01
  -6.712  0.9446E+00  0.7839E+01
  -6.702  0.9098E+00  0.7848E+01
  -6.692  0.8758E+00  0.7857E+01
  -6.682  0.8425E+00  0.7866E+01
  -6.672  0.8093E+00  0.7874E+01
  -6.662  0.7759E+00  0.7882E+01
  -6.652  0.7437E+00  0.7889E+01
  -6.642  0.7139E+00  0.7897E+01
  -6.632  0.6863E+00  0.7904E+01
  -6.622  0.6597E+00  0.7910E+01
  -6.612  0.6338E+00  0.7917E+01
  -6.602  0.6081E+00  0.7923E+01
  -6.592  0.5828E+00  0.7929E+01
  -6.582  0.5579E+00  0.7935E+01
  -6.572  0.5341E+00  0.7940E+01
  -6.562  0.5111E+00  0.7945E+01
  -6.552  0.4875E+00  0.7950E+01
  -6.542  0.4634E+00  0.7955E+01
  -6.532  0.4397E+00  0.7960E+01
  -6.522  0.4163E+00  0.7964E+01
  -6.512  0.3931E+00  0.7968E+01
  -6.502  0.3701E+00  0.7972E+01
  -6.492  0.3484E+00  0.7975E+01
  -6.482  0.3310E+00  0.7979E+01
  -6.472  0.3165E+00  0.7982E+01
  -6.462  0.2949E+00  0.7985E+01
  -6.452  0.2650E+00  0.7988E+01
  -6.442  0.2338E+00  0.7990E+01
  -6.432  0.2053E+00  0.7993E+01
  -6.422  0.1857E+00  0.7995E+01
  -6.412  0.1751E+00  0.7996E+01
  -6.402  0.1479E+00  0.7998E+01
  -6.392  0.9227E-01  0.7999E+01
  -6.382  0.3222E-01  0.8000E+01
  -6.372  0.2998E-02  0.8000E+01
  -6.362  0.0000E+00  0.8000E+01
  -6.352  0.0000E+00  0.8000E+01
  -6.342  0.0000E+00  0.8000E+01
  -6.332  0.0000E+00  0.8000E+01
  -6.322  0.0000E+00  0.8000E+01
  -6.312  0.0000E+00  0.8000E+01
  -6.302  0.0000E+00  0.8000E+01
  -6.292  0.0000E+00  0.8000E+01
  -6.282  0.0000E+00  0.8000E+01
  -6.272  0.0000E+00  0.8000E+01
  -6.262  0.0000E+00  0.8000E+01
  -6.252  0.0000E+00  0.8000E+01
  -6.242  0.0000E+00  0.8000E+01
  -6.232  0.0000E+00  0.8000E+01
  -6.222  0.0000E+00  0.8000E+01
  -6.212  0.0000E+00  0.8000E+01
  -6.202  0.0000E+00  0.8000E+01
  -6.192  0.0000E+00  0.8000E+01
  -6.182  0.0000E+00  0.8000E+01
  -6.172  0.0000E+00  0.8000E+01
  -6.162  0.0000E+00  0.8000E+01
  -6.152  0.0000E+00  0.8000E+01
  -6.142  0.0000E+00  0.8000E+01
  -6.132  0.0000E+00  0.8000E+01
  -6.122  0.0000E+00  0.8000E+01
  -6.112  0.0000E+00  0.8000E+01
  -6.102  0.0000E+00  0.8000E+01
  -6.092  0.0000E+00  0.8000E+01
  -6.082  0.0000E+00  0.8000E+01
  -6.072  0.0000E+00  0.8000E+01
  -6.062  0.0000E+00  0.8000E+01
  -6.052  0.0000E+00  0.8000E+01
  -6.042  0.0000E+00  0.8000E+01
  -6.032  0.0000E+00  0.8000E+01
  -6.022  0.0000E+00  0.8000E+01
  -6.012  0.0000E+00  0.8000E+01
  -6.002  0.0000E+00  0.8000E+01
  -5.992  0.0000E+00  0.8000E+01
  -5.982  0.0000E+00  0.8000E+01
  -5.972  0.0000E+00  0.8000E+01
  -5.962  0.0000E+00  0.8000E+01
  -5.952  0.0000E+00  0.8000E+01
  -5.942  0.0000E+00  0.8000E+01
  -5.932  0.0000E+00  0.8000E+01
  -5.922  0.0000E+00  0.8000E+01
  -5.912  0.0000E+00  0.8000E+01
  -5.902  0.0000E+00  0.8000E+01
  -5.892  0.0000E+00  0.8000E+01
  -5.882  0.0000E+00  0.8000E+01
  -5.872  0.0000E+00  0.8000E+01
  -5.862  0.0000E+00  0.8000E+01
  -5.852  0.0000E+00  0.8000E+01
  -5.842  0.0000E+00  0.8000E+01
  -5.832  0.0000E+00  0.8000E+01
  -5.822  0.0000E+00  0.8000E+01
  -5.812  0.0000E+00  0.8000E+01
  -5.802  0.0000E+00  0.8000E+01
  -5.792  0.0000E+00  0.8000E+01
  -5.782  0.0000E+00  0.8000E+01
  -5.772  0.0000E+00  0.8000E+01
  -5.762  0.0000E+00  0.8000E+01
  -5.752  0.0000E+00  0.8000E+01
  -5.742  0.0000E+00  0.8000E+01
  -5.732  0.0000E+00  0.8000E+01
  -5.722  0.0000E+00  0.8000E+01
  -5.712  0.0000E+00  0.8000E+01
  -5.702  0.0000E+00  0.8000E+01
  -5.692  0.0000E+00  0.8000E+01
  -5.682  0.0000E+00  0.8000E+01
  -5.672  0.0000E+00  0.8000E+01
  -5.662  0.0000E+00  0.8000E+01
  -5.652  0.0000E+00  0.8000E+01
  -5.642  0.0000E+00  0.8000E+01
  -5.632  0.0000E+00  0.8000E+01
  -5.622  0.0000E+00  0.8000E+01
  -5.612  0.0000E+00  0.8000E+01
  -5.602  0.0000E+00  0.8000E+01
  -5.592  0.0000E+00  0.8000E+01
  -5.582  0.0000E+00  0.8000E+01
  -5.572  0.0000E+00  0.8000E+01
  -5.562  0.0000E+00  0.8000E+01
  -5.552  0.0000E+00  0.8000E+01
  -5.542  0.0000E+00  0.8000E+01
  -5.532  0.0000E+00  0.8000E+01
  -5.522  0.0000E+00  0.8000E+01
  -5.512  0.0000E+00  0.8000E+01
  -5.502  0.0000E+00  0.8000E+01
  -5.492  0.0000E+00  0.8000E+01
  -5.482  0.0000E+00  0.8000E+01
  -5.472  0.0000E+00  0.8000E+01
  -5.462  0.0000E+00  0.8000E+01
  -5.452  0.0000E+00  0.8000E+01
  -5.442  0.0000E+00  0.8000E+01
  -5.432  0.0000E+00  0.8000E+01
  -5.422  0.0000E+00  0.8000E+01
  -5.412  0.0000E+00  0.8000E+01
  -5.402  0.0000E+00  0.8000E+01
  -5.392  0.0000E+00  0.8000E+01
  -5.382  0.0000E+00  0.8000E+01
  -5.372  0.0000E+00  0.8000E+01
  -5.362  0.0000E+00  0.8000E+01
  -5.352  0.0000E+00  0.8000E+01
  -5.342  0.0000E+00  0.8000E+01
  -5.332  0.0000E+00  0.8000E+01
  -5.322  0.0000E+00  0.8000E+01
  -5.312  0.0000E+00  0.8000E+01
  -5.302  0.0000E+00  0.8000E+01
  -5.292  0.0000E+00  0.8000E+01
  -5.282  0.0000E+00  0.8000E+01
  -5.272  0.0000E+00  0.8000E+01
  -5.262  0.0000E+00  0.8000E+01
  -5.252  0.0000E+00  0.8000E+01
  -5.242  0.0000E+00  0.8000E+01
  -5.232  0.0000E+00  0.8000E+01
  -5.222  0.0000E+00  0.8000E+01
  -5.212  0.0000E+00  0.8000E+01
  -5.202  0.0000E+00  0.8000E+01
  -5.192  0.0000E+00  0.8000E+01
  -5.182  0.0000E+00  0.8000E+01
  -5.172  0.0000E+00  0.8000E+01
  -5.162  0.0000E+00  0.8000E+01
  -5.152  0.0000E+00  0.8000E+01
  -5.142  0.0000E+00  0.8000E+01
  -5.132  0.0000E+00  0.8000E+01
  -5.122  0.0000E+00  0.8000E+01
  -5.112  0.0000E+00  0.8000E+01
  -5.102  0.0000E+00  0.8000E+01
  -5.092  0.0000E+00  0.8000E+01
  -5.082  0.0000E+00  0.8000E+01
  -5.072  0.0000E+00  0.8000E+01
  -5.062  0.0000E+00  0.8000E+01
  -5.052  0.0000E+00  0.8000E+01
  -5.042  0.0000E+00  0.8000E+01
  -5.032  0.0000E+00  0.8000E+01
  -5.022  0.0000E+00  0.8000E+01
  -5.012  0.0000E+00  0.8000E+01
  -5.002  0.0000E+00  0.8000E+01
  -4.992  0.0000E+00  0.8000E+01
  -4.982  0.0000E+00  0.8000E+01
  -4.972  0.0000E+00  0.8000E+01
  -4.962  0.0000E+00  0.8000E+01
  -4.952  0.0000E+00  0.8000E+01
  -4.942  0.0000E+00  0.8000E+01
  -4.932  0.0000E+00  0.8000E+01
  -4.922  0.0000E+00  0.8000E+01
  -4.912  0.0000E+00  0.8000E+01
  -4.902  0.0000E+00  0.8000E+01
  -4.892  0.0000E+00  0.8000E+01
  -4.882  0.0000E+00  0.8000E+01
  -4.872  0.0000E+00  0.8000E+01
  -4.862  0.0000E+00  0.8000E+01
  -4.852  0.0000E+00  0.8000E+01
  -4.842  0.0000E+00  0.8000E+01
  -4.832  0.0000E+00  0.8000E+01
  -4.822  0.0000E+00  0.8000E+01
  -4.812  0.0000E+00  0.8000E+01
  -4.802  0.0000E+00  0.8000E+01
  -4.792  0.0000E+00  0.8000E+01
  -4.782  0.0000E+00  0.8000E+01
  -4.772  0.0000E+00  0.8000E+01
  -4.762  0.0000E+00  0.8000E+01
  -4.752  0.0000E+00  0.8000E+01
  -4.742  0.0000E+00  0.8000E+01
  -4.732  0.0000E+00  0.8000E+01
  -4.722  0.0000E+00  0.8000E+01
  -4.712  0.0000E+00  0.8000E+01
  -4.702  0.0000E+00  0.8000E+01
  -4.692  0.0000E+00  0.8000E+01
  -4.682  0.0000E+00  0.8000E+01
  -4.672  0.0000E+00  0.8000E+01
  -4.662  0.0000E+00  0.8000E+01
  -4.652  0.0000E+00  0.8000E+01
  -4.642  0.0000E+00  0.8000E+01
  -4.632  0.0000E+00  0.8000E+01
  -4.622  0.0000E+00  0.8000E+01
  -4.612  0.0000E+00  0.8000E+01
  -4.602  0.0000E+00  0.8000E+01
  -4.592  0.0000E+00  0.8000E+01
  -4.582  0.0000E+00  0.8000E+01
  -4.572  0.0000E+00  0.8000E+01
  -4.562  0.0000E+00  0.8000E+01
  -4.552  0.0000E+00  0.8000E+01
  -4.542  0.0000E+00  0.8000E+01
  -4.532  0.0000E+00  0.8000E+01
  -4.522  0.0000E+00  0.8000E+01
  -4.512  0.0000E+00  0.8000E+01
  -4.502  0.0000E+00  0.8000E+01
  -4.492  0.0000E+00  0.8000E+01
  -4.482  0.0000E+00  0.8000E+01
  -4.472  0.0000E+00  0.8000E+01
  -4.462  0.0000E+00  0.8000E+01
  -4.452  0.0000E+00  0.8000E+01
  -4.442  0.0000E+00  0.8000E+01
  -4.432  0.0000E+00  0.8000E+01
  -4.422  0.0000E+00  0.8000E+01
  -4.412  0.0000E+00  0.8000E+01
  -4.402  0.0000E+00  0.8000E+01
  -4.392  0.0000E+00  0.8000E+01
  -4.382  0.0000E+00  0.8000E+01
  -4.372  0.0000E+00  0.8000E+01
  -4.362  0.0000E+00  0.8000E+01
  -4.352  0.0000E+00  0.8000E+01
  -4.342  0.0000E+00  0.8000E+01
  -4.332  0.0000E+00  0.8000E+01
  -4.322  0.0000E+00  0.8000E+01
  -4.312  0.0000E+00  0.8000E+01
  -4.302  0.0000E+00  0.8000E+01
  -4.292  0.0000E+00  0.8000E+01
  -4.282  0.0000E+00  0.8000E+01
  -4.272  0.0000E+00  0.8000E+01
  -4.262  0.0000E+00  0.8000E+01
  -4.252  0.0000E+00  0.8000E+01
  -4.242  0.0000E+00  0.8000E+01
  -4.232  0.0000E+00  0.8000E+01
  -4.222  0.0000E+00  0.8000E+01
  -4.212  0.0000E+00  0.8000E+01
  -4.202  0.0000E+00  0.8000E+01
  -4.192  0.0000E+00  0.8000E+01
  -4.182  0.0000E+00  0.8000E+01
  -4.172  0.0000E+00  0.8000E+01
  -4.162  0.0000E+00  0.8000E+01
  -4.152  0.0000E+00  0.8000E+01
  -4.142  0.0000E+00  0.8000E+01
  -4.132  0.0000E+00  0.8000E+01
  -4.122  0.0000E+00  0.8000E+01
  -4.112  0.0000E+00  0.8000E+01
  -4.102  0.0000E+00  0.8000E+01
  -4.092  0.0000E+00  0.8000E+01
  -4.082  0.0000E+00  0.8000E+01
  -4.072  0.0000E+00  0.8000E+01
  -4.062  0.0000E+00  0.8000E+01
  -4.052  0.0000E+00  0.8000E+01
  -4.042  0.0000E+00  0.8000E+01
  -4.032  0.0000E+00  0.8000E+01
  -4.022  0.0000E+00  0.8000E+01
  -4.012  0.0000E+00  0.8000E+01
  -4.002  0.0000E+00  0.8000E+01
  -3.992  0.0000E+00  0.8000E+01
  -3.982  0.0000E+00  0.8000E+01
  -3.972  0.0000E+00  0.8000E+01
  -3.962  0.0000E+00  0.8000E+01
  -3.952  0.0000E+00  0.8000E+01
  -3.942  0.0000E+00  0.8000E+01
  -3.932  0.0000E+00  0.8000E+01
  -3.922  0.0000E+00  0.8000E+01
  -3.912  0.0000E+00  0.8000E+01
  -3.902  0.0000E+00  0.8000E+01
  -3.892  0.0000E+00  0.8000E+01
  -3.882  0.0000E+00  0.8000E+01
  -3.872  0.0000E+00  0.8000E+01
  -3.862  0.0000E+00  0.8000E+01
  -3.852  0.0000E+00  0.8000E+01
  -3.842  0.0000E+00  0.8000E+01
  -3.832  0.0000E+00  0.8000E+01
  -3.822  0.0000E+00  0.8000E+01
  -3.812  0.0000E+00  0.8000E+01
  -3.802  0.0000E+00  0.8000E+01
  -3.792  0.0000E+00  0.8000E+01
  -3.782  0.0000E+00  0.8000E+01
  -3.772  0.0000E+00  0.8000E+01
  -3.762  0.0000E+00  0.8000E+01
  -3.752  0.0000E+00  0.8000E+01
  -3.742  0.0000E+00  0.8000E+01
  -3.732  0.0000E+00  0.8000E+01
  -3.722  0.0000E+00  0.8000E+01
  -3.712  0.0000E+00  0.8000E+01
  -3.702  0.0000E+00  0.8000E+01
  -3.692  0.0000E+00  0.8000E+01
  -3.682  0.0000E+00  0.8000E+01
  -3.672  0.0000E+00  0.8000E+01
  -3.662  0.0000E+00  0.8000E+01
  -3.652  0.0000E+00  0.8000E+01
  -3.642  0.0000E+00  0.8000E+01
  -3.632  0.0000E+00  0.8000E+01
  -3.622  0.0000E+00  0.8000E+01
  -3.612  0.0000E+00  0.8000E+01
  -3.602  0.0000E+00  0.8000E+01
  -3.592  0.0000E+00  0.8000E+01
  -3.582  0.0000E+00  0.8000E+01
  -3.572  0.0000E+00  0.8000E+01
  -3.562  0.0000E+00  0.8000E+01
  -3.552  0.0000E+00  0.8000E+01
  -3.542  0.0000E+00  0.8000E+01
  -3.532  0.0000E+00  0.8000E+01
  -3.522  0.0000E+00  0.8000E+01
  -3.512  0.0000E+00  0.8000E+01
  -3.502  0.0000E+00  0.8000E+01
  -3.492  0.0000E+00  0.8000E+01
  -3.482  0.0000E+00  0.8000E+01
  -3.472  0.0000E+00  0.8000E+01
  -3.462  0.0000E+00  0.8000E+01
  -3.452  0.0000E+00  0.8000E+01
  -3.442  0.0000E+00  0.8000E+01
  -3.432  0.0000E+00  0.8000E+01
  -3.422  0.0000E+00  0.8000E+01
  -3.412  0.0000E+00  0.8000E+01
  -3.402  0.0000E+00  0.8000E+01
  -3.392  0.0000E+00  0.8000E+01
  -3.382  0.0000E+00  0.8000E+01
  -3.372  0.0000E+00  0.8000E+01
  -3.362  0.0000E+00  0.8000E+01
  -3.352  0.0000E+00  0.8000E+01
  -3.342  0.0000E+00  0.8000E+01
  -3.332  0.0000E+00  0.8000E+01
  -3.322  0.0000E+00  0.8000E+01
  -3.312  0.0000E+00  0.8000E+01
  -3.302  0.0000E+00  0.8000E+01
  -3.292  0.0000E+00  0.8000E+01
  -3.282  0.0000E+00  0.8000E+01
  -3.272  0.0000E+00  0.8000E+01
  -3.262  0.0000E+00  0.8000E+01
  -3.252  0.0000E+00  0.8000E+01
  -3.242  0.0000E+00  0.8000E+01
  -3.232  0.0000E+00  0.8000E+01
  -3.222  0.0000E+00  0.8000E+01
  -3.212  0.0000E+00  0.8000E+01
  -3.202  0.0000E+00  0.8000E+01
  -3.192  0.0000E+00  0.8000E+01
  -3.182  0.0000E+00  0.8000E+01
  -3.172  0.0000E+00  0.8000E+01
  -3.162  0.0000E+00  0.8000E+01
  -3.152  0.0000E+00  0.8000E+01
  -3.142  0.0000E+00  0.8000E+01
  -3.132  0.0000E+00  0.8000E+01
  -3.122  0.0000E+00  0.8000E+01
  -3.112  0.0000E+00  0.8000E+01
  -3.102  0.0000E+00  0.8000E+01
  -3.092  0.0000E+00  0.8000E+01
  -3.082  0.0000E+00  0.8000E+01
  -3.072  0.0000E+00  0.8000E+01
  -3.062  0.0000E+00  0.8000E+01
  -3.052  0.0000E+00  0.8000E+01
  -3.042  0.0000E+00  0.8000E+01
  -3.032  0.0000E+00  0.8000E+01
  -3.022  0.0000E+00  0.8000E+01
  -3.012  0.0000E+00  0.8000E+01
  -3.002  0.0000E+00  0.8000E+01
  -2.992  0.0000E+00  0.8000E+01
  -2.982  0.0000E+00  0.8000E+01
  -2.972  0.0000E+00  0.8000E+01
  -2.962  0.0000E+00  0.8000E+01
  -2.952  0.0000E+00  0.8000E+01
  -2.942  0.0000E+00  0.8000E+01
  -2.932  0.0000E+00  0.8000E+01
  -2.922  0.0000E+00  0.8000E+01
  -2.912  0.0000E+00  0.8000E+01
  -2.902  0.0000E+00  0.8000E+01
  -2.892  0.0000E+00  0.8000E+01
  -2.882  0.0000E+00  0.8000E+01
  -2.872  0.0000E+00  0.8000E+01
  -2.862  0.0000E+00  0.8000E+01
  -2.852  0.0000E+00  0.8000E+01
  -2.842  0.0000E+00  0.8000E+01
  -2.832  0.0000E+00  0.8000E+01
  -2.822  0.0000E+00  0.8000E+01
  -2.812  0.0000E+00  0.8000E+01
  -2.802  0.0000E+00  0.8000E+01
  -2.792  0.0000E+00  0.8000E+01
  -2.782  0.0000E+00  0.8000E+01
  -2.772  0.0000E+00  0.8000E+01
  -2.762  0.0000E+00  0.8000E+01
  -2.752  0.0000E+00  0.8000E+01
  -2.742  0.0000E+00  0.8000E+01
  -2.732  0.0000E+00  0.8000E+01
  -2.722  0.0000E+00  0.8000E+01
  -2.712  0.0000E+00  0.8000E+01
  -2.702  0.0000E+00  0.8000E+01
  -2.692  0.0000E+00  0.8000E+01
  -2.682  0.0000E+00  0.8000E+01
  -2.672  0.0000E+00  0.8000E+01
  -2.662  0.0000E+00  0.8000E+01
  -2.652  0.0000E+00  0.8000E+01
  -2.642  0.0000E+00  0.8000E+01
  -2.632  0.0000E+00  0.8000E+01
  -2.622  0.5125E+00  0.8003E+01
  -2.612  0.8910E+00  0.8010E+01
  -2.602  0.1316E+01  0.8021E+01
  -2.592  0.1759E+01  0.8037E+01
  -2.582  0.2231E+01  0.8056E+01
  -2.572  0.2783E+01  0.8082E+01
  -2.562  0.3396E+01  0.8113E+01
  -2.552  0.3703E+01  0.8148E+01
  -2.542  0.4046E+01  0.8187E+01
  -2.532  0.4593E+01  0.8230E+01
  -2.522  0.5768E+01  0.8280E+01
  -2.512  0.5894E+01  0.8337E+01
  -2.502  0.6266E+01  0.8398E+01
  -2.492  0.6485E+01  0.8462E+01
  -2.482  0.6592E+01  0.8528E+01
  -2.472  0.6631E+01  0.8594E+01
  -2.462  0.6478E+01  0.8660E+01
  -2.452  0.5913E+01  0.8723E+01
  -2.442  0.5850E+01  0.8781E+01
  -2.432  0.5843E+01  0.8840E+01
  -2.422  0.5839E+01  0.8898E+01
  -2.412  0.5852E+01  0.8957E+01
  -2.402  0.5850E+01  0.9015E+01
  -2.392  0.5822E+01  0.9074E+01
  -2.382  0.5472E+01  0.9130E+01
  -2.372  0.5182E+01  0.9183E+01
  -2.362  0.4891E+01  0.9234E+01
  -2.352  0.4586E+01  0.9281E+01
  -2.342  0.4307E+01  0.9326E+01
  -2.332  0.4160E+01  0.9368E+01
  -2.322  0.4092E+01  0.9409E+01
  -2.312  0.4015E+01  0.9449E+01
  -2.302  0.3914E+01  0.9489E+01
  -2.292  0.3822E+01  0.9528E+01
  -2.282  0.3640E+01  0.9565E+01
  -2.272  0.3476E+01  0.9601E+01
  -2.262  0.3382E+01  0.9635E+01
  -2.252  0.3304E+01  0.9668E+01
  -2.242  0.3245E+01  0.9701E+01
  -2.232  0.3188E+01  0.9733E+01
  -2.222  0.3134E+01  0.9765E+01
  -2.212  0.3083E+01  0.9796E+01
  -2.202  0.3041E+01  0.9827E+01
  -2.192  0.3012E+01  0.9857E+01
  -2.182  0.2983E+01  0.9887E+01
  -2.172  0.2964E+01  0.9917E+01
  -2.162  0.2972E+01  0.9946E+01
  -2.152  0.2976E+01  0.9976E+01
  -2.142  0.2967E+01  0.1001E+02
  -2.132  0.2894E+01  0.1004E+02
  -2.122  0.2885E+01  0.1006E+02
  -2.112  0.2884E+01  0.1009E+02
  -2.102  0.2887E+01  0.1012E+02
  -2.092  0.2879E+01  0.1015E+02
  -2.082  0.2854E+01  0.1018E+02
  -2.072  0.2828E+01  0.1021E+02
  -2.062  0.2795E+01  0.1024E+02
  -2.052  0.2745E+01  0.1026E+02
  -2.042  0.2713E+01  0.1029E+02
  -2.032  0.2693E+01  0.1032E+02
  -2.022  0.2658E+01  0.1034E+02
  -2.012  0.2569E+01  0.1037E+02
  -2.002  0.2537E+01  0.1040E+02
  -1.992  0.2508E+01  0.1042E+02
  -1.982  0.2479E+01  0.1045E+02
  -1.972  0.2450E+01  0.1047E+02
  -1.962  0.2425E+01  0.1050E+02
  -1.952  0.2404E+01  0.1052E+02
  -1.942  0.2388E+01  0.1054E+02
  -1.932  0.2374E+01  0.1057E+02
  -1.922  0.2362E+01  0.1059E+02
  -1.912  0.2361E+01  0.1061E+02
  -1.902  0.2363E+01  0.1064E+02
  -1.892  0.2367E+01  0.1066E+02
  -1.882  0.2373E+01  0.1069E+02
  -1.872  0.2385E+01  0.1071E+02
  -1.862  0.2394E+01  0.1073E+02
  -1.852  0.2400E+01  0.1076E+02
  -1.842  0.2409E+01  0.1078E+02
  -1.832  0.2421E+01  0.1081E+02
  -1.822  0.2413E+01  0.1083E+02
  -1.812  0.2376E+01  0.1085E+02
  -1.802  0.2356E+01  0.1088E+02
  -1.792  0.2372E+01  0.1090E+02
  -1.782  0.2387E+01  0.1092E+02
  -1.772  0.2402E+01  0.1095E+02
  -1.762  0.2413E+01  0.1097E+02
  -1.752  0.2419E+01  0.1100E+02
  -1.742  0.2414E+01  0.1102E+02
  -1.732  0.2406E+01  0.1104E+02
  -1.722  0.2397E+01  0.1107E+02
  -1.712  0.2389E+01  0.1109E+02
  -1.702  0.2374E+01  0.1112E+02
  -1.692  0.2387E+01  0.1114E+02
  -1.682  0.2334E+01  0.1116E+02
  -1.672  0.2326E+01  0.1119E+02
  -1.662  0.2320E+01  0.1121E+02
  -1.652  0.2314E+01  0.1123E+02
  -1.642  0.2309E+01  0.1126E+02
  -1.632  0.2304E+01  0.1128E+02
  -1.622  0.2300E+01  0.1130E+02
  -1.612  0.2298E+01  0.1133E+02
  -1.602  0.2300E+01  0.1135E+02
  -1.592  0.2305E+01  0.1137E+02
  -1.582  0.2310E+01  0.1140E+02
  -1.572  0.2319E+01  0.1142E+02
  -1.562  0.2332E+01  0.1144E+02
  -1.552  0.2348E+01  0.1146E+02
  -1.542  0.2372E+01  0.1149E+02
  -1.532  0.2410E+01  0.1151E+02
  -1.522  0.2451E+01  0.1154E+02
  -1.512  0.2499E+01  0.1156E+02
  -1.502  0.2550E+01  0.1159E+02
  -1.492  0.2598E+01  0.1161E+02
  -1.482  0.2645E+01  0.1164E+02
  -1.472  0.2720E+01  0.1167E+02
  -1.462  0.2834E+01  0.1169E+02
  -1.452  0.2940E+01  0.1172E+02
  -1.442  0.3044E+01  0.1175E+02
  -1.432  0.3150E+01  0.1178E+02
  -1.422  0.3345E+01  0.1182E+02
  -1.412  0.3582E+01  0.1185E+02
  -1.402  0.3762E+01  0.1189E+02
  -1.392  0.3930E+01  0.1193E+02
  -1.382  0.4089E+01  0.1197E+02
  -1.372  0.4243E+01  0.1201E+02
  -1.362  0.4413E+01  0.1205E+02
  -1.352  0.4677E+01  0.1210E+02
  -1.342  0.6655E+01  0.1215E+02
  -1.332  0.7620E+01  0.1222E+02
  -1.322  0.9160E+01  0.1231E+02
  -1.312  0.9173E+01  0.1240E+02
  -1.302  0.7780E+01  0.1248E+02
  -1.292  0.8300E+01  0.1256E+02
  -1.282  0.1083E+02  0.1266E+02
  -1.272  0.1162E+02  0.1277E+02
  -1.262  0.1472E+02  0.1289E+02
  -1.252  0.1182E+02  0.1301E+02
  -1.242  0.1084E+02  0.1313E+02
  -1.232  0.9848E+01  0.1323E+02
  -1.222  0.9555E+01  0.1333E+02
  -1.212  0.8484E+01  0.1342E+02
  -1.202  0.6920E+01  0.1349E+02
  -1.192  0.6273E+01  0.1356E+02
  -1.182  0.5669E+01  0.1362E+02
  -1.172  0.4807E+01  0.1367E+02
  -1.162  0.4316E+01  0.1372E+02
  -1.152  0.4621E+01  0.1376E+02
  -1.142  0.4859E+01  0.1381E+02
  -1.132  0.4702E+01  0.1386E+02
  -1.122  0.4427E+01  0.1390E+02
  -1.112  0.4213E+01  0.1395E+02
  -1.102  0.3934E+01  0.1399E+02
  -1.092  0.3779E+01  0.1403E+02
  -1.082  0.3746E+01  0.1406E+02
  -1.072  0.3695E+01  0.1410E+02
  -1.062  0.3670E+01  0.1414E+02
  -1.052  0.3688E+01  0.1417E+02
  -1.042  0.3761E+01  0.1421E+02
  -1.032  0.3769E+01  0.1425E+02
  -1.022  0.3787E+01  0.1429E+02
  -1.012  0.3833E+01  0.1433E+02
  -1.002  0.3937E+01  0.1436E+02
  -0.992  0.4132E+01  0.1440E+02
  -0.982  0.4386E+01  0.1445E+02
  -0.972  0.4733E+01  0.1449E+02
  -0.962  0.4973E+01  0.1454E+02
  -0.952  0.5380E+01  0.1459E+02
  -0.942  0.5785E+01  0.1465E+02
  -0.932  0.6491E+01  0.1471E+02
  -0.922  0.7002E+01  0.1478E+02
  -0.912  0.7271E+01  0.1485E+02
  -0.902  0.7484E+01  0.1492E+02
  -0.892  0.7644E+01  0.1500E+02
  -0.882  0.7765E+01  0.1508E+02
  -0.872  0.7932E+01  0.1515E+02
  -0.862  0.8164E+01  0.1523E+02
  -0.852  0.8444E+01  0.1532E+02
  -0.842  0.8591E+01  0.1540E+02
  -0.832  0.8574E+01  0.1549E+02
  -0.822  0.8412E+01  0.1557E+02
  -0.812  0.8110E+01  0.1566E+02
  -0.802  0.7809E+01  0.1574E+02
  -0.792  0.7401E+01  0.1581E+02
  -0.782  0.6988E+01  0.1588E+02
  -0.772  0.6878E+01  0.1595E+02
  -0.762  0.6896E+01  0.1602E+02
  -0.752  0.6922E+01  0.1609E+02
  -0.742  0.6952E+01  0.1616E+02
  -0.732  0.7020E+01  0.1623E+02
  -0.722  0.7219E+01  0.1630E+02
  -0.712  0.7350E+01  0.1637E+02
  -0.702  0.7499E+01  0.1645E+02
  -0.692  0.7697E+01  0.1652E+02
  -0.682  0.8067E+01  0.1660E+02
  -0.672  0.9592E+01  0.1669E+02
  -0.662  0.1060E+02  0.1679E+02
  -0.652  0.9916E+01  0.1689E+02
  -0.642  0.9889E+01  0.1700E+02
  -0.632  0.1021E+02  0.1709E+02
  -0.622  0.1302E+02  0.1721E+02
  -0.612  0.1499E+02  0.1735E+02
  -0.602  0.1545E+02  0.1750E+02
  -0.592  0.1230E+02  0.1765E+02
  -0.582  0.1182E+02  0.1776E+02
  -0.572  0.1107E+02  0.1788E+02
  -0.562  0.1166E+02  0.1799E+02
  -0.552  0.1219E+02  0.1811E+02
  -0.542  0.1278E+02  0.1823E+02
  -0.532  0.1248E+02  0.1836E+02
  -0.522  0.1295E+02  0.1849E+02
  -0.512  0.1359E+02  0.1862E+02
  -0.502  0.1303E+02  0.1876E+02
  -0.492  0.1237E+02  0.1888E+02
  -0.482  0.1200E+02  0.1900E+02
  -0.472  0.1275E+02  0.1913E+02
  -0.462  0.1326E+02  0.1926E+02
  -0.452  0.1391E+02  0.1939E+02
  -0.442  0.1382E+02  0.1953E+02
  -0.432  0.1353E+02  0.1967E+02
  -0.422  0.1544E+02  0.1981E+02
  -0.412  0.1684E+02  0.1998E+02
  -0.402  0.1659E+02  0.2014E+02
  -0.392  0.2173E+02  0.2033E+02
  -0.382  0.2206E+02  0.2056E+02
  -0.372  0.1905E+02  0.2076E+02
  -0.362  0.1843E+02  0.2095E+02
  -0.352  0.1810E+02  0.2113E+02
  -0.342  0.1810E+02  0.2131E+02
  -0.332  0.1908E+02  0.2149E+02
  -0.322  0.1583E+02  0.2165E+02
  -0.312  0.1516E+02  0.2181E+02
  -0.302  0.1517E+02  0.2196E+02
  -0.292  0.1412E+02  0.2211E+02
  -0.282  0.1345E+02  0.2224E+02
  -0.272  0.1310E+02  0.2238E+02
  -0.262  0.1280E+02  0.2251E+02
  -0.252  0.1264E+02  0.2263E+02
  -0.242  0.1242E+02  0.2276E+02
  -0.232  0.1235E+02  0.2289E+02
  -0.222  0.1211E+02  0.2301E+02
  -0.212  0.1174E+02  0.2313E+02
  -0.202  0.1165E+02  0.2324E+02
  -0.192  0.1185E+02  0.2336E+02
  -0.182  0.1202E+02  0.2348E+02
  -0.172  0.1209E+02  0.2360E+02
  -0.162  0.1198E+02  0.2372E+02
  -0.152  0.1189E+02  0.2384E+02
  -0.142  0.1185E+02  0.2396E+02
  -0.132  0.1138E+02  0.2408E+02
  -0.122  0.1097E+02  0.2419E+02
  -0.112  0.1068E+02  0.2430E+02
  -0.102  0.1044E+02  0.2440E+02
  -0.092  0.1031E+02  0.2451E+02
  -0.082  0.9895E+01  0.2461E+02
  -0.072  0.9477E+01  0.2470E+02
  -0.062  0.9131E+01  0.2480E+02
  -0.052  0.8880E+01  0.2489E+02
  -0.042  0.8171E+01  0.2497E+02
  -0.032  0.7777E+01  0.2505E+02
  -0.022  0.7417E+01  0.2513E+02
  -0.012  0.7643E+01  0.2520E+02
  -0.002  0.7724E+01  0.2528E+02
   0.008  0.7536E+01  0.2536E+02
   0.018  0.6998E+01  0.2543E+02
   0.028  0.7042E+01  0.2550E+02
   0.038  0.7491E+01  0.2557E+02
   0.048  0.5582E+01  0.2564E+02
   0.058  0.2998E+01  0.2568E+02
   0.068  0.1683E+01  0.2570E+02
   0.078  0.1602E+01  0.2572E+02
   0.088  0.1527E+01  0.2574E+02
   0.098  0.1457E+01  0.2575E+02
   0.108  0.1402E+01  0.2577E+02
   0.118  0.1352E+01  0.2578E+02
   0.128  0.1305E+01  0.2579E+02
   0.138  0.1260E+01  0.2581E+02
   0.148  0.1217E+01  0.2582E+02
   0.158  0.1185E+01  0.2583E+02
   0.168  0.1164E+01  0.2584E+02
   0.178  0.1147E+01  0.2585E+02
   0.188  0.1134E+01  0.2586E+02
   0.198  0.1122E+01  0.2588E+02
   0.208  0.1112E+01  0.2589E+02
   0.218  0.1079E+01  0.2590E+02
   0.228  0.1008E+01  0.2591E+02
   0.238  0.9200E+00  0.2592E+02
   0.248  0.8210E+00  0.2593E+02
   0.258  0.7138E+00  0.2593E+02
   0.268  0.5992E+00  0.2594E+02
   0.278  0.5042E+00  0.2595E+02
   0.288  0.4413E+00  0.2595E+02
   0.298  0.3917E+00  0.2596E+02
   0.308  0.3518E+00  0.2596E+02
   0.318  0.3167E+00  0.2596E+02
   0.328  0.2876E+00  0.2597E+02
   0.338  0.2643E+00  0.2597E+02
   0.348  0.2437E+00  0.2597E+02
   0.358  0.2249E+00  0.2597E+02
   0.368  0.2079E+00  0.2598E+02
   0.378  0.1926E+00  0.2598E+02
   0.388  0.1791E+00  0.2598E+02
   0.398  0.1671E+00  0.2598E+02
   0.408  0.1555E+00  0.2598E+02
   0.418  0.1448E+00  0.2598E+02
   0.428  0.1347E+00  0.2599E+02
   0.438  0.1255E+00  0.2599E+02
   0.448  0.1169E+00  0.2599E+02
   0.458  0.1091E+00  0.2599E+02
   0.468  0.1021E+00  0.2599E+02
   0.478  0.9580E-01  0.2599E+02
   0.488  0.9015E-01  0.2599E+02
   0.498  0.8473E-01  0.2599E+02
   0.508  0.7946E-01  0.2599E+02
   0.518  0.7435E-01  0.2599E+02
   0.528  0.6939E-01  0.2600E+02
   0.538  0.6460E-01  0.2600E+02
   0.548  0.5977E-01  0.2600E+02
   0.558  0.5483E-01  0.2600E+02
   0.568  0.4978E-01  0.2600E+02
   0.578  0.4461E-01  0.2600E+02
   0.588  0.3933E-01  0.2600E+02
   0.598  0.3394E-01  0.2600E+02
   0.608  0.2843E-01  0.2600E+02
   0.618  0.2282E-01  0.2600E+02
   0.628  0.1757E-01  0.2600E+02
   0.638  0.1300E-01  0.2600E+02
   0.648  0.9125E-02  0.2600E+02
   0.658  0.5931E-02  0.2600E+02
   0.668  0.3423E-02  0.2600E+02
   0.678  0.1600E-02  0.2600E+02
   0.688  0.4615E-03  0.2600E+02
   0.698  0.8839E-05  0.2600E+02
   0.708  0.0000E+00  0.2600E+02
   0.718  0.0000E+00  0.2600E+02
   0.728  0.0000E+00  0.2600E+02
   0.738  0.0000E+00  0.2600E+02
   0.748  0.0000E+00  0.2600E+02
   0.758  0.0000E+00  0.2600E+02
   0.768  0.0000E+00  0.2600E+02
   0.778  0.0000E+00  0.2600E+02
   0.788  0.0000E+00  0.2600E+02
   0.798  0.0000E+00  0.2600E+02
   0.808  0.0000E+00  0.2600E+02
   0.818  0.0000E+00  0.2600E+02
   0.828  0.0000E+00  0.2600E+02
   0.838  0.0000E+00  0.2600E+02
   0.848  0.0000E+00  0.2600E+02
   0.858  0.0000E+00  0.2600E+02
   0.868  0.0000E+00  0.2600E+02
   0.878  0.0000E+00  0.2600E+02
   0.888  0.0000E+00  0.2600E+02
   0.898  0.0000E+00  0.2600E+02
   0.908  0.0000E+00  0.2600E+02
   0.918  0.0000E+00  0.2600E+02
   0.928  0.0000E+00  0.2600E+02
   0.938  0.0000E+00  0.2600E+02
   0.948  0.0000E+00  0.2600E+02
   0.958  0.0000E+00  0.2600E+02
   0.968  0.0000E+00  0.2600E+02
   0.978  0.0000E+00  0.2600E+02
   0.988  0.0000E+00  0.2600E+02
   0.998  0.0000E+00  0.2600E+02
   1.008  0.0000E+00  0.2600E+02
   1.018  0.0000E+00  0.2600E+02
   1.028  0.0000E+00  0.2600E+02
   1.038  0.0000E+00  0.2600E+02
   1.048  0.0000E+00  0.2600E+02
   1.058  0.0000E+00  0.2600E+02
   1.068  0.0000E+00  0.2600E+02
   1.078  0.0000E+00  0.2600E+02
   1.088  0.0000E+00  0.2600E+02
   1.098  0.0000E+00  0.2600E+02
   1.108  0.0000E+00  0.2600E+02
   1.118  0.0000E+00  0.2600E+02
   1.128  0.0000E+00  0.2600E+02
   1.138  0.0000E+00  0.2600E+02
   1.148  0.0000E+00  0.2600E+02
   1.158  0.0000E+00  0.2600E+02
   1.168  0.0000E+00  0.2600E+02
   1.178  0.0000E+00  0.2600E+02
   1.188  0.0000E+00  0.2600E+02
   1.198  0.0000E+00  0.2600E+02
   1.208  0.0000E+00  0.2600E+02
   1.218  0.0000E+00  0.2600E+02
   1.228  0.0000E+00  0.2600E+02
   1.238  0.0000E+00  0.2600E+02
   1.248  0.0000E+00  0.2600E+02
   1.258  0.0000E+00  0.2600E+02
   1.268  0.0000E+00  0.2600E+02
   1.278  0.0000E+00  0.2600E+02
   1.288  0.0000E+00  0.2600E+02
   1.298  0.0000E+00  0.2600E+02
   1.308  0.0000E+00  0.2600E+02
   1.318  0.0000E+00  0.2600E+02
   1.328  0.0000E+00  0.2600E+02
   1.338  0.0000E+00  0.2600E+02
   1.348  0.0000E+00  0.2600E+02
   1.358  0.0000E+00  0.2600E+02
   1.368  0.0000E+00  0.2600E+02
   1.378  0.0000E+00  0.2600E+02
   1.388  0.0000E+00  0.2600E+02
   1.398  0.0000E+00  0.2600E+02
   1.408  0.0000E+00  0.2600E+02
   1.418  0.0000E+00  0.2600E+02
   1.428  0.0000E+00  0.2600E+02
   1.438  0.0000E+00  0.2600E+02
   1.448  0.0000E+00  0.2600E+02
   1.458  0.0000E+00  0.2600E+02
   1.468  0.0000E+00  0.2600E+02
   1.478  0.0000E+00  0.2600E+02
   1.488  0.0000E+00  0.2600E+02
   1.498  0.0000E+00  0.2600E+02
   1.508  0.0000E+00  0.2600E+02
   1.518  0.0000E+00  0.2600E+02
   1.528  0.0000E+00  0.2600E+02
   1.538  0.0000E+00  0.2600E+02
   1.548  0.0000E+00  0.2600E+02
   1.558  0.0000E+00  0.2600E+02
   1.568  0.0000E+00  0.2600E+02
   1.578  0.0000E+00  0.2600E+02
   1.588  0.0000E+00  0.2600E+02
   1.598  0.0000E+00  0.2600E+02
   1.608  0.0000E+00  0.2600E+02
   1.618  0.0000E+00  0.2600E+02
   1.628  0.0000E+00  0.2600E+02
   1.638  0.0000E+00  0.2600E+02
   1.648  0.0000E+00  0.2600E+02
   1.658  0.0000E+00  0.2600E+02
   1.668  0.0000E+00  0.2600E+02
   1.678  0.0000E+00  0.2600E+02
   1.688  0.0000E+00  0.2600E+02
   1.698  0.0000E+00  0.2600E+02
   1.708  0.0000E+00  0.2600E+02
   1.718  0.0000E+00  0.2600E+02
   1.728  0.0000E+00  0.2600E+02
   1.738  0.0000E+00  0.2600E+02
   1.748  0.0000E+00  0.2600E+02
   1.758  0.0000E+00  0.2600E+02
   1.768  0.0000E+00  0.2600E+02
   1.778  0.0000E+00  0.2600E+02
   1.788  0.0000E+00  0.2600E+02
   1.798  0.0000E+00  0.2600E+02
   1.808  0.0000E+00  0.2600E+02
   1.818  0.0000E+00  0.2600E+02
   1.828  0.0000E+00  0.2600E+02
   1.838  0.0000E+00  0.2600E+02
   1.848  0.0000E+00  0.2600E+02
   1.858  0.0000E+00  0.2600E+02
   1.868  0.0000E+00  0.2600E+02
   1.878  0.0000E+00  0.2600E+02
   1.888  0.0000E+00  0.2600E+02
   1.898  0.0000E+00  0.2600E+02
   1.908  0.0000E+00  0.2600E+02
   1.918  0.0000E+00  0.2600E+02
   1.928  0.0000E+00  0.2600E+02
   1.938  0.0000E+00  0.2600E+02
   1.948  0.0000E+00  0.2600E+02
   1.958  0.0000E+00  0.2600E+02
   1.968  0.0000E+00  0.2600E+02
   1.978  0.0000E+00  0.2600E+02
   1.988  0.0000E+00  0.2600E+02
   1.998  0.0000E+00  0.2600E+02
   2.008  0.0000E+00  0.2600E+02
   2.018  0.0000E+00  0.2600E+02
   2.028  0.0000E+00  0.2600E+02
   2.038  0.0000E+00  0.2600E+02
   2.048  0.0000E+00  0.2600E+02
   2.058  0.0000E+00  0.2600E+02
   2.068  0.0000E+00  0.2600E+02
   2.078  0.0000E+00  0.2600E+02
   2.088  0.0000E+00  0.2600E+02
   2.098  0.6755E-02  0.2600E+02
   2.108  0.7095E-01  0.2600E+02
   2.118  0.1536E+00  0.2600E+02
   2.128  0.1305E+00  0.2600E+02
   2.138  0.1428E+00  0.2600E+02
   2.148  0.1677E+00  0.2601E+02
   2.158  0.1958E+00  0.2601E+02
   2.168  0.2229E+00  0.2601E+02
   2.178  0.2388E+00  0.2601E+02
   2.188  0.2682E+00  0.2601E+02
   2.198  0.2988E+00  0.2602E+02
   2.208  0.3305E+00  0.2602E+02
   2.218  0.3634E+00  0.2602E+02
   2.228  0.3974E+00  0.2603E+02
   2.238  0.4318E+00  0.2603E+02
   2.248  0.4644E+00  0.2604E+02
   2.258  0.5010E+00  0.2604E+02
   2.268  0.5386E+00  0.2605E+02
   2.278  0.5772E+00  0.2605E+02
   2.288  0.6373E+00  0.2606E+02
   2.298  0.7027E+00  0.2606E+02
   2.308  0.7603E+00  0.2607E+02
   2.318  0.8103E+00  0.2608E+02
   2.328  0.8534E+00  0.2609E+02
   2.338  0.8904E+00  0.2610E+02
   2.348  0.9201E+00  0.2611E+02
   2.358  0.9404E+00  0.2612E+02
   2.368  0.9641E+00  0.2613E+02
   2.378  0.9907E+00  0.2613E+02
   2.388  0.1031E+01  0.2614E+02
   2.398  0.1078E+01  0.2616E+02
   2.408  0.1123E+01  0.2617E+02
   2.418  0.1167E+01  0.2618E+02
   2.428  0.1214E+01  0.2619E+02
   2.438  0.1264E+01  0.2620E+02
   2.448  0.1317E+01  0.2622E+02
   2.458  0.1397E+01  0.2623E+02
   2.468  0.1469E+01  0.2624E+02
   2.478  0.1543E+01  0.2626E+02
   2.488  0.1637E+01  0.2627E+02
   2.498  0.1880E+01  0.2629E+02
   2.508  0.1890E+01  0.2631E+02
   2.518  0.1897E+01  0.2633E+02
   2.528  0.1977E+01  0.2635E+02
   2.538  0.2050E+01  0.2637E+02
   2.548  0.2110E+01  0.2639E+02
   2.558  0.2165E+01  0.2641E+02
   2.568  0.2216E+01  0.2643E+02
   2.578  0.2261E+01  0.2646E+02
   2.588  0.2301E+01  0.2648E+02
   2.598  0.2337E+01  0.2650E+02
   2.608  0.2370E+01  0.2652E+02
   2.618  0.2405E+01  0.2655E+02
   2.628  0.2430E+01  0.2657E+02
   2.638  0.2446E+01  0.2660E+02
   2.648  0.2511E+01  0.2662E+02
   2.658  0.2511E+01  0.2665E+02
   2.668  0.2415E+01  0.2667E+02
   2.678  0.2367E+01  0.2670E+02
   2.688  0.2362E+01  0.2672E+02
   2.698  0.2292E+01  0.2674E+02
   2.708  0.2279E+01  0.2677E+02
   2.718  0.2287E+01  0.2679E+02
   2.728  0.2298E+01  0.2681E+02
   2.738  0.2309E+01  0.2683E+02
   2.748  0.2320E+01  0.2686E+02
   2.758  0.2336E+01  0.2688E+02
   2.768  0.2395E+01  0.2690E+02
   2.778  0.2441E+01  0.2693E+02
   2.788  0.2456E+01  0.2695E+02
   2.798  0.2476E+01  0.2698E+02
   2.808  0.2480E+01  0.2700E+02
   2.818  0.2436E+01  0.2703E+02
   2.828  0.2392E+01  0.2705E+02
   2.838  0.2337E+01  0.2707E+02
   2.848  0.2253E+01  0.2710E+02
   2.858  0.2205E+01  0.2712E+02
   2.868  0.2154E+01  0.2714E+02
   2.878  0.2104E+01  0.2716E+02
   2.888  0.2056E+01  0.2718E+02
   2.898  0.2008E+01  0.2720E+02
   2.908  0.1960E+01  0.2722E+02
   2.918  0.1909E+01  0.2724E+02
   2.928  0.1866E+01  0.2726E+02
   2.938  0.1820E+01  0.2728E+02
   2.948  0.1778E+01  0.2730E+02
   2.958  0.1769E+01  0.2732E+02
   2.968  0.1763E+01  0.2733E+02
   2.978  0.1757E+01  0.2735E+02
   2.988  0.1752E+01  0.2737E+02
   2.998  0.1746E+01  0.2739E+02
   3.008  0.1739E+01  0.2740E+02
   3.018  0.1732E+01  0.2742E+02
   3.028  0.1729E+01  0.2744E+02
   3.038  0.1727E+01  0.2746E+02
   3.048  0.1722E+01  0.2747E+02
   3.058  0.1729E+01  0.2749E+02
   3.068  0.1749E+01  0.2751E+02
   3.078  0.1717E+01  0.2753E+02
   3.088  0.1686E+01  0.2754E+02
   3.098  0.1655E+01  0.2756E+02
   3.108  0.1621E+01  0.2758E+02
   3.118  0.1590E+01  0.2759E+02
   3.128  0.1556E+01  0.2761E+02
   3.138  0.1499E+01  0.2762E+02
   3.148  0.1490E+01  0.2764E+02
   3.158  0.1482E+01  0.2765E+02
   3.168  0.1474E+01  0.2767E+02
   3.178  0.1466E+01  0.2768E+02
   3.188  0.1458E+01  0.2770E+02
   3.198  0.1450E+01  0.2771E+02
   3.208  0.1442E+01  0.2773E+02
   3.218  0.1434E+01  0.2774E+02
   3.228  0.1427E+01  0.2775E+02
   3.238  0.1420E+01  0.2777E+02
   3.248  0.1412E+01  0.2778E+02
   3.258  0.1405E+01  0.2780E+02
   3.268  0.1397E+01  0.2781E+02
   3.278  0.1391E+01  0.2782E+02
   3.288  0.1383E+01  0.2784E+02
   3.298  0.1376E+01  0.2785E+02
   3.308  0.1370E+01  0.2787E+02
   3.318  0.1361E+01  0.2788E+02
   3.328  0.1358E+01  0.2789E+02
   3.338  0.1357E+01  0.2791E+02
   3.348  0.1366E+01  0.2792E+02
   3.358  0.1416E+01  0.2793E+02
   3.368  0.1433E+01  0.2795E+02
   3.378  0.1450E+01  0.2796E+02
   3.388  0.1473E+01  0.2798E+02
   3.398  0.1482E+01  0.2799E+02
   3.408  0.1488E+01  0.2801E+02
   3.418  0.1491E+01  0.2802E+02
   3.428  0.1493E+01  0.2804E+02
   3.438  0.1480E+01  0.2805E+02
   3.448  0.1444E+01  0.2807E+02
   3.458  0.1431E+01  0.2808E+02
   3.468  0.1419E+01  0.2809E+02
   3.478  0.1413E+01  0.2811E+02
   3.488  0.1412E+01  0.2812E+02
   3.498  0.1411E+01  0.2814E+02
   3.508  0.1410E+01  0.2815E+02
   3.518  0.1408E+01  0.2817E+02
   3.528  0.1406E+01  0.2818E+02
   3.538  0.1405E+01  0.2819E+02
   3.548  0.1405E+01  0.2821E+02
   3.558  0.1406E+01  0.2822E+02
   3.568  0.1406E+01  0.2824E+02
   3.578  0.1404E+01  0.2825E+02
   3.588  0.1407E+01  0.2826E+02
   3.598  0.1410E+01  0.2828E+02
   3.608  0.1414E+01  0.2829E+02
   3.618  0.1451E+01  0.2831E+02
   3.628  0.1448E+01  0.2832E+02
   3.638  0.1430E+01  0.2834E+02
   3.648  0.1413E+01  0.2835E+02
   3.658  0.1396E+01  0.2836E+02
   3.668  0.1378E+01  0.2838E+02
   3.678  0.1356E+01  0.2839E+02
   3.688  0.1336E+01  0.2840E+02
   3.698  0.1308E+01  0.2842E+02
   3.708  0.1268E+01  0.2843E+02
   3.718  0.1267E+01  0.2844E+02
   3.728  0.1265E+01  0.2846E+02
   3.738  0.1264E+01  0.2847E+02
   3.748  0.1262E+01  0.2848E+02
   3.758  0.1261E+01  0.2849E+02
   3.768  0.1259E+01  0.2851E+02
   3.778  0.1257E+01  0.2852E+02
   3.788  0.1256E+01  0.2853E+02
   3.798  0.1254E+01  0.2854E+02
   3.808  0.1253E+01  0.2856E+02
   3.818  0.1251E+01  0.2857E+02
   3.828  0.1250E+01  0.2858E+02
   3.838  0.1249E+01  0.2859E+02
   3.848  0.1249E+01  0.2861E+02
   3.858  0.1250E+01  0.2862E+02
   3.868  0.1250E+01  0.2863E+02
   3.878  0.1250E+01  0.2864E+02
   3.888  0.1251E+01  0.2866E+02
   3.898  0.1251E+01  0.2867E+02
   3.908  0.1252E+01  0.2868E+02
   3.918  0.1253E+01  0.2869E+02
   3.928  0.1254E+01  0.2871E+02
   3.938  0.1255E+01  0.2872E+02
   3.948  0.1256E+01  0.2873E+02
   3.958  0.1256E+01  0.2874E+02
   3.968  0.1260E+01  0.2876E+02
   3.978  0.1324E+01  0.2877E+02
   3.988  0.1341E+01  0.2878E+02
   3.998  0.1361E+01  0.2880E+02
   4.008  0.1374E+01  0.2881E+02
   4.018  0.1386E+01  0.2882E+02
   4.028  0.1403E+01  0.2884E+02
   4.038  0.1429E+01  0.2885E+02
   4.048  0.1456E+01  0.2887E+02
   4.058  0.1496E+01  0.2888E+02
   4.068  0.1540E+01  0.2890E+02
   4.078  0.1509E+01  0.2891E+02
   4.088  0.1504E+01  0.2893E+02
   4.098  0.1492E+01  0.2894E+02
   4.108  0.1489E+01  0.2896E+02
   4.118  0.1489E+01  0.2897E+02
   4.128  0.1492E+01  0.2899E+02
   4.138  0.1498E+01  0.2900E+02
   4.148  0.1516E+01  0.2902E+02
   4.158  0.1537E+01  0.2903E+02
   4.168  0.1552E+01  0.2905E+02
   4.178  0.1564E+01  0.2906E+02
   4.188  0.1573E+01  0.2908E+02
   4.198  0.1584E+01  0.2909E+02
   4.208  0.1597E+01  0.2911E+02
   4.218  0.1616E+01  0.2913E+02
   4.228  0.1673E+01  0.2914E+02
   4.238  0.1682E+01  0.2916E+02
   4.248  0.1677E+01  0.2918E+02
   4.258  0.1679E+01  0.2919E+02
   4.268  0.1683E+01  0.2921E+02
   4.278  0.1688E+01  0.2923E+02
   4.288  0.1691E+01  0.2924E+02
   4.298  0.1701E+01  0.2926E+02
   4.308  0.1717E+01  0.2928E+02
   4.318  0.1719E+01  0.2930E+02
   4.328  0.1735E+01  0.2931E+02
   4.338  0.1800E+01  0.2933E+02
   4.348  0.1891E+01  0.2935E+02
   4.358  0.2048E+01  0.2937E+02
   4.368  0.2383E+01  0.2939E+02
   4.378  0.2563E+01  0.2942E+02
   4.388  0.2521E+01  0.2944E+02
   4.398  0.2391E+01  0.2947E+02
   4.408  0.2101E+01  0.2949E+02
   4.418  0.1966E+01  0.2951E+02
   4.428  0.1871E+01  0.2953E+02
   4.438  0.1774E+01  0.2955E+02
   4.448  0.1693E+01  0.2956E+02
   4.458  0.1638E+01  0.2958E+02
   4.468  0.1601E+01  0.2960E+02
   4.478  0.1566E+01  0.2961E+02
   4.488  0.1532E+01  0.2963E+02
   4.498  0.1498E+01  0.2964E+02
   4.508  0.1465E+01  0.2966E+02
   4.518  0.1433E+01  0.2967E+02
   4.528  0.1402E+01  0.2969E+02
   4.538  0.1369E+01  0.2970E+02
   4.548  0.1333E+01  0.2971E+02
   4.558  0.1296E+01  0.2973E+02
   4.568  0.1269E+01  0.2974E+02
   4.578  0.1314E+01  0.2975E+02
   4.588  0.1386E+01  0.2977E+02
   4.598  0.1427E+01  0.2978E+02
   4.608  0.1444E+01  0.2979E+02
   4.618  0.1452E+01  0.2981E+02
   4.628  0.1455E+01  0.2982E+02
   4.638  0.1479E+01  0.2984E+02
   4.648  0.1537E+01  0.2985E+02
   4.658  0.1614E+01  0.2987E+02
   4.668  0.1715E+01  0.2988E+02
   4.678  0.1859E+01  0.2990E+02
   4.688  0.1959E+01  0.2992E+02
   4.698  0.2104E+01  0.2994E+02
   4.708  0.2277E+01  0.2996E+02
   4.718  0.2486E+01  0.2999E+02
   4.728  0.2626E+01  0.3001E+02
   4.738  0.2492E+01  0.3004E+02
   4.748  0.2408E+01  0.3006E+02
   4.758  0.2387E+01  0.3009E+02
   4.768  0.2356E+01  0.3011E+02
   4.778  0.2309E+01  0.3014E+02
   4.788  0.2263E+01  0.3016E+02
   4.798  0.2218E+01  0.3018E+02
   4.808  0.2174E+01  0.3020E+02
   4.818  0.2130E+01  0.3022E+02
   4.828  0.2087E+01  0.3024E+02
   4.838  0.2044E+01  0.3027E+02
   4.848  0.2001E+01  0.3029E+02
   4.858  0.1958E+01  0.3031E+02
   4.868  0.1917E+01  0.3032E+02
   4.878  0.1877E+01  0.3034E+02
   4.888  0.1840E+01  0.3036E+02
   4.898  0.1816E+01  0.3038E+02
   4.908  0.1796E+01  0.3040E+02
   4.918  0.1780E+01  0.3042E+02
   4.928  0.2665E+01  0.3044E+02
   4.938  0.2477E+01  0.3046E+02
   4.948  0.2454E+01  0.3049E+02
   4.958  0.2357E+01  0.3051E+02
   4.968  0.2269E+01  0.3053E+02
   4.978  0.2197E+01  0.3056E+02
   4.988  0.2178E+01  0.3058E+02
   4.998  0.2202E+01  0.3060E+02
   5.008  0.2233E+01  0.3062E+02
   5.018  0.2266E+01  0.3064E+02
   5.028  0.2301E+01  0.3067E+02
   5.038  0.2348E+01  0.3069E+02
   5.048  0.2462E+01  0.3071E+02
   5.058  0.2530E+01  0.3074E+02
   5.068  0.2547E+01  0.3076E+02
   5.078  0.2581E+01  0.3079E+02
   5.088  0.2617E+01  0.3082E+02
   5.098  0.2660E+01  0.3084E+02
   5.108  0.2733E+01  0.3087E+02
   5.118  0.2856E+01  0.3090E+02
   5.128  0.2924E+01  0.3093E+02
   5.138  0.2933E+01  0.3096E+02
   5.148  0.2952E+01  0.3098E+02
   5.158  0.2984E+01  0.3101E+02
   5.168  0.3034E+01  0.3104E+02
   5.178  0.3094E+01  0.3108E+02
   5.188  0.3147E+01  0.3111E+02
   5.198  0.3202E+01  0.3114E+02
   5.208  0.3273E+01  0.3117E+02
   5.218  0.3330E+01  0.3120E+02
   5.228  0.3424E+01  0.3124E+02
   5.238  0.3545E+01  0.3127E+02
   5.248  0.3670E+01  0.3131E+02
   5.258  0.3800E+01  0.3135E+02
   5.268  0.3983E+01  0.3138E+02
   5.278  0.4048E+01  0.3142E+02
   5.288  0.4198E+01  0.3147E+02
   5.298  0.4422E+01  0.3151E+02
   5.308  0.4685E+01  0.3155E+02
   5.318  0.4775E+01  0.3160E+02
   5.328  0.4819E+01  0.3165E+02
   5.338  0.5057E+01  0.3170E+02
   5.348  0.5321E+01  0.3175E+02
   5.358  0.5518E+01  0.3181E+02
   5.368  0.5577E+01  0.3186E+02
   5.378  0.5766E+01  0.3192E+02
   5.388  0.5950E+01  0.3198E+02
   5.398  0.6115E+01  0.3204E+02
   5.408  0.6221E+01  0.3210E+02
   5.418  0.6419E+01  0.3216E+02
   5.428  0.5906E+01  0.3222E+02
   5.438  0.6048E+01  0.3228E+02
   5.448  0.6356E+01  0.3235E+02
   5.458  0.5930E+01  0.3241E+02
   5.468  0.5829E+01  0.3246E+02
   5.478  0.5684E+01  0.3252E+02
   5.488  0.5595E+01  0.3258E+02
   5.498  0.5933E+01  0.3264E+02
   5.508  0.5939E+01  0.3270E+02
   5.518  0.6109E+01  0.3276E+02
   5.528  0.6380E+01  0.3282E+02
   5.538  0.6592E+01  0.3288E+02
   5.548  0.6815E+01  0.3295E+02
   5.558  0.7185E+01  0.3302E+02
   5.568  0.7482E+01  0.3309E+02
   5.578  0.7929E+01  0.3317E+02
   5.588  0.7170E+01  0.3324E+02
   5.598  0.7001E+01  0.3331E+02
   5.608  0.6772E+01  0.3338E+02
   5.618  0.6637E+01  0.3345E+02
   5.628  0.6926E+01  0.3352E+02
   5.638  0.6331E+01  0.3358E+02
   5.648  0.6028E+01  0.3364E+02
   5.658  0.5858E+01  0.3370E+02
   5.668  0.5583E+01  0.3376E+02
   5.678  0.6532E+01  0.3383E+02
   5.688  0.6764E+01  0.3389E+02
   5.698  0.6531E+01  0.3396E+02
   5.708  0.6093E+01  0.3402E+02
   5.718  0.5737E+01  0.3408E+02
   5.728  0.4321E+01  0.3413E+02
   5.738  0.4132E+01  0.3417E+02
   5.748  0.4552E+01  0.3422E+02
   5.758  0.4126E+01  0.3426E+02
   5.768  0.3867E+01  0.3430E+02
   5.778  0.3897E+01  0.3434E+02
   5.788  0.4064E+01  0.3438E+02
   5.798  0.4141E+01  0.3442E+02
   5.808  0.4196E+01  0.3446E+02
   5.818  0.4179E+01  0.3450E+02
   5.828  0.4183E+01  0.3454E+02
   5.838  0.4224E+01  0.3459E+02
   5.848  0.4289E+01  0.3463E+02
   5.858  0.4367E+01  0.3467E+02
   5.868  0.4423E+01  0.3472E+02
   5.878  0.4408E+01  0.3476E+02
   5.888  0.4388E+01  0.3480E+02
   5.898  0.4393E+01  0.3485E+02
   5.908  0.4430E+01  0.3489E+02
   5.918  0.4501E+01  0.3494E+02
   5.928  0.4367E+01  0.3498E+02
   5.938  0.4404E+01  0.3503E+02
   5.948  0.4476E+01  0.3507E+02
   5.958  0.4587E+01  0.3512E+02
   5.968  0.4718E+01  0.3516E+02
   5.978  0.4825E+01  0.3521E+02
   5.988  0.4894E+01  0.3526E+02
   5.998  0.4997E+01  0.3531E+02
   6.008  0.5218E+01  0.3536E+02
   6.018  0.5280E+01  0.3541E+02
   6.028  0.5142E+01  0.3546E+02
   6.038  0.5203E+01  0.3552E+02
   6.048  0.5386E+01  0.3557E+02
   6.058  0.5956E+01  0.3562E+02
   6.068  0.6540E+01  0.3569E+02
   6.078  0.7370E+01  0.3576E+02
   6.088  0.7430E+01  0.3583E+02
   6.098  0.7653E+01  0.3591E+02
   6.108  0.7669E+01  0.3598E+02
   6.118  0.8247E+01  0.3606E+02
   6.128  0.8614E+01  0.3615E+02
   6.138  0.9566E+01  0.3624E+02
   6.148  0.1008E+02  0.3634E+02
   6.158  0.9933E+01  0.3644E+02
   6.168  0.9845E+01  0.3654E+02
   6.178  0.9855E+01  0.3663E+02
   6.188  0.9980E+01  0.3673E+02
   6.198  0.9667E+01  0.3683E+02
   6.208  0.9136E+01  0.3693E+02
   6.218  0.8945E+01  0.3702E+02
   6.228  0.8706E+01  0.3711E+02
   6.238  0.8609E+01  0.3719E+02
   6.248  0.8570E+01  0.3728E+02
   6.258  0.8596E+01  0.3736E+02
   6.268  0.8642E+01  0.3745E+02
   6.278  0.8757E+01  0.3754E+02
   6.288  0.9060E+01  0.3763E+02
   6.298  0.9006E+01  0.3772E+02
   6.308  0.9032E+01  0.3781E+02
   6.318  0.9095E+01  0.3790E+02
   6.328  0.9443E+01  0.3799E+02
   6.338  0.9959E+01  0.3809E+02
   6.348  0.1009E+02  0.3819E+02
   6.358  0.8518E+01  0.3828E+02
   6.368  0.7988E+01  0.3837E+02
   6.378  0.7880E+01  0.3845E+02
   6.388  0.7722E+01  0.3852E+02
   6.398  0.7554E+01  0.3860E+02
   6.408  0.7428E+01  0.3867E+02
   6.418  0.7369E+01  0.3875E+02
   6.428  0.7334E+01  0.3882E+02
   6.438  0.7365E+01  0.3890E+02
   6.448  0.7424E+01  0.3897E+02
   6.458  0.7493E+01  0.3904E+02
   6.468  0.7594E+01  0.3912E+02
   6.478  0.7709E+01  0.3920E+02
   6.488  0.7826E+01  0.3927E+02
   6.498  0.7955E+01  0.3935E+02
   6.508  0.8118E+01  0.3943E+02
   6.518  0.8184E+01  0.3951E+02
   6.528  0.8250E+01  0.3960E+02
   6.538  0.8338E+01  0.3968E+02
   6.548  0.8706E+01  0.3976E+02
   6.558  0.8708E+01  0.3985E+02
   6.568  0.8464E+01  0.3994E+02
   6.578  0.8165E+01  0.4002E+02
   6.588  0.7919E+01  0.4010E+02
   6.598  0.7374E+01  0.4018E+02
   6.608  0.7060E+01  0.4025E+02
   6.618  0.6818E+01  0.4032E+02
   6.628  0.6352E+01  0.4039E+02
   6.638  0.5935E+01  0.4045E+02
   6.648  0.5614E+01  0.4050E+02
   6.658  0.5329E+01  0.4056E+02
   6.668  0.5143E+01  0.4061E+02
   6.678  0.4888E+01  0.4066E+02
   6.688  0.4549E+01  0.4071E+02
   6.698  0.4334E+01  0.4075E+02
   6.708  0.4133E+01  0.4080E+02
   6.718  0.3993E+01  0.4084E+02
   6.728  0.3891E+01  0.4088E+02
   6.738  0.3894E+01  0.4091E+02
   6.748  0.3917E+01  0.4095E+02
   6.758  0.4207E+01  0.4099E+02
   6.768  0.4849E+01  0.4104E+02
   6.778  0.4647E+01  0.4109E+02
   6.788  0.4775E+01  0.4113E+02
   6.798  0.5301E+01  0.4118E+02
   6.808  0.6315E+01  0.4124E+02
   6.818  0.7933E+01  0.4131E+02
   6.828  0.7341E+01  0.4139E+02
   6.838  0.6604E+01  0.4146E+02
   6.848  0.6227E+01  0.4153E+02
   6.858  0.5907E+01  0.4159E+02
   6.868  0.5674E+01  0.4165E+02
   6.878  0.5524E+01  0.4170E+02
   6.888  0.5460E+01  0.4176E+02
   6.898  0.5389E+01  0.4181E+02
   6.908  0.5355E+01  0.4186E+02
   6.918  0.5463E+01  0.4192E+02
   6.928  0.5726E+01  0.4197E+02
   6.938  0.6431E+01  0.4203E+02
   6.948  0.8068E+01  0.4211E+02
   6.958  0.8686E+01  0.4219E+02
   6.968  0.9255E+01  0.4228E+02
   6.978  0.1002E+02  0.4238E+02
   6.988  0.1133E+02  0.4248E+02
   6.998  0.1157E+02  0.4260E+02
   7.008  0.1106E+02  0.4271E+02
   7.018  0.8904E+01  0.4282E+02
   7.028  0.6925E+01  0.4290E+02
   7.038  0.5700E+01  0.4296E+02
   7.048  0.5170E+01  0.4301E+02
   7.058  0.4991E+01  0.4306E+02
   7.068  0.4705E+01  0.4311E+02
   7.078  0.4424E+01  0.4316E+02
   7.088  0.4168E+01  0.4320E+02
   7.098  0.4240E+01  0.4324E+02
   7.108  0.4884E+01  0.4329E+02
   7.118  0.7475E+01  0.4335E+02
   7.128  0.8364E+01  0.4343E+02
   7.138  0.8461E+01  0.4351E+02
   7.148  0.8304E+01  0.4360E+02
   7.158  0.7515E+01  0.4368E+02
   7.168  0.6927E+01  0.4375E+02
   7.178  0.6539E+01  0.4381E+02
   7.188  0.6177E+01  0.4388E+02
   7.198  0.5722E+01  0.4394E+02
   7.208  0.5466E+01  0.4399E+02
   7.218  0.5300E+01  0.4405E+02
   7.228  0.5193E+01  0.4410E+02
   7.238  0.5115E+01  0.4415E+02
   7.248  0.4928E+01  0.4420E+02
   7.258  0.4733E+01  0.4425E+02
   7.268  0.4678E+01  0.4430E+02
   7.278  0.4700E+01  0.4434E+02
   7.288  0.4809E+01  0.4439E+02
   7.298  0.4714E+01  0.4444E+02
   7.308  0.4619E+01  0.4449E+02
   7.318  0.4516E+01  0.4453E+02
   7.328  0.4476E+01  0.4458E+02
   7.338  0.4434E+01  0.4462E+02
   7.348  0.4415E+01  0.4466E+02
   7.358  0.4432E+01  0.4471E+02
   7.368  0.4461E+01  0.4475E+02
   7.378  0.4498E+01  0.4480E+02
   7.388  0.4557E+01  0.4484E+02
   7.398  0.4680E+01  0.4489E+02
   7.408  0.4882E+01  0.4494E+02
   7.418  0.5158E+01  0.4499E+02
   7.428  0.5479E+01  0.4504E+02
   7.438  0.5786E+01  0.4510E+02
   7.448  0.6054E+01  0.4516E+02
   7.458  0.6041E+01  0.4522E+02
   7.468  0.6223E+01  0.4528E+02
   7.478  0.6546E+01  0.4534E+02
   7.488  0.6835E+01  0.4541E+02
   7.498  0.7175E+01  0.4548E+02
   7.508  0.6897E+01  0.4555E+02
   7.518  0.6788E+01  0.4562E+02
   7.528  0.6648E+01  0.4568E+02
   7.538  0.6592E+01  0.4575E+02
   7.548  0.6359E+01  0.4582E+02
   7.558  0.6241E+01  0.4588E+02
   7.568  0.6133E+01  0.4594E+02
   7.578  0.6126E+01  0.4600E+02
   7.588  0.5831E+01  0.4606E+02
   7.598  0.5464E+01  0.4612E+02
   7.608  0.5283E+01  0.4617E+02
   7.618  0.5164E+01  0.4622E+02
   7.628  0.5022E+01  0.4627E+02
   7.638  0.4898E+01  0.4632E+02
   7.648  0.4795E+01  0.4637E+02
   7.658  0.4710E+01  0.4642E+02
   7.668  0.4791E+01  0.4647E+02
   7.678  0.4711E+01  0.4652E+02
   7.688  0.4583E+01  0.4656E+02
   7.698  0.4567E+01  0.4661E+02
   7.708  0.4555E+01  0.4665E+02
   7.718  0.4820E+01  0.4670E+02
   7.728  0.4324E+01  0.4674E+02
   7.738  0.4245E+01  0.4679E+02
   7.748  0.4184E+01  0.4683E+02
   7.758  0.4131E+01  0.4687E+02
   7.768  0.4084E+01  0.4691E+02
   7.778  0.4047E+01  0.4695E+02
   7.788  0.4186E+01  0.4699E+02
   7.798  0.4427E+01  0.4704E+02
   7.808  0.4137E+01  0.4708E+02
   7.818  0.4249E+01  0.4712E+02
   7.828  0.4335E+01  0.4716E+02
   7.838  0.4419E+01  0.4721E+02
   7.848  0.4487E+01  0.4725E+02
   7.858  0.4550E+01  0.4730E+02
   7.868  0.4536E+01  0.4734E+02
   7.878  0.4423E+01  0.4739E+02
   7.888  0.4417E+01  0.4743E+02
   7.898  0.4485E+01  0.4747E+02
   7.908  0.4527E+01  0.4752E+02
   7.918  0.4620E+01  0.4757E+02
   7.928  0.4798E+01  0.4761E+02
   7.938  0.5095E+01  0.4766E+02
   7.948  0.5272E+01  0.4772E+02
   7.958  0.5417E+01  0.4777E+02
   7.968  0.5743E+01  0.4782E+02
   7.978  0.6335E+01  0.4788E+02
   7.988  0.6632E+01  0.4795E+02
   7.998  0.6630E+01  0.4802E+02
   8.008  0.7026E+01  0.4809E+02
   8.018  0.7558E+01  0.4816E+02
   8.028  0.8265E+01  0.4824E+02
   8.038  0.9233E+01  0.4832E+02
   8.048  0.9813E+01  0.4842E+02
   8.058  0.1008E+02  0.4852E+02
   8.068  0.9694E+01  0.4862E+02
   8.078  0.9581E+01  0.4872E+02
   8.088  0.9520E+01  0.4881E+02
   8.098  0.9408E+01  0.4891E+02
   8.108  0.9246E+01  0.4900E+02
   8.118  0.8987E+01  0.4909E+02
   8.128  0.8781E+01  0.4918E+02
   8.138  0.8716E+01  0.4927E+02
   8.148  0.8893E+01  0.4936E+02
   8.158  0.8471E+01  0.4944E+02
   8.168  0.7925E+01  0.4952E+02
   8.178  0.7613E+01  0.4960E+02
   8.188  0.7435E+01  0.4968E+02
   8.198  0.7490E+01  0.4975E+02
   8.208  0.7651E+01  0.4983E+02
   8.218  0.7911E+01  0.4990E+02
   8.228  0.8606E+01  0.4999E+02
   8.238  0.9894E+01  0.5008E+02
   8.248  0.9991E+01  0.5018E+02
   8.258  0.1079E+02  0.5028E+02
   8.268  0.1109E+02  0.5039E+02
   8.278  0.9362E+01  0.5050E+02
   8.288  0.8412E+01  0.5058E+02
   8.298  0.7959E+01  0.5067E+02
   8.308  0.7333E+01  0.5074E+02
   8.318  0.7165E+01  0.5081E+02
   8.328  0.6881E+01  0.5089E+02
   8.338  0.6605E+01  0.5095E+02
   8.348  0.6997E+01  0.5102E+02
   8.358  0.6075E+01  0.5108E+02
   8.368  0.5871E+01  0.5114E+02
   8.378  0.5707E+01  0.5120E+02
   8.388  0.5656E+01  0.5126E+02
   8.398  0.5555E+01  0.5131E+02
   8.408  0.5365E+01  0.5137E+02
   8.418  0.5168E+01  0.5142E+02
   8.428  0.4974E+01  0.5147E+02
   8.438  0.5005E+01  0.5152E+02
   8.448  0.5138E+01  0.5157E+02
   8.458  0.5601E+01  0.5162E+02
   8.468  0.6197E+01  0.5168E+02
   8.478  0.6809E+01  0.5175E+02
   8.488  0.7197E+01  0.5182E+02
   8.498  0.7337E+01  0.5189E+02
   8.508  0.7219E+01  0.5196E+02
   8.518  0.7409E+01  0.5204E+02
   8.528  0.7434E+01  0.5211E+02
   8.538  0.7490E+01  0.5219E+02
   8.548  0.7568E+01  0.5226E+02
   8.558  0.7588E+01  0.5234E+02
   8.568  0.7419E+01  0.5241E+02
   8.578  0.7048E+01  0.5248E+02
   8.588  0.6794E+01  0.5255E+02
   8.598  0.6653E+01  0.5262E+02
   8.608  0.6700E+01  0.5269E+02
   8.618  0.7073E+01  0.5276E+02
   8.628  0.7318E+01  0.5283E+02
   8.638  0.7751E+01  0.5290E+02
   8.648  0.7944E+01  0.5298E+02
   8.658  0.8843E+01  0.5307E+02
   8.668  0.7368E+01  0.5315E+02
   8.678  0.6334E+01  0.5322E+02
   8.688  0.6114E+01  0.5328E+02
   8.698  0.5973E+01  0.5334E+02
   8.708  0.6085E+01  0.5340E+02
   8.718  0.6677E+01  0.5347E+02
   8.728  0.6848E+01  0.5353E+02
   8.738  0.6973E+01  0.5360E+02
   8.748  0.7214E+01  0.5367E+02
   8.758  0.7305E+01  0.5375E+02
   8.768  0.7364E+01  0.5382E+02
   8.778  0.6839E+01  0.5389E+02
   8.788  0.6367E+01  0.5396E+02
   8.798  0.6067E+01  0.5402E+02
   8.808  0.5873E+01  0.5408E+02
   8.818  0.5717E+01  0.5414E+02
   8.828  0.5575E+01  0.5419E+02
   8.838  0.5449E+01  0.5425E+02
   8.848  0.5332E+01  0.5430E+02
   8.858  0.5242E+01  0.5435E+02
   8.868  0.5167E+01  0.5441E+02
   8.878  0.5098E+01  0.5446E+02
   8.888  0.5042E+01  0.5451E+02
   8.898  0.4997E+01  0.5456E+02
   8.908  0.4943E+01  0.5461E+02
   8.918  0.4907E+01  0.5466E+02
   8.928  0.4884E+01  0.5471E+02
   8.938  0.4885E+01  0.5476E+02
   8.948  0.4904E+01  0.5480E+02
   8.958  0.4920E+01  0.5485E+02
   8.968  0.4964E+01  0.5490E+02
   8.978  0.5028E+01  0.5495E+02
   8.988  0.5056E+01  0.5500E+02
   8.998  0.5078E+01  0.5505E+02
   9.008  0.5061E+01  0.5510E+02
   9.018  0.5026E+01  0.5516E+02
   9.028  0.4969E+01  0.5521E+02
   9.038  0.4876E+01  0.5525E+02
   9.048  0.4778E+01  0.5530E+02
   9.058  0.4710E+01  0.5535E+02
   9.068  0.4657E+01  0.5540E+02
   9.078  0.4570E+01  0.5544E+02
   9.088  0.4396E+01  0.5549E+02
   9.098  0.4161E+01  0.5553E+02
   9.108  0.3895E+01  0.5557E+02
   9.118  0.3639E+01  0.5561E+02
   9.128  0.3491E+01  0.5564E+02
   9.138  0.3429E+01  0.5568E+02
   9.148  0.3381E+01  0.5571E+02
   9.158  0.3347E+01  0.5575E+02
   9.168  0.3320E+01  0.5578E+02
   9.178  0.3338E+01  0.5581E+02
   9.188  0.3401E+01  0.5585E+02
   9.198  0.3519E+01  0.5588E+02
   9.208  0.3693E+01  0.5592E+02
   9.218  0.3931E+01  0.5596E+02
   9.228  0.4244E+01  0.5600E+02
   9.238  0.4594E+01  0.5604E+02
   9.248  0.4719E+01  0.5609E+02
   9.258  0.4982E+01  0.5614E+02
   9.268  0.5607E+01  0.5619E+02
   9.278  0.6021E+01  0.5625E+02
   9.288  0.6191E+01  0.5631E+02
   9.298  0.6229E+01  0.5637E+02
   9.308  0.6206E+01  0.5643E+02
   9.318  0.6145E+01  0.5649E+02
   9.328  0.5913E+01  0.5656E+02
   9.338  0.5550E+01  0.5661E+02
   9.348  0.5347E+01  0.5667E+02
   9.358  0.5179E+01  0.5672E+02
   9.368  0.5029E+01  0.5677E+02
   9.378  0.4869E+01  0.5682E+02
   9.388  0.4758E+01  0.5687E+02
   9.398  0.4607E+01  0.5691E+02
   9.408  0.4528E+01  0.5696E+02
   9.418  0.4502E+01  0.5701E+02
   9.428  0.4422E+01  0.5705E+02
   9.438  0.4352E+01  0.5709E+02
   9.448  0.4304E+01  0.5714E+02
   9.458  0.4276E+01  0.5718E+02
   9.468  0.4258E+01  0.5722E+02
   9.478  0.4253E+01  0.5727E+02
   9.488  0.4232E+01  0.5731E+02
   9.498  0.4134E+01  0.5735E+02
   9.508  0.3982E+01  0.5739E+02
   9.518  0.3856E+01  0.5743E+02
   9.528  0.3726E+01  0.5747E+02
   9.538  0.3587E+01  0.5750E+02
   9.548  0.3413E+01  0.5754E+02
   9.558  0.3204E+01  0.5757E+02
   9.568  0.2987E+01  0.5760E+02
   9.578  0.2775E+01  0.5763E+02
   9.588  0.2535E+01  0.5766E+02
   9.598  0.2459E+01  0.5768E+02
   9.608  0.2435E+01  0.5771E+02
   9.618  0.2433E+01  0.5773E+02
   9.628  0.2491E+01  0.5776E+02
   9.638  0.2614E+01  0.5778E+02
   9.648  0.2653E+01  0.5781E+02
   9.658  0.2883E+01  0.5784E+02
   9.668  0.3467E+01  0.5787E+02
   9.678  0.3773E+01  0.5790E+02
   9.688  0.3970E+01  0.5794E+02
   9.698  0.4118E+01  0.5798E+02
   9.708  0.4214E+01  0.5802E+02
   9.718  0.4211E+01  0.5807E+02
   9.728  0.4122E+01  0.5811E+02
   9.738  0.4025E+01  0.5815E+02
   9.748  0.3941E+01  0.5819E+02
   9.758  0.3875E+01  0.5823E+02
   9.768  0.3825E+01  0.5827E+02
   9.778  0.3772E+01  0.5830E+02
   9.788  0.3791E+01  0.5834E+02
   9.798  0.3780E+01  0.5838E+02
   9.808  0.3748E+01  0.5842E+02
   9.818  0.3613E+01  0.5845E+02
   9.828  0.3568E+01  0.5849E+02
   9.838  0.3503E+01  0.5853E+02
   9.848  0.3417E+01  0.5856E+02
   9.858  0.3336E+01  0.5859E+02
   9.868  0.3287E+01  0.5863E+02
   9.878  0.3236E+01  0.5866E+02
   9.888  0.3172E+01  0.5869E+02
   9.898  0.3116E+01  0.5872E+02
   9.908  0.3077E+01  0.5875E+02
   9.918  0.3026E+01  0.5879E+02
   9.928  0.2962E+01  0.5882E+02
   9.938  0.2903E+01  0.5884E+02
   9.948  0.2840E+01  0.5887E+02
   9.958  0.2777E+01  0.5890E+02
   9.968  0.2720E+01  0.5893E+02
   9.978  0.2669E+01  0.5896E+02
   9.988  0.2626E+01  0.5898E+02
   9.998  0.2606E+01  0.5901E+02
  10.008  0.2607E+01  0.5903E+02
  10.018  0.2621E+01  0.5906E+02
  10.028  0.2708E+01  0.5909E+02
  10.038  0.2615E+01  0.5911E+02
  10.048  0.2551E+01  0.5914E+02
  10.058  0.2539E+01  0.5917E+02
  10.068  0.2538E+01  0.5919E+02
  10.078  0.2581E+01  0.5922E+02
  10.088  0.2612E+01  0.5924E+02
  10.098  0.2626E+01  0.5927E+02
  10.108  0.2683E+01  0.5929E+02
  10.118  0.2740E+01  0.5932E+02
  10.128  0.2847E+01  0.5935E+02
  10.138  0.2894E+01  0.5938E+02
  10.148  0.2898E+01  0.5941E+02
  10.158  0.2924E+01  0.5944E+02
  10.168  0.2960E+01  0.5947E+02
  10.178  0.3006E+01  0.5950E+02
  10.188  0.3062E+01  0.5953E+02
  10.198  0.3323E+01  0.5956E+02
  10.208  0.3727E+01  0.5960E+02
  10.218  0.4360E+01  0.5964E+02
  10.228  0.4535E+01  0.5968E+02
  10.238  0.4567E+01  0.5973E+02
  10.248  0.4680E+01  0.5977E+02
  10.258  0.4776E+01  0.5982E+02
  10.268  0.4834E+01  0.5987E+02
  10.278  0.4891E+01  0.5992E+02
  10.288  0.5040E+01  0.5997E+02
  10.298  0.5101E+01  0.6002E+02
  10.308  0.4690E+01  0.6007E+02
  10.318  0.3443E+01  0.6011E+02
  10.328  0.3013E+01  0.6014E+02
  10.338  0.2894E+01  0.6017E+02
  10.348  0.2798E+01  0.6020E+02
  10.358  0.2718E+01  0.6023E+02
  10.368  0.2668E+01  0.6025E+02
  10.378  0.2666E+01  0.6028E+02
  10.388  0.2687E+01  0.6031E+02
  10.398  0.2736E+01  0.6033E+02
  10.408  0.2855E+01  0.6036E+02
  10.418  0.3014E+01  0.6039E+02
  10.428  0.3282E+01  0.6042E+02
  10.438  0.3627E+01  0.6046E+02
  10.448  0.4002E+01  0.6049E+02
  10.458  0.4439E+01  0.6054E+02
  10.468  0.4926E+01  0.6058E+02
  10.478  0.5536E+01  0.6064E+02
  10.488  0.6068E+01  0.6069E+02
  10.498  0.6577E+01  0.6076E+02
  10.508  0.7072E+01  0.6083E+02
  10.518  0.7042E+01  0.6090E+02
  10.528  0.6549E+01  0.6096E+02
  10.538  0.5977E+01  0.6103E+02
  10.548  0.5636E+01  0.6109E+02
  10.558  0.5404E+01  0.6114E+02
  10.568  0.5191E+01  0.6119E+02
  10.578  0.4987E+01  0.6124E+02
  10.588  0.4856E+01  0.6129E+02
  10.598  0.4824E+01  0.6134E+02
  10.608  0.4694E+01  0.6139E+02
  10.618  0.4536E+01  0.6144E+02
  10.628  0.3865E+01  0.6148E+02
  10.638  0.3546E+01  0.6151E+02
  10.648  0.3335E+01  0.6155E+02
  10.658  0.3169E+01  0.6158E+02
  10.668  0.3025E+01  0.6161E+02
  10.678  0.2905E+01  0.6164E+02
  10.688  0.2807E+01  0.6167E+02
  10.698  0.2636E+01  0.6170E+02
  10.708  0.2616E+01  0.6172E+02
  10.718  0.2648E+01  0.6175E+02
  10.728  0.2671E+01  0.6178E+02
  10.738  0.2722E+01  0.6180E+02
  10.748  0.2763E+01  0.6183E+02
  10.758  0.2837E+01  0.6186E+02
  10.768  0.2856E+01  0.6189E+02
  10.778  0.2886E+01  0.6192E+02
  10.788  0.3061E+01  0.6195E+02
  10.798  0.3067E+01  0.6198E+02
  10.808  0.3019E+01  0.6201E+02
  10.818  0.3021E+01  0.6204E+02
  10.828  0.3049E+01  0.6207E+02
  10.838  0.3082E+01  0.6210E+02
  10.848  0.3097E+01  0.6213E+02
  10.858  0.3009E+01  0.6216E+02
  10.868  0.2877E+01  0.6219E+02
  10.878  0.2795E+01  0.6222E+02
  10.888  0.2738E+01  0.6225E+02
  10.898  0.2706E+01  0.6227E+02
  10.908  0.2704E+01  0.6230E+02
  10.918  0.2742E+01  0.6233E+02
  10.928  0.2792E+01  0.6236E+02
  10.938  0.2838E+01  0.6238E+02
  10.948  0.2898E+01  0.6241E+02
  10.958  0.2979E+01  0.6244E+02
  10.968  0.3080E+01  0.6247E+02
  10.978  0.3232E+01  0.6250E+02
  10.988  0.3407E+01  0.6254E+02
  10.998  0.3582E+01  0.6257E+02
  11.008  0.3728E+01  0.6261E+02
  11.018  0.3877E+01  0.6265E+02
  11.028  0.4070E+01  0.6269E+02
  11.038  0.4234E+01  0.6273E+02
  11.048  0.4363E+01  0.6277E+02
  11.058  0.4506E+01  0.6282E+02
  11.068  0.4675E+01  0.6286E+02
  11.078  0.4939E+01  0.6291E+02
  11.088  0.5305E+01  0.6296E+02
  11.098  0.5597E+01  0.6301E+02
  11.108  0.5699E+01  0.6307E+02
  11.118  0.5935E+01  0.6313E+02
  11.128  0.6251E+01  0.6319E+02
  11.138  0.6523E+01  0.6325E+02
  11.148  0.6705E+01  0.6332E+02
  11.158  0.7077E+01  0.6339E+02
  11.168  0.7619E+01  0.6346E+02
  11.178  0.7817E+01  0.6354E+02
  11.188  0.8054E+01  0.6362E+02
  11.198  0.8322E+01  0.6370E+02
  11.208  0.8672E+01  0.6379E+02
  11.218  0.9102E+01  0.6387E+02
  11.228  0.9647E+01  0.6397E+02
  11.238  0.1059E+02  0.6407E+02
  11.248  0.1095E+02  0.6418E+02
  11.258  0.1056E+02  0.6429E+02
  11.268  0.1012E+02  0.6439E+02
  11.278  0.9912E+01  0.6449E+02
  11.288  0.9739E+01  0.6459E+02
  11.298  0.9506E+01  0.6468E+02
  11.308  0.9391E+01  0.6478E+02
  11.318  0.9203E+01  0.6487E+02
  11.328  0.9149E+01  0.6496E+02
  11.338  0.9269E+01  0.6506E+02
  11.348  0.9441E+01  0.6515E+02
  11.358  0.9587E+01  0.6525E+02
  11.368  0.9273E+01  0.6534E+02
  11.378  0.9185E+01  0.6543E+02
  11.388  0.9213E+01  0.6552E+02
  11.398  0.9215E+01  0.6562E+02
  11.408  0.9094E+01  0.6571E+02
  11.418  0.9034E+01  0.6580E+02
  11.428  0.8918E+01  0.6589E+02
  11.438  0.8857E+01  0.6598E+02
  11.448  0.8867E+01  0.6606E+02
  11.458  0.8774E+01  0.6615E+02
  11.468  0.8804E+01  0.6624E+02
  11.478  0.8951E+01  0.6633E+02
  11.488  0.9188E+01  0.6642E+02
  11.498  0.9419E+01  0.6651E+02
  11.508  0.9653E+01  0.6661E+02
  11.518  0.9915E+01  0.6671E+02
  11.528  0.1032E+02  0.6681E+02
  11.538  0.1029E+02  0.6691E+02
  11.548  0.1029E+02  0.6701E+02
  11.558  0.9748E+01  0.6711E+02
  11.568  0.9412E+01  0.6721E+02
  11.578  0.9140E+01  0.6730E+02
  11.588  0.8935E+01  0.6739E+02
  11.598  0.8629E+01  0.6748E+02
  11.608  0.8520E+01  0.6757E+02
  11.618  0.8646E+01  0.6765E+02
  11.628  0.8693E+01  0.6774E+02
  11.638  0.8454E+01  0.6782E+02
  11.648  0.8933E+01  0.6791E+02
  11.658  0.8402E+01  0.6800E+02
  11.668  0.8186E+01  0.6808E+02
  11.678  0.7858E+01  0.6816E+02
  11.688  0.7772E+01  0.6824E+02
  11.698  0.7669E+01  0.6832E+02
  11.708  0.7659E+01  0.6839E+02
  11.718  0.7732E+01  0.6847E+02
  11.728  0.7822E+01  0.6855E+02
  11.738  0.7855E+01  0.6863E+02
  11.748  0.7855E+01  0.6871E+02
  11.758  0.7900E+01  0.6878E+02
  11.768  0.7928E+01  0.6886E+02
  11.778  0.7963E+01  0.6894E+02
  11.788  0.7933E+01  0.6902E+02
  11.798  0.7777E+01  0.6910E+02
  11.808  0.7599E+01  0.6918E+02
  11.818  0.7390E+01  0.6925E+02
  11.828  0.7291E+01  0.6933E+02
  11.838  0.6843E+01  0.6940E+02
  11.848  0.6534E+01  0.6946E+02
  11.858  0.6175E+01  0.6953E+02
  11.868  0.5960E+01  0.6959E+02
  11.878  0.5860E+01  0.6965E+02
  11.888  0.5814E+01  0.6971E+02
  11.898  0.5878E+01  0.6976E+02
  11.908  0.6069E+01  0.6982E+02
  11.918  0.6358E+01  0.6989E+02
  11.928  0.6455E+01  0.6995E+02
  11.938  0.6505E+01  0.7001E+02
  11.948  0.6551E+01  0.7008E+02
  11.958  0.6528E+01  0.7015E+02
  11.968  0.6258E+01  0.7021E+02
  11.978  0.6412E+01  0.7027E+02
  11.988  0.6597E+01  0.7034E+02
  11.998  0.6962E+01  0.7041E+02
  12.008  0.7645E+01  0.7048E+02
  12.018  0.8069E+01  0.7056E+02
  12.028  0.8582E+01  0.7064E+02
  12.038  0.9102E+01  0.7073E+02
  12.048  0.9519E+01  0.7082E+02
  12.058  0.1004E+02  0.7092E+02
  12.068  0.1059E+02  0.7102E+02
  12.078  0.9940E+01  0.7113E+02
  12.088  0.9421E+01  0.7122E+02
  12.098  0.9077E+01  0.7132E+02
  12.108  0.8755E+01  0.7141E+02
  12.118  0.8430E+01  0.7149E+02
  12.128  0.8246E+01  0.7158E+02
  12.138  0.8051E+01  0.7166E+02
  12.148  0.7685E+01  0.7173E+02
  12.158  0.7563E+01  0.7181E+02
  12.168  0.7535E+01  0.7189E+02
  12.178  0.7482E+01  0.7196E+02
  12.188  0.7437E+01  0.7204E+02
  12.198  0.7418E+01  0.7211E+02
  12.208  0.7373E+01  0.7218E+02
  12.218  0.7537E+01  0.7226E+02
  12.228  0.7731E+01  0.7234E+02
  12.238  0.8007E+01  0.7241E+02
  12.248  0.8605E+01  0.7250E+02
  12.258  0.8697E+01  0.7258E+02
  12.268  0.8986E+01  0.7267E+02
  12.278  0.8690E+01  0.7276E+02
  12.288  0.8516E+01  0.7285E+02
  12.298  0.8704E+01  0.7293E+02
  12.308  0.8957E+01  0.7302E+02
  12.318  0.9202E+01  0.7311E+02
  12.328  0.9100E+01  0.7320E+02
  12.338  0.9774E+01  0.7330E+02
  12.348  0.9696E+01  0.7340E+02
  12.358  0.9470E+01  0.7349E+02
  12.368  0.8973E+01  0.7358E+02
  12.378  0.8634E+01  0.7367E+02
  12.388  0.8355E+01  0.7376E+02
  12.398  0.8191E+01  0.7384E+02
  12.408  0.8059E+01  0.7392E+02
  12.418  0.7944E+01  0.7400E+02
  12.428  0.8009E+01  0.7408E+02
  12.438  0.8121E+01  0.7416E+02
  12.448  0.8339E+01  0.7424E+02
  12.458  0.8591E+01  0.7433E+02
  12.468  0.8977E+01  0.7442E+02
  12.478  0.9441E+01  0.7451E+02
  12.488  0.9775E+01  0.7461E+02
  12.498  0.8425E+01  0.7470E+02
  12.508  0.8420E+01  0.7478E+02
  12.518  0.8344E+01  0.7486E+02
  12.528  0.8336E+01  0.7495E+02
  12.538  0.8247E+01  0.7503E+02
  12.548  0.7866E+01  0.7511E+02
  12.558  0.8154E+01  0.7519E+02
  12.568  0.7515E+01  0.7527E+02
  12.578  0.7383E+01  0.7534E+02
  12.588  0.7296E+01  0.7541E+02
  12.598  0.7211E+01  0.7549E+02
  12.608  0.7060E+01  0.7556E+02
  12.618  0.6979E+01  0.7563E+02
  12.628  0.7203E+01  0.7570E+02
  12.638  0.7522E+01  0.7577E+02
  12.648  0.7683E+01  0.7585E+02
  12.658  0.7999E+01  0.7593E+02
  12.668  0.7953E+01  0.7601E+02
  12.678  0.7973E+01  0.7608E+02
  12.688  0.7998E+01  0.7616E+02
  12.698  0.8056E+01  0.7624E+02
  12.708  0.8304E+01  0.7633E+02
  12.718  0.8189E+01  0.7641E+02
  12.728  0.8105E+01  0.7649E+02
  12.738  0.8116E+01  0.7657E+02
  12.748  0.8008E+01  0.7665E+02
  12.758  0.7686E+01  0.7673E+02
  12.768  0.7314E+01  0.7681E+02
  12.778  0.7154E+01  0.7688E+02
  12.788  0.7021E+01  0.7695E+02
  12.798  0.6873E+01  0.7702E+02
  12.808  0.6698E+01  0.7709E+02
  12.818  0.6510E+01  0.7715E+02
  12.828  0.6230E+01  0.7722E+02
  12.838  0.5953E+01  0.7728E+02
  12.848  0.5842E+01  0.7734E+02
  12.858  0.5286E+01  0.7739E+02
  12.868  0.4945E+01  0.7744E+02
  12.878  0.4706E+01  0.7749E+02
  12.888  0.4557E+01  0.7754E+02
  12.898  0.4493E+01  0.7758E+02
  12.908  0.4575E+01  0.7763E+02
  12.918  0.4716E+01  0.7767E+02
  12.928  0.4628E+01  0.7772E+02
  12.938  0.4707E+01  0.7777E+02
  12.948  0.4684E+01  0.7781E+02
  12.958  0.4758E+01  0.7786E+02
  12.968  0.4921E+01  0.7791E+02
  12.978  0.5156E+01  0.7796E+02
  12.988  0.5479E+01  0.7801E+02
  12.998  0.5771E+01  0.7807E+02
  13.008  0.6176E+01  0.7813E+02
  13.018  0.6771E+01  0.7819E+02
  13.028  0.6319E+01  0.7826E+02
  13.038  0.6187E+01  0.7832E+02
  13.048  0.6047E+01  0.7838E+02
  13.058  0.5904E+01  0.7844E+02
  13.068  0.5809E+01  0.7850E+02
  13.078  0.5446E+01  0.7856E+02
  13.088  0.5125E+01  0.7861E+02
  13.098  0.4905E+01  0.7866E+02
  13.108  0.4636E+01  0.7871E+02
  13.118  0.4437E+01  0.7875E+02
  13.128  0.4217E+01  0.7880E+02
  13.138  0.3986E+01  0.7884E+02
  13.148  0.3819E+01  0.7888E+02
  13.158  0.3657E+01  0.7891E+02
  13.168  0.3499E+01  0.7895E+02
  13.178  0.3362E+01  0.7898E+02
  13.188  0.3245E+01  0.7902E+02
  13.198  0.3140E+01  0.7905E+02
  13.208  0.3008E+01  0.7908E+02
  13.218  0.2945E+01  0.7911E+02
  13.228  0.2893E+01  0.7914E+02
  13.238  0.2868E+01  0.7917E+02
  13.248  0.2889E+01  0.7920E+02
  13.258  0.2920E+01  0.7923E+02
  13.268  0.2988E+01  0.7926E+02
  13.278  0.3025E+01  0.7929E+02
  13.288  0.3061E+01  0.7932E+02
  13.298  0.3058E+01  0.7935E+02
  13.308  0.3028E+01  0.7938E+02
  13.318  0.2987E+01  0.7941E+02
  13.328  0.2949E+01  0.7944E+02
  13.338  0.2916E+01  0.7947E+02
  13.348  0.2999E+01  0.7950E+02
  13.358  0.2935E+01  0.7953E+02
  13.368  0.2881E+01  0.7955E+02
  13.378  0.2826E+01  0.7958E+02
  13.388  0.2787E+01  0.7961E+02
  13.398  0.2752E+01  0.7964E+02
  13.408  0.2593E+01  0.7967E+02
  13.418  0.2419E+01  0.7969E+02
  13.428  0.2345E+01  0.7971E+02
  13.438  0.2135E+01  0.7974E+02
  13.448  0.1696E+01  0.7976E+02
  13.458  0.1344E+01  0.7977E+02
  13.468  0.1191E+01  0.7978E+02
  13.478  0.1096E+01  0.7979E+02
  13.488  0.1002E+01  0.7981E+02
  13.498  0.9242E+00  0.7981E+02
  13.508  0.8743E+00  0.7982E+02
  13.518  0.8355E+00  0.7983E+02
  13.528  0.8035E+00  0.7984E+02
  13.538  0.7726E+00  0.7985E+02
  13.548  0.7428E+00  0.7986E+02
  13.558  0.7140E+00  0.7986E+02
  13.568  0.6862E+00  0.7987E+02
  13.578  0.6595E+00  0.7988E+02
  13.588  0.6338E+00  0.7988E+02
  13.598  0.6091E+00  0.7989E+02
  13.608  0.5855E+00  0.7990E+02
  13.618  0.5629E+00  0.7990E+02
  13.628  0.5415E+00  0.7991E+02
  13.638  0.5212E+00  0.7991E+02
  13.648  0.5022E+00  0.7992E+02
  13.658  0.4844E+00  0.7992E+02
  13.668  0.4679E+00  0.7993E+02
  13.678  0.4528E+00  0.7993E+02
  13.688  0.4390E+00  0.7994E+02
  13.698  0.4264E+00  0.7994E+02
  13.708  0.4154E+00  0.7994E+02
  13.718  0.4061E+00  0.7995E+02
  13.728  0.3978E+00  0.7995E+02
  13.738  0.3900E+00  0.7996E+02
  13.748  0.3827E+00  0.7996E+02
  13.758  0.3769E+00  0.7996E+02
  13.768  0.3727E+00  0.7997E+02
  13.778  0.3701E+00  0.7997E+02
  13.788  0.3798E+00  0.7998E+02
  13.798  0.3766E+00  0.7998E+02
  13.808  0.3346E+00  0.7998E+02
  13.818  0.2839E+00  0.7999E+02
  13.828  0.2413E+00  0.7999E+02
  13.838  0.2070E+00  0.7999E+02
  13.848  0.1799E+00  0.7999E+02
  13.858  0.1538E+00  0.7999E+02
  13.868  0.1277E+00  0.8000E+02
  13.878  0.1020E+00  0.8000E+02
  13.888  0.7872E-01  0.8000E+02
  13.898  0.5847E-01  0.8000E+02
  13.908  0.4122E-01  0.8000E+02
  13.918  0.2698E-01  0.8000E+02
  13.928  0.1575E-01  0.8000E+02
  13.938  0.7522E-02  0.8000E+02
  13.948  0.2300E-02  0.8000E+02
  13.958  0.8449E-04  0.8000E+02
