#  E (eV)   dos(E)     Int dos(E) EFermi =    1.894 eV
 -11.422  0.0000E+00  0.0000E+00
 -11.412  0.1780E+00  0.5933E-03
 -11.402  0.7120E+00  0.4747E-02
 -11.392  0.1313E+01  0.1513E-01
 -11.382  0.1587E+01  0.2991E-01
 -11.372  0.1701E+01  0.4627E-01
 -11.362  0.1927E+01  0.6432E-01
 -11.352  0.2235E+01  0.8511E-01
 -11.342  0.2559E+01  0.1091E+00
 -11.332  0.2832E+01  0.1361E+00
 -11.322  0.3034E+01  0.1655E+00
 -11.312  0.3253E+01  0.1969E+00
 -11.302  0.3516E+01  0.2307E+00
 -11.292  0.3791E+01  0.2672E+00
 -11.282  0.4071E+01  0.3065E+00
 -11.272  0.4358E+01  0.3487E+00
 -11.262  0.4786E+01  0.3941E+00
 -11.252  0.5495E+01  0.4453E+00
 -11.242  0.6315E+01  0.5044E+00
 -11.232  0.7055E+01  0.5713E+00
 -11.222  0.7496E+01  0.6445E+00
 -11.212  0.7409E+01  0.7195E+00
 -11.202  0.7133E+01  0.7920E+00
 -11.192  0.7055E+01  0.8628E+00
 -11.182  0.7012E+01  0.9333E+00
 -11.172  0.6902E+01  0.1003E+01
 -11.162  0.6740E+01  0.1071E+01
 -11.152  0.6531E+01  0.1137E+01
 -11.142  0.6360E+01  0.1202E+01
 -11.132  0.6224E+01  0.1265E+01
 -11.122  0.6071E+01  0.1326E+01
 -11.112  0.5940E+01  0.1386E+01
 -11.102  0.5849E+01  0.1445E+01
 -11.092  0.5773E+01  0.1503E+01
 -11.082  0.5698E+01  0.1561E+01
 -11.072  0.5536E+01  0.1617E+01
 -11.062  0.5170E+01  0.1671E+01
 -11.052  0.4807E+01  0.1721E+01
 -11.042  0.4402E+01  0.1767E+01
 -11.032  0.3950E+01  0.1809E+01
 -11.022  0.3447E+01  0.1846E+01
 -11.012  0.2871E+01  0.1877E+01
 -11.002  0.2426E+01  0.1903E+01
 -10.992  0.2076E+01  0.1926E+01
 -10.982  0.1785E+01  0.1945E+01
 -10.972  0.1546E+01  0.1962E+01
 -10.962  0.1202E+01  0.1976E+01
 -10.952  0.9015E+00  0.1986E+01
 -10.942  0.6513E+00  0.1994E+01
 -10.932  0.2947E+00  0.1999E+01
 -10.922  0.5188E+02  0.2035E+01
 -10.912  0.4184E+02  0.2552E+01
 -10.902  0.3579E+02  0.2940E+01
 -10.892  0.3379E+02  0.3284E+01
 -10.882  0.2045E+02  0.3532E+01
 -10.872  0.2050E+02  0.3738E+01
 -10.862  0.2025E+02  0.3949E+01
 -10.852  0.1883E+02  0.4143E+01
 -10.842  0.1817E+02  0.4328E+01
 -10.832  0.1937E+02  0.4517E+01
 -10.822  0.1771E+02  0.4707E+01
 -10.812  0.1716E+02  0.4884E+01
 -10.802  0.1956E+02  0.5072E+01
 -10.792  0.1834E+02  0.5260E+01
 -10.782  0.1781E+02  0.5441E+01
 -10.772  0.2149E+02  0.5637E+01
 -10.762  0.2081E+02  0.5863E+01
 -10.752  0.5016E+01  0.5997E+01
 -10.742  0.0000E+00  0.6000E+01
 -10.732  0.0000E+00  0.6000E+01
 -10.722  0.0000E+00  0.6000E+01
 -10.712  0.0000E+00  0.6000E+01
 -10.702  0.0000E+00  0.6000E+01
 -10.692  0.0000E+00  0.6000E+01
 -10.682  0.0000E+00  0.6000E+01
 -10.672  0.0000E+00  0.6000E+01
 -10.662  0.0000E+00  0.6000E+01
 -10.652  0.0000E+00  0.6000E+01
 -10.642  0.0000E+00  0.6000E+01
 -10.632  0.0000E+00  0.6000E+01
 -10.622  0.0000E+00  0.6000E+01
 -10.612  0.0000E+00  0.6000E+01
 -10.602  0.0000E+00  0.6000E+01
 -10.592  0.0000E+00  0.6000E+01
 -10.582  0.0000E+00  0.6000E+01
 -10.572  0.0000E+00  0.6000E+01
 -10.562  0.0000E+00  0.6000E+01
 -10.552  0.0000E+00  0.6000E+01
 -10.542  0.0000E+00  0.6000E+01
 -10.532  0.0000E+00  0.6000E+01
 -10.522  0.0000E+00  0.6000E+01
 -10.512  0.0000E+00  0.6000E+01
 -10.502  0.0000E+00  0.6000E+01
 -10.492  0.0000E+00  0.6000E+01
 -10.482  0.0000E+00  0.6000E+01
 -10.472  0.0000E+00  0.6000E+01
 -10.462  0.0000E+00  0.6000E+01
 -10.452  0.0000E+00  0.6000E+01
 -10.442  0.0000E+00  0.6000E+01
 -10.432  0.0000E+00  0.6000E+01
 -10.422  0.0000E+00  0.6000E+01
 -10.412  0.0000E+00  0.6000E+01
 -10.402  0.0000E+00  0.6000E+01
 -10.392  0.0000E+00  0.6000E+01
 -10.382  0.0000E+00  0.6000E+01
 -10.372  0.0000E+00  0.6000E+01
 -10.362  0.0000E+00  0.6000E+01
 -10.352  0.0000E+00  0.6000E+01
 -10.342  0.0000E+00  0.6000E+01
 -10.332  0.0000E+00  0.6000E+01
 -10.322  0.0000E+00  0.6000E+01
 -10.312  0.0000E+00  0.6000E+01
 -10.302  0.0000E+00  0.6000E+01
 -10.292  0.0000E+00  0.6000E+01
 -10.282  0.0000E+00  0.6000E+01
 -10.272  0.0000E+00  0.6000E+01
 -10.262  0.0000E+00  0.6000E+01
 -10.252  0.0000E+00  0.6000E+01
 -10.242  0.0000E+00  0.6000E+01
 -10.232  0.0000E+00  0.6000E+01
 -10.222  0.0000E+00  0.6000E+01
 -10.212  0.0000E+00  0.6000E+01
 -10.202  0.0000E+00  0.6000E+01
 -10.192  0.0000E+00  0.6000E+01
 -10.182  0.0000E+00  0.6000E+01
 -10.172  0.0000E+00  0.6000E+01
 -10.162  0.0000E+00  0.6000E+01
 -10.152  0.0000E+00  0.6000E+01
 -10.142  0.0000E+00  0.6000E+01
 -10.132  0.0000E+00  0.6000E+01
 -10.122  0.0000E+00  0.6000E+01
 -10.112  0.0000E+00  0.6000E+01
 -10.102  0.0000E+00  0.6000E+01
 -10.092  0.0000E+00  0.6000E+01
 -10.082  0.0000E+00  0.6000E+01
 -10.072  0.0000E+00  0.6000E+01
 -10.062  0.0000E+00  0.6000E+01
 -10.052  0.0000E+00  0.6000E+01
 -10.042  0.0000E+00  0.6000E+01
 -10.032  0.0000E+00  0.6000E+01
 -10.022  0.0000E+00  0.6000E+01
 -10.012  0.0000E+00  0.6000E+01
 -10.002  0.0000E+00  0.6000E+01
  -9.992  0.0000E+00  0.6000E+01
  -9.982  0.0000E+00  0.6000E+01
  -9.972  0.0000E+00  0.6000E+01
  -9.962  0.0000E+00  0.6000E+01
  -9.952  0.0000E+00  0.6000E+01
  -9.942  0.0000E+00  0.6000E+01
  -9.932  0.0000E+00  0.6000E+01
  -9.922  0.0000E+00  0.6000E+01
  -9.912  0.0000E+00  0.6000E+01
  -9.902  0.0000E+00  0.6000E+01
  -9.892  0.0000E+00  0.6000E+01
  -9.882  0.0000E+00  0.6000E+01
  -9.872  0.0000E+00  0.6000E+01
  -9.862  0.0000E+00  0.6000E+01
  -9.852  0.0000E+00  0.6000E+01
  -9.842  0.0000E+00  0.6000E+01
  -9.832  0.0000E+00  0.6000E+01
  -9.822  0.0000E+00  0.6000E+01
  -9.812  0.0000E+00  0.6000E+01
  -9.802  0.0000E+00  0.6000E+01
  -9.792  0.0000E+00  0.6000E+01
  -9.782  0.0000E+00  0.6000E+01
  -9.772  0.0000E+00  0.6000E+01
  -9.762  0.0000E+00  0.6000E+01
  -9.752  0.0000E+00  0.6000E+01
  -9.742  0.0000E+00  0.6000E+01
  -9.732  0.0000E+00  0.6000E+01
  -9.722  0.0000E+00  0.6000E+01
  -9.712  0.0000E+00  0.6000E+01
  -9.702  0.0000E+00  0.6000E+01
  -9.692  0.0000E+00  0.6000E+01
  -9.682  0.0000E+00  0.6000E+01
  -9.672  0.0000E+00  0.6000E+01
  -9.662  0.0000E+00  0.6000E+01
  -9.652  0.0000E+00  0.6000E+01
  -9.642  0.0000E+00  0.6000E+01
  -9.632  0.0000E+00  0.6000E+01
  -9.622  0.0000E+00  0.6000E+01
  -9.612  0.0000E+00  0.6000E+01
  -9.602  0.0000E+00  0.6000E+01
  -9.592  0.0000E+00  0.6000E+01
  -9.582  0.0000E+00  0.6000E+01
  -9.572  0.0000E+00  0.6000E+01
  -9.562  0.0000E+00  0.6000E+01
  -9.552  0.0000E+00  0.6000E+01
  -9.542  0.0000E+00  0.6000E+01
  -9.532  0.0000E+00  0.6000E+01
  -9.522  0.0000E+00  0.6000E+01
  -9.512  0.0000E+00  0.6000E+01
  -9.502  0.0000E+00  0.6000E+01
  -9.492  0.0000E+00  0.6000E+01
  -9.482  0.0000E+00  0.6000E+01
  -9.472  0.0000E+00  0.6000E+01
  -9.462  0.0000E+00  0.6000E+01
  -9.452  0.0000E+00  0.6000E+01
  -9.442  0.0000E+00  0.6000E+01
  -9.432  0.0000E+00  0.6000E+01
  -9.422  0.0000E+00  0.6000E+01
  -9.412  0.0000E+00  0.6000E+01
  -9.402  0.0000E+00  0.6000E+01
  -9.392  0.0000E+00  0.6000E+01
  -9.382  0.0000E+00  0.6000E+01
  -9.372  0.0000E+00  0.6000E+01
  -9.362  0.0000E+00  0.6000E+01
  -9.352  0.0000E+00  0.6000E+01
  -9.342  0.0000E+00  0.6000E+01
  -9.332  0.0000E+00  0.6000E+01
  -9.322  0.0000E+00  0.6000E+01
  -9.312  0.0000E+00  0.6000E+01
  -9.302  0.0000E+00  0.6000E+01
  -9.292  0.0000E+00  0.6000E+01
  -9.282  0.0000E+00  0.6000E+01
  -9.272  0.0000E+00  0.6000E+01
  -9.262  0.0000E+00  0.6000E+01
  -9.252  0.0000E+00  0.6000E+01
  -9.242  0.0000E+00  0.6000E+01
  -9.232  0.0000E+00  0.6000E+01
  -9.222  0.0000E+00  0.6000E+01
  -9.212  0.0000E+00  0.6000E+01
  -9.202  0.0000E+00  0.6000E+01
  -9.192  0.0000E+00  0.6000E+01
  -9.182  0.0000E+00  0.6000E+01
  -9.172  0.0000E+00  0.6000E+01
  -9.162  0.0000E+00  0.6000E+01
  -9.152  0.0000E+00  0.6000E+01
  -9.142  0.0000E+00  0.6000E+01
  -9.132  0.0000E+00  0.6000E+01
  -9.122  0.0000E+00  0.6000E+01
  -9.112  0.0000E+00  0.6000E+01
  -9.102  0.0000E+00  0.6000E+01
  -9.092  0.0000E+00  0.6000E+01
  -9.082  0.0000E+00  0.6000E+01
  -9.072  0.0000E+00  0.6000E+01
  -9.062  0.0000E+00  0.6000E+01
  -9.052  0.0000E+00  0.6000E+01
  -9.042  0.0000E+00  0.6000E+01
  -9.032  0.0000E+00  0.6000E+01
  -9.022  0.0000E+00  0.6000E+01
  -9.012  0.0000E+00  0.6000E+01
  -9.002  0.0000E+00  0.6000E+01
  -8.992  0.0000E+00  0.6000E+01
  -8.982  0.0000E+00  0.6000E+01
  -8.972  0.0000E+00  0.6000E+01
  -8.962  0.0000E+00  0.6000E+01
  -8.952  0.0000E+00  0.6000E+01
  -8.942  0.0000E+00  0.6000E+01
  -8.932  0.0000E+00  0.6000E+01
  -8.922  0.0000E+00  0.6000E+01
  -8.912  0.0000E+00  0.6000E+01
  -8.902  0.0000E+00  0.6000E+01
  -8.892  0.0000E+00  0.6000E+01
  -8.882  0.0000E+00  0.6000E+01
  -8.872  0.0000E+00  0.6000E+01
  -8.862  0.0000E+00  0.6000E+01
  -8.852  0.0000E+00  0.6000E+01
  -8.842  0.0000E+00  0.6000E+01
  -8.832  0.0000E+00  0.6000E+01
  -8.822  0.0000E+00  0.6000E+01
  -8.812  0.0000E+00  0.6000E+01
  -8.802  0.0000E+00  0.6000E+01
  -8.792  0.0000E+00  0.6000E+01
  -8.782  0.0000E+00  0.6000E+01
  -8.772  0.0000E+00  0.6000E+01
  -8.762  0.0000E+00  0.6000E+01
  -8.752  0.0000E+00  0.6000E+01
  -8.742  0.0000E+00  0.6000E+01
  -8.732  0.0000E+00  0.6000E+01
  -8.722  0.0000E+00  0.6000E+01
  -8.712  0.0000E+00  0.6000E+01
  -8.702  0.0000E+00  0.6000E+01
  -8.692  0.0000E+00  0.6000E+01
  -8.682  0.0000E+00  0.6000E+01
  -8.672  0.0000E+00  0.6000E+01
  -8.662  0.0000E+00  0.6000E+01
  -8.652  0.0000E+00  0.6000E+01
  -8.642  0.0000E+00  0.6000E+01
  -8.632  0.0000E+00  0.6000E+01
  -8.622  0.0000E+00  0.6000E+01
  -8.612  0.0000E+00  0.6000E+01
  -8.602  0.0000E+00  0.6000E+01
  -8.592  0.0000E+00  0.6000E+01
  -8.582  0.0000E+00  0.6000E+01
  -8.572  0.0000E+00  0.6000E+01
  -8.562  0.0000E+00  0.6000E+01
  -8.552  0.0000E+00  0.6000E+01
  -8.542  0.0000E+00  0.6000E+01
  -8.532  0.0000E+00  0.6000E+01
  -8.522  0.0000E+00  0.6000E+01
  -8.512  0.0000E+00  0.6000E+01
  -8.502  0.0000E+00  0.6000E+01
  -8.492  0.0000E+00  0.6000E+01
  -8.482  0.0000E+00  0.6000E+01
  -8.472  0.0000E+00  0.6000E+01
  -8.462  0.0000E+00  0.6000E+01
  -8.452  0.0000E+00  0.6000E+01
  -8.442  0.0000E+00  0.6000E+01
  -8.432  0.0000E+00  0.6000E+01
  -8.422  0.0000E+00  0.6000E+01
  -8.412  0.0000E+00  0.6000E+01
  -8.402  0.0000E+00  0.6000E+01
  -8.392  0.0000E+00  0.6000E+01
  -8.382  0.0000E+00  0.6000E+01
  -8.372  0.0000E+00  0.6000E+01
  -8.362  0.0000E+00  0.6000E+01
  -8.352  0.0000E+00  0.6000E+01
  -8.342  0.0000E+00  0.6000E+01
  -8.332  0.0000E+00  0.6000E+01
  -8.322  0.0000E+00  0.6000E+01
  -8.312  0.0000E+00  0.6000E+01
  -8.302  0.0000E+00  0.6000E+01
  -8.292  0.0000E+00  0.6000E+01
  -8.282  0.0000E+00  0.6000E+01
  -8.272  0.0000E+00  0.6000E+01
  -8.262  0.0000E+00  0.6000E+01
  -8.252  0.0000E+00  0.6000E+01
  -8.242  0.0000E+00  0.6000E+01
  -8.232  0.0000E+00  0.6000E+01
  -8.222  0.0000E+00  0.6000E+01
  -8.212  0.0000E+00  0.6000E+01
  -8.202  0.0000E+00  0.6000E+01
  -8.192  0.0000E+00  0.6000E+01
  -8.182  0.0000E+00  0.6000E+01
  -8.172  0.0000E+00  0.6000E+01
  -8.162  0.0000E+00  0.6000E+01
  -8.152  0.0000E+00  0.6000E+01
  -8.142  0.0000E+00  0.6000E+01
  -8.132  0.0000E+00  0.6000E+01
  -8.122  0.0000E+00  0.6000E+01
  -8.112  0.0000E+00  0.6000E+01
  -8.102  0.0000E+00  0.6000E+01
  -8.092  0.0000E+00  0.6000E+01
  -8.082  0.0000E+00  0.6000E+01
  -8.072  0.0000E+00  0.6000E+01
  -8.062  0.0000E+00  0.6000E+01
  -8.052  0.0000E+00  0.6000E+01
  -8.042  0.0000E+00  0.6000E+01
  -8.032  0.0000E+00  0.6000E+01
  -8.022  0.0000E+00  0.6000E+01
  -8.012  0.0000E+00  0.6000E+01
  -8.002  0.0000E+00  0.6000E+01
  -7.992  0.0000E+00  0.6000E+01
  -7.982  0.0000E+00  0.6000E+01
  -7.972  0.0000E+00  0.6000E+01
  -7.962  0.0000E+00  0.6000E+01
  -7.952  0.0000E+00  0.6000E+01
  -7.942  0.0000E+00  0.6000E+01
  -7.932  0.0000E+00  0.6000E+01
  -7.922  0.0000E+00  0.6000E+01
  -7.912  0.0000E+00  0.6000E+01
  -7.902  0.0000E+00  0.6000E+01
  -7.892  0.0000E+00  0.6000E+01
  -7.882  0.0000E+00  0.6000E+01
  -7.872  0.0000E+00  0.6000E+01
  -7.862  0.0000E+00  0.6000E+01
  -7.852  0.0000E+00  0.6000E+01
  -7.842  0.2216E-02  0.6000E+01
  -7.832  0.1413E-01  0.6000E+01
  -7.822  0.3635E-01  0.6000E+01
  -7.812  0.6887E-01  0.6001E+01
  -7.802  0.1117E+00  0.6002E+01
  -7.792  0.1648E+00  0.6003E+01
  -7.782  0.2283E+00  0.6005E+01
  -7.772  0.2958E+00  0.6008E+01
  -7.762  0.3548E+00  0.6011E+01
  -7.752  0.4050E+00  0.6015E+01
  -7.742  0.4465E+00  0.6019E+01
  -7.732  0.4792E+00  0.6024E+01
  -7.722  0.5031E+00  0.6029E+01
  -7.712  0.5185E+00  0.6034E+01
  -7.702  0.5333E+00  0.6039E+01
  -7.692  0.5514E+00  0.6044E+01
  -7.682  0.5729E+00  0.6050E+01
  -7.672  0.5977E+00  0.6056E+01
  -7.662  0.6259E+00  0.6062E+01
  -7.652  0.6574E+00  0.6068E+01
  -7.642  0.6915E+00  0.6075E+01
  -7.632  0.7264E+00  0.6082E+01
  -7.622  0.7620E+00  0.6090E+01
  -7.612  0.7983E+00  0.6097E+01
  -7.602  0.8349E+00  0.6106E+01
  -7.592  0.8710E+00  0.6114E+01
  -7.582  0.9065E+00  0.6123E+01
  -7.572  0.9416E+00  0.6132E+01
  -7.562  0.9761E+00  0.6142E+01
  -7.552  0.1010E+01  0.6152E+01
  -7.542  0.1044E+01  0.6162E+01
  -7.532  0.1080E+01  0.6173E+01
  -7.522  0.1116E+01  0.6184E+01
  -7.512  0.1154E+01  0.6195E+01
  -7.502  0.1193E+01  0.6207E+01
  -7.492  0.1232E+01  0.6219E+01
  -7.482  0.1273E+01  0.6231E+01
  -7.472  0.1313E+01  0.6244E+01
  -7.462  0.1355E+01  0.6258E+01
  -7.452  0.1396E+01  0.6271E+01
  -7.442  0.1439E+01  0.6286E+01
  -7.432  0.1481E+01  0.6300E+01
  -7.422  0.1526E+01  0.6315E+01
  -7.412  0.1584E+01  0.6331E+01
  -7.402  0.1659E+01  0.6347E+01
  -7.392  0.1751E+01  0.6364E+01
  -7.382  0.1860E+01  0.6382E+01
  -7.372  0.1986E+01  0.6401E+01
  -7.362  0.2129E+01  0.6422E+01
  -7.352  0.2278E+01  0.6444E+01
  -7.342  0.2423E+01  0.6467E+01
  -7.332  0.2545E+01  0.6492E+01
  -7.322  0.2634E+01  0.6518E+01
  -7.312  0.2689E+01  0.6545E+01
  -7.302  0.2711E+01  0.6572E+01
  -7.292  0.2702E+01  0.6599E+01
  -7.282  0.2665E+01  0.6626E+01
  -7.272  0.2619E+01  0.6652E+01
  -7.262  0.2583E+01  0.6678E+01
  -7.252  0.2557E+01  0.6704E+01
  -7.242  0.2541E+01  0.6729E+01
  -7.232  0.2536E+01  0.6755E+01
  -7.222  0.2540E+01  0.6780E+01
  -7.212  0.2550E+01  0.6806E+01
  -7.202  0.2559E+01  0.6831E+01
  -7.192  0.2566E+01  0.6857E+01
  -7.182  0.2570E+01  0.6882E+01
  -7.172  0.2570E+01  0.6908E+01
  -7.162  0.2568E+01  0.6934E+01
  -7.152  0.2563E+01  0.6959E+01
  -7.142  0.2554E+01  0.6985E+01
  -7.132  0.2543E+01  0.7011E+01
  -7.122  0.2530E+01  0.7036E+01
  -7.112  0.2516E+01  0.7061E+01
  -7.102  0.2502E+01  0.7086E+01
  -7.092  0.2489E+01  0.7111E+01
  -7.082  0.2477E+01  0.7136E+01
  -7.072  0.2465E+01  0.7161E+01
  -7.062  0.2453E+01  0.7185E+01
  -7.052  0.2441E+01  0.7210E+01
  -7.042  0.2428E+01  0.7234E+01
  -7.032  0.2413E+01  0.7258E+01
  -7.022  0.2398E+01  0.7282E+01
  -7.012  0.2386E+01  0.7306E+01
  -7.002  0.2380E+01  0.7330E+01
  -6.992  0.2380E+01  0.7354E+01
  -6.982  0.2386E+01  0.7378E+01
  -6.972  0.2398E+01  0.7402E+01
  -6.962  0.2415E+01  0.7426E+01
  -6.952  0.2436E+01  0.7450E+01
  -6.942  0.2459E+01  0.7474E+01
  -6.932  0.2469E+01  0.7499E+01
  -6.922  0.2455E+01  0.7524E+01
  -6.912  0.2417E+01  0.7548E+01
  -6.902  0.2356E+01  0.7572E+01
  -6.892  0.2271E+01  0.7595E+01
  -6.882  0.2162E+01  0.7617E+01
  -6.872  0.2037E+01  0.7638E+01
  -6.862  0.1904E+01  0.7658E+01
  -6.852  0.1772E+01  0.7676E+01
  -6.842  0.1654E+01  0.7694E+01
  -6.832  0.1552E+01  0.7710E+01
  -6.822  0.1465E+01  0.7725E+01
  -6.812  0.1393E+01  0.7739E+01
  -6.802  0.1336E+01  0.7753E+01
  -6.792  0.1289E+01  0.7766E+01
  -6.782  0.1242E+01  0.7778E+01
  -6.772  0.1196E+01  0.7791E+01
  -6.762  0.1151E+01  0.7802E+01
  -6.752  0.1106E+01  0.7814E+01
  -6.742  0.1062E+01  0.7824E+01
  -6.732  0.1018E+01  0.7835E+01
  -6.722  0.9741E+00  0.7845E+01
  -6.712  0.9323E+00  0.7854E+01
  -6.702  0.8920E+00  0.7863E+01
  -6.692  0.8534E+00  0.7872E+01
  -6.682  0.8164E+00  0.7880E+01
  -6.672  0.7809E+00  0.7888E+01
  -6.662  0.7470E+00  0.7896E+01
  -6.652  0.7148E+00  0.7903E+01
  -6.642  0.6841E+00  0.7910E+01
  -6.632  0.6546E+00  0.7917E+01
  -6.622  0.6258E+00  0.7923E+01
  -6.612  0.5980E+00  0.7930E+01
  -6.602  0.5717E+00  0.7935E+01
  -6.592  0.5468E+00  0.7941E+01
  -6.582  0.5233E+00  0.7946E+01
  -6.572  0.5013E+00  0.7951E+01
  -6.562  0.4807E+00  0.7956E+01
  -6.552  0.4615E+00  0.7961E+01
  -6.542  0.4438E+00  0.7966E+01
  -6.532  0.4257E+00  0.7970E+01
  -6.522  0.4045E+00  0.7974E+01
  -6.512  0.3803E+00  0.7978E+01
  -6.502  0.3531E+00  0.7982E+01
  -6.492  0.3228E+00  0.7985E+01
  -6.482  0.2895E+00  0.7988E+01
  -6.472  0.2532E+00  0.7991E+01
  -6.462  0.2138E+00  0.7993E+01
  -6.452  0.1719E+00  0.7995E+01
  -6.442  0.1336E+00  0.7997E+01
  -6.432  0.1001E+00  0.7998E+01
  -6.422  0.7142E-01  0.7999E+01
  -6.412  0.4758E-01  0.7999E+01
  -6.402  0.2855E-01  0.8000E+01
  -6.392  0.1436E-01  0.8000E+01
  -6.382  0.4999E-02  0.8000E+01
  -6.372  0.4652E-03  0.8000E+01
  -6.362  0.0000E+00  0.8000E+01
  -6.352  0.0000E+00  0.8000E+01
  -6.342  0.0000E+00  0.8000E+01
  -6.332  0.0000E+00  0.8000E+01
  -6.322  0.0000E+00  0.8000E+01
  -6.312  0.0000E+00  0.8000E+01
  -6.302  0.0000E+00  0.8000E+01
  -6.292  0.0000E+00  0.8000E+01
  -6.282  0.0000E+00  0.8000E+01
  -6.272  0.0000E+00  0.8000E+01
  -6.262  0.0000E+00  0.8000E+01
  -6.252  0.0000E+00  0.8000E+01
  -6.242  0.0000E+00  0.8000E+01
  -6.232  0.0000E+00  0.8000E+01
  -6.222  0.0000E+00  0.8000E+01
  -6.212  0.0000E+00  0.8000E+01
  -6.202  0.0000E+00  0.8000E+01
  -6.192  0.0000E+00  0.8000E+01
  -6.182  0.0000E+00  0.8000E+01
  -6.172  0.0000E+00  0.8000E+01
  -6.162  0.0000E+00  0.8000E+01
  -6.152  0.0000E+00  0.8000E+01
  -6.142  0.0000E+00  0.8000E+01
  -6.132  0.0000E+00  0.8000E+01
  -6.122  0.0000E+00  0.8000E+01
  -6.112  0.0000E+00  0.8000E+01
  -6.102  0.0000E+00  0.8000E+01
  -6.092  0.0000E+00  0.8000E+01
  -6.082  0.0000E+00  0.8000E+01
  -6.072  0.0000E+00  0.8000E+01
  -6.062  0.0000E+00  0.8000E+01
  -6.052  0.0000E+00  0.8000E+01
  -6.042  0.0000E+00  0.8000E+01
  -6.032  0.0000E+00  0.8000E+01
  -6.022  0.0000E+00  0.8000E+01
  -6.012  0.0000E+00  0.8000E+01
  -6.002  0.0000E+00  0.8000E+01
  -5.992  0.0000E+00  0.8000E+01
  -5.982  0.0000E+00  0.8000E+01
  -5.972  0.0000E+00  0.8000E+01
  -5.962  0.0000E+00  0.8000E+01
  -5.952  0.0000E+00  0.8000E+01
  -5.942  0.0000E+00  0.8000E+01
  -5.932  0.0000E+00  0.8000E+01
  -5.922  0.0000E+00  0.8000E+01
  -5.912  0.0000E+00  0.8000E+01
  -5.902  0.0000E+00  0.8000E+01
  -5.892  0.0000E+00  0.8000E+01
  -5.882  0.0000E+00  0.8000E+01
  -5.872  0.0000E+00  0.8000E+01
  -5.862  0.0000E+00  0.8000E+01
  -5.852  0.0000E+00  0.8000E+01
  -5.842  0.0000E+00  0.8000E+01
  -5.832  0.0000E+00  0.8000E+01
  -5.822  0.0000E+00  0.8000E+01
  -5.812  0.0000E+00  0.8000E+01
  -5.802  0.0000E+00  0.8000E+01
  -5.792  0.0000E+00  0.8000E+01
  -5.782  0.0000E+00  0.8000E+01
  -5.772  0.0000E+00  0.8000E+01
  -5.762  0.0000E+00  0.8000E+01
  -5.752  0.0000E+00  0.8000E+01
  -5.742  0.0000E+00  0.8000E+01
  -5.732  0.0000E+00  0.8000E+01
  -5.722  0.0000E+00  0.8000E+01
  -5.712  0.0000E+00  0.8000E+01
  -5.702  0.0000E+00  0.8000E+01
  -5.692  0.0000E+00  0.8000E+01
  -5.682  0.0000E+00  0.8000E+01
  -5.672  0.0000E+00  0.8000E+01
  -5.662  0.0000E+00  0.8000E+01
  -5.652  0.0000E+00  0.8000E+01
  -5.642  0.0000E+00  0.8000E+01
  -5.632  0.0000E+00  0.8000E+01
  -5.622  0.0000E+00  0.8000E+01
  -5.612  0.0000E+00  0.8000E+01
  -5.602  0.0000E+00  0.8000E+01
  -5.592  0.0000E+00  0.8000E+01
  -5.582  0.0000E+00  0.8000E+01
  -5.572  0.0000E+00  0.8000E+01
  -5.562  0.0000E+00  0.8000E+01
  -5.552  0.0000E+00  0.8000E+01
  -5.542  0.0000E+00  0.8000E+01
  -5.532  0.0000E+00  0.8000E+01
  -5.522  0.0000E+00  0.8000E+01
  -5.512  0.0000E+00  0.8000E+01
  -5.502  0.0000E+00  0.8000E+01
  -5.492  0.0000E+00  0.8000E+01
  -5.482  0.0000E+00  0.8000E+01
  -5.472  0.0000E+00  0.8000E+01
  -5.462  0.0000E+00  0.8000E+01
  -5.452  0.0000E+00  0.8000E+01
  -5.442  0.0000E+00  0.8000E+01
  -5.432  0.0000E+00  0.8000E+01
  -5.422  0.0000E+00  0.8000E+01
  -5.412  0.0000E+00  0.8000E+01
  -5.402  0.0000E+00  0.8000E+01
  -5.392  0.0000E+00  0.8000E+01
  -5.382  0.0000E+00  0.8000E+01
  -5.372  0.0000E+00  0.8000E+01
  -5.362  0.0000E+00  0.8000E+01
  -5.352  0.0000E+00  0.8000E+01
  -5.342  0.0000E+00  0.8000E+01
  -5.332  0.0000E+00  0.8000E+01
  -5.322  0.0000E+00  0.8000E+01
  -5.312  0.0000E+00  0.8000E+01
  -5.302  0.0000E+00  0.8000E+01
  -5.292  0.0000E+00  0.8000E+01
  -5.282  0.0000E+00  0.8000E+01
  -5.272  0.0000E+00  0.8000E+01
  -5.262  0.0000E+00  0.8000E+01
  -5.252  0.0000E+00  0.8000E+01
  -5.242  0.0000E+00  0.8000E+01
  -5.232  0.0000E+00  0.8000E+01
  -5.222  0.0000E+00  0.8000E+01
  -5.212  0.0000E+00  0.8000E+01
  -5.202  0.0000E+00  0.8000E+01
  -5.192  0.0000E+00  0.8000E+01
  -5.182  0.0000E+00  0.8000E+01
  -5.172  0.0000E+00  0.8000E+01
  -5.162  0.0000E+00  0.8000E+01
  -5.152  0.0000E+00  0.8000E+01
  -5.142  0.0000E+00  0.8000E+01
  -5.132  0.0000E+00  0.8000E+01
  -5.122  0.0000E+00  0.8000E+01
  -5.112  0.0000E+00  0.8000E+01
  -5.102  0.0000E+00  0.8000E+01
  -5.092  0.0000E+00  0.8000E+01
  -5.082  0.0000E+00  0.8000E+01
  -5.072  0.0000E+00  0.8000E+01
  -5.062  0.0000E+00  0.8000E+01
  -5.052  0.0000E+00  0.8000E+01
  -5.042  0.0000E+00  0.8000E+01
  -5.032  0.0000E+00  0.8000E+01
  -5.022  0.0000E+00  0.8000E+01
  -5.012  0.0000E+00  0.8000E+01
  -5.002  0.0000E+00  0.8000E+01
  -4.992  0.0000E+00  0.8000E+01
  -4.982  0.0000E+00  0.8000E+01
  -4.972  0.0000E+00  0.8000E+01
  -4.962  0.0000E+00  0.8000E+01
  -4.952  0.0000E+00  0.8000E+01
  -4.942  0.0000E+00  0.8000E+01
  -4.932  0.0000E+00  0.8000E+01
  -4.922  0.0000E+00  0.8000E+01
  -4.912  0.0000E+00  0.8000E+01
  -4.902  0.0000E+00  0.8000E+01
  -4.892  0.0000E+00  0.8000E+01
  -4.882  0.0000E+00  0.8000E+01
  -4.872  0.0000E+00  0.8000E+01
  -4.862  0.0000E+00  0.8000E+01
  -4.852  0.0000E+00  0.8000E+01
  -4.842  0.0000E+00  0.8000E+01
  -4.832  0.0000E+00  0.8000E+01
  -4.822  0.0000E+00  0.8000E+01
  -4.812  0.0000E+00  0.8000E+01
  -4.802  0.0000E+00  0.8000E+01
  -4.792  0.0000E+00  0.8000E+01
  -4.782  0.0000E+00  0.8000E+01
  -4.772  0.0000E+00  0.8000E+01
  -4.762  0.0000E+00  0.8000E+01
  -4.752  0.0000E+00  0.8000E+01
  -4.742  0.0000E+00  0.8000E+01
  -4.732  0.0000E+00  0.8000E+01
  -4.722  0.0000E+00  0.8000E+01
  -4.712  0.0000E+00  0.8000E+01
  -4.702  0.0000E+00  0.8000E+01
  -4.692  0.0000E+00  0.8000E+01
  -4.682  0.0000E+00  0.8000E+01
  -4.672  0.0000E+00  0.8000E+01
  -4.662  0.0000E+00  0.8000E+01
  -4.652  0.0000E+00  0.8000E+01
  -4.642  0.0000E+00  0.8000E+01
  -4.632  0.0000E+00  0.8000E+01
  -4.622  0.0000E+00  0.8000E+01
  -4.612  0.0000E+00  0.8000E+01
  -4.602  0.0000E+00  0.8000E+01
  -4.592  0.0000E+00  0.8000E+01
  -4.582  0.0000E+00  0.8000E+01
  -4.572  0.0000E+00  0.8000E+01
  -4.562  0.0000E+00  0.8000E+01
  -4.552  0.0000E+00  0.8000E+01
  -4.542  0.0000E+00  0.8000E+01
  -4.532  0.0000E+00  0.8000E+01
  -4.522  0.0000E+00  0.8000E+01
  -4.512  0.0000E+00  0.8000E+01
  -4.502  0.0000E+00  0.8000E+01
  -4.492  0.0000E+00  0.8000E+01
  -4.482  0.0000E+00  0.8000E+01
  -4.472  0.0000E+00  0.8000E+01
  -4.462  0.0000E+00  0.8000E+01
  -4.452  0.0000E+00  0.8000E+01
  -4.442  0.0000E+00  0.8000E+01
  -4.432  0.0000E+00  0.8000E+01
  -4.422  0.0000E+00  0.8000E+01
  -4.412  0.0000E+00  0.8000E+01
  -4.402  0.0000E+00  0.8000E+01
  -4.392  0.0000E+00  0.8000E+01
  -4.382  0.0000E+00  0.8000E+01
  -4.372  0.0000E+00  0.8000E+01
  -4.362  0.0000E+00  0.8000E+01
  -4.352  0.0000E+00  0.8000E+01
  -4.342  0.0000E+00  0.8000E+01
  -4.332  0.0000E+00  0.8000E+01
  -4.322  0.0000E+00  0.8000E+01
  -4.312  0.0000E+00  0.8000E+01
  -4.302  0.0000E+00  0.8000E+01
  -4.292  0.0000E+00  0.8000E+01
  -4.282  0.0000E+00  0.8000E+01
  -4.272  0.0000E+00  0.8000E+01
  -4.262  0.0000E+00  0.8000E+01
  -4.252  0.0000E+00  0.8000E+01
  -4.242  0.0000E+00  0.8000E+01
  -4.232  0.0000E+00  0.8000E+01
  -4.222  0.0000E+00  0.8000E+01
  -4.212  0.0000E+00  0.8000E+01
  -4.202  0.0000E+00  0.8000E+01
  -4.192  0.0000E+00  0.8000E+01
  -4.182  0.0000E+00  0.8000E+01
  -4.172  0.0000E+00  0.8000E+01
  -4.162  0.0000E+00  0.8000E+01
  -4.152  0.0000E+00  0.8000E+01
  -4.142  0.0000E+00  0.8000E+01
  -4.132  0.0000E+00  0.8000E+01
  -4.122  0.0000E+00  0.8000E+01
  -4.112  0.0000E+00  0.8000E+01
  -4.102  0.0000E+00  0.8000E+01
  -4.092  0.0000E+00  0.8000E+01
  -4.082  0.0000E+00  0.8000E+01
  -4.072  0.0000E+00  0.8000E+01
  -4.062  0.0000E+00  0.8000E+01
  -4.052  0.0000E+00  0.8000E+01
  -4.042  0.0000E+00  0.8000E+01
  -4.032  0.0000E+00  0.8000E+01
  -4.022  0.0000E+00  0.8000E+01
  -4.012  0.0000E+00  0.8000E+01
  -4.002  0.0000E+00  0.8000E+01
  -3.992  0.0000E+00  0.8000E+01
  -3.982  0.0000E+00  0.8000E+01
  -3.972  0.0000E+00  0.8000E+01
  -3.962  0.0000E+00  0.8000E+01
  -3.952  0.0000E+00  0.8000E+01
  -3.942  0.0000E+00  0.8000E+01
  -3.932  0.0000E+00  0.8000E+01
  -3.922  0.0000E+00  0.8000E+01
  -3.912  0.0000E+00  0.8000E+01
  -3.902  0.0000E+00  0.8000E+01
  -3.892  0.0000E+00  0.8000E+01
  -3.882  0.0000E+00  0.8000E+01
  -3.872  0.0000E+00  0.8000E+01
  -3.862  0.0000E+00  0.8000E+01
  -3.852  0.0000E+00  0.8000E+01
  -3.842  0.0000E+00  0.8000E+01
  -3.832  0.0000E+00  0.8000E+01
  -3.822  0.0000E+00  0.8000E+01
  -3.812  0.0000E+00  0.8000E+01
  -3.802  0.0000E+00  0.8000E+01
  -3.792  0.0000E+00  0.8000E+01
  -3.782  0.0000E+00  0.8000E+01
  -3.772  0.0000E+00  0.8000E+01
  -3.762  0.0000E+00  0.8000E+01
  -3.752  0.0000E+00  0.8000E+01
  -3.742  0.0000E+00  0.8000E+01
  -3.732  0.0000E+00  0.8000E+01
  -3.722  0.0000E+00  0.8000E+01
  -3.712  0.0000E+00  0.8000E+01
  -3.702  0.0000E+00  0.8000E+01
  -3.692  0.0000E+00  0.8000E+01
  -3.682  0.0000E+00  0.8000E+01
  -3.672  0.0000E+00  0.8000E+01
  -3.662  0.0000E+00  0.8000E+01
  -3.652  0.0000E+00  0.8000E+01
  -3.642  0.0000E+00  0.8000E+01
  -3.632  0.0000E+00  0.8000E+01
  -3.622  0.0000E+00  0.8000E+01
  -3.612  0.0000E+00  0.8000E+01
  -3.602  0.0000E+00  0.8000E+01
  -3.592  0.0000E+00  0.8000E+01
  -3.582  0.0000E+00  0.8000E+01
  -3.572  0.0000E+00  0.8000E+01
  -3.562  0.0000E+00  0.8000E+01
  -3.552  0.0000E+00  0.8000E+01
  -3.542  0.0000E+00  0.8000E+01
  -3.532  0.0000E+00  0.8000E+01
  -3.522  0.0000E+00  0.8000E+01
  -3.512  0.0000E+00  0.8000E+01
  -3.502  0.0000E+00  0.8000E+01
  -3.492  0.0000E+00  0.8000E+01
  -3.482  0.0000E+00  0.8000E+01
  -3.472  0.0000E+00  0.8000E+01
  -3.462  0.0000E+00  0.8000E+01
  -3.452  0.0000E+00  0.8000E+01
  -3.442  0.0000E+00  0.8000E+01
  -3.432  0.0000E+00  0.8000E+01
  -3.422  0.0000E+00  0.8000E+01
  -3.412  0.0000E+00  0.8000E+01
  -3.402  0.0000E+00  0.8000E+01
  -3.392  0.0000E+00  0.8000E+01
  -3.382  0.0000E+00  0.8000E+01
  -3.372  0.0000E+00  0.8000E+01
  -3.362  0.0000E+00  0.8000E+01
  -3.352  0.0000E+00  0.8000E+01
  -3.342  0.0000E+00  0.8000E+01
  -3.332  0.0000E+00  0.8000E+01
  -3.322  0.0000E+00  0.8000E+01
  -3.312  0.0000E+00  0.8000E+01
  -3.302  0.0000E+00  0.8000E+01
  -3.292  0.0000E+00  0.8000E+01
  -3.282  0.0000E+00  0.8000E+01
  -3.272  0.0000E+00  0.8000E+01
  -3.262  0.0000E+00  0.8000E+01
  -3.252  0.0000E+00  0.8000E+01
  -3.242  0.0000E+00  0.8000E+01
  -3.232  0.0000E+00  0.8000E+01
  -3.222  0.0000E+00  0.8000E+01
  -3.212  0.0000E+00  0.8000E+01
  -3.202  0.0000E+00  0.8000E+01
  -3.192  0.0000E+00  0.8000E+01
  -3.182  0.0000E+00  0.8000E+01
  -3.172  0.0000E+00  0.8000E+01
  -3.162  0.0000E+00  0.8000E+01
  -3.152  0.0000E+00  0.8000E+01
  -3.142  0.0000E+00  0.8000E+01
  -3.132  0.0000E+00  0.8000E+01
  -3.122  0.0000E+00  0.8000E+01
  -3.112  0.0000E+00  0.8000E+01
  -3.102  0.0000E+00  0.8000E+01
  -3.092  0.0000E+00  0.8000E+01
  -3.082  0.0000E+00  0.8000E+01
  -3.072  0.0000E+00  0.8000E+01
  -3.062  0.0000E+00  0.8000E+01
  -3.052  0.0000E+00  0.8000E+01
  -3.042  0.0000E+00  0.8000E+01
  -3.032  0.0000E+00  0.8000E+01
  -3.022  0.0000E+00  0.8000E+01
  -3.012  0.0000E+00  0.8000E+01
  -3.002  0.0000E+00  0.8000E+01
  -2.992  0.0000E+00  0.8000E+01
  -2.982  0.0000E+00  0.8000E+01
  -2.972  0.0000E+00  0.8000E+01
  -2.962  0.0000E+00  0.8000E+01
  -2.952  0.0000E+00  0.8000E+01
  -2.942  0.0000E+00  0.8000E+01
  -2.932  0.0000E+00  0.8000E+01
  -2.922  0.0000E+00  0.8000E+01
  -2.912  0.0000E+00  0.8000E+01
  -2.902  0.0000E+00  0.8000E+01
  -2.892  0.0000E+00  0.8000E+01
  -2.882  0.0000E+00  0.8000E+01
  -2.872  0.0000E+00  0.8000E+01
  -2.862  0.0000E+00  0.8000E+01
  -2.852  0.0000E+00  0.8000E+01
  -2.842  0.0000E+00  0.8000E+01
  -2.832  0.0000E+00  0.8000E+01
  -2.822  0.0000E+00  0.8000E+01
  -2.812  0.0000E+00  0.8000E+01
  -2.802  0.0000E+00  0.8000E+01
  -2.792  0.0000E+00  0.8000E+01
  -2.782  0.0000E+00  0.8000E+01
  -2.772  0.0000E+00  0.8000E+01
  -2.762  0.0000E+00  0.8000E+01
  -2.752  0.0000E+00  0.8000E+01
  -2.742  0.0000E+00  0.8000E+01
  -2.732  0.0000E+00  0.8000E+01
  -2.722  0.0000E+00  0.8000E+01
  -2.712  0.0000E+00  0.8000E+01
  -2.702  0.0000E+00  0.8000E+01
  -2.692  0.0000E+00  0.8000E+01
  -2.682  0.0000E+00  0.8000E+01
  -2.672  0.0000E+00  0.8000E+01
  -2.662  0.0000E+00  0.8000E+01
  -2.652  0.0000E+00  0.8000E+01
  -2.642  0.0000E+00  0.8000E+01
  -2.632  0.0000E+00  0.8000E+01
  -2.622  0.2765E+00  0.8001E+01
  -2.612  0.1274E+01  0.8008E+01
  -2.602  0.1267E+01  0.8022E+01
  -2.592  0.1307E+01  0.8034E+01
  -2.582  0.1557E+01  0.8049E+01
  -2.572  0.1831E+01  0.8066E+01
  -2.562  0.2111E+01  0.8085E+01
  -2.552  0.2441E+01  0.8108E+01
  -2.542  0.2790E+01  0.8134E+01
  -2.532  0.3344E+01  0.8164E+01
  -2.522  0.4493E+01  0.8203E+01
  -2.512  0.4589E+01  0.8249E+01
  -2.502  0.4218E+01  0.8293E+01
  -2.492  0.4550E+01  0.8336E+01
  -2.482  0.4850E+01  0.8384E+01
  -2.472  0.5111E+01  0.8433E+01
  -2.462  0.5330E+01  0.8486E+01
  -2.452  0.5516E+01  0.8540E+01
  -2.442  0.5679E+01  0.8596E+01
  -2.432  0.5957E+01  0.8654E+01
  -2.422  0.6118E+01  0.8714E+01
  -2.412  0.6271E+01  0.8776E+01
  -2.402  0.6428E+01  0.8840E+01
  -2.392  0.6524E+01  0.8905E+01
  -2.382  0.6546E+01  0.8970E+01
  -2.372  0.6524E+01  0.9035E+01
  -2.362  0.6447E+01  0.9100E+01
  -2.352  0.6305E+01  0.9164E+01
  -2.342  0.6113E+01  0.9226E+01
  -2.332  0.5900E+01  0.9286E+01
  -2.322  0.5714E+01  0.9344E+01
  -2.312  0.5673E+01  0.9401E+01
  -2.302  0.5461E+01  0.9457E+01
  -2.292  0.5028E+01  0.9510E+01
  -2.282  0.4631E+01  0.9558E+01
  -2.272  0.4265E+01  0.9603E+01
  -2.262  0.3811E+01  0.9643E+01
  -2.252  0.3390E+01  0.9679E+01
  -2.242  0.3209E+01  0.9712E+01
  -2.232  0.3089E+01  0.9743E+01
  -2.222  0.2980E+01  0.9774E+01
  -2.212  0.2875E+01  0.9803E+01
  -2.202  0.2761E+01  0.9831E+01
  -2.192  0.2649E+01  0.9858E+01
  -2.182  0.2580E+01  0.9884E+01
  -2.172  0.2560E+01  0.9910E+01
  -2.162  0.2555E+01  0.9935E+01
  -2.152  0.2551E+01  0.9961E+01
  -2.142  0.2546E+01  0.9986E+01
  -2.132  0.2542E+01  0.1001E+02
  -2.122  0.2538E+01  0.1004E+02
  -2.112  0.2533E+01  0.1006E+02
  -2.102  0.2529E+01  0.1009E+02
  -2.092  0.2524E+01  0.1011E+02
  -2.082  0.2520E+01  0.1014E+02
  -2.072  0.2516E+01  0.1016E+02
  -2.062  0.2511E+01  0.1019E+02
  -2.052  0.2507E+01  0.1021E+02
  -2.042  0.2502E+01  0.1024E+02
  -2.032  0.2498E+01  0.1026E+02
  -2.022  0.2494E+01  0.1029E+02
  -2.012  0.2490E+01  0.1031E+02
  -2.002  0.2485E+01  0.1034E+02
  -1.992  0.2481E+01  0.1036E+02
  -1.982  0.2477E+01  0.1039E+02
  -1.972  0.2472E+01  0.1041E+02
  -1.962  0.2468E+01  0.1044E+02
  -1.952  0.2464E+01  0.1046E+02
  -1.942  0.2460E+01  0.1049E+02
  -1.932  0.2456E+01  0.1051E+02
  -1.922  0.2451E+01  0.1054E+02
  -1.912  0.2450E+01  0.1056E+02
  -1.902  0.2461E+01  0.1059E+02
  -1.892  0.2507E+01  0.1061E+02
  -1.882  0.2546E+01  0.1064E+02
  -1.872  0.2576E+01  0.1066E+02
  -1.862  0.2597E+01  0.1069E+02
  -1.852  0.2612E+01  0.1071E+02
  -1.842  0.2630E+01  0.1074E+02
  -1.832  0.2661E+01  0.1077E+02
  -1.822  0.2791E+01  0.1079E+02
  -1.812  0.2922E+01  0.1082E+02
  -1.802  0.2999E+01  0.1085E+02
  -1.792  0.3026E+01  0.1088E+02
  -1.782  0.3059E+01  0.1091E+02
  -1.772  0.2993E+01  0.1094E+02
  -1.762  0.2931E+01  0.1097E+02
  -1.752  0.2989E+01  0.1100E+02
  -1.742  0.3072E+01  0.1103E+02
  -1.732  0.3139E+01  0.1106E+02
  -1.722  0.3164E+01  0.1109E+02
  -1.712  0.3131E+01  0.1113E+02
  -1.702  0.3097E+01  0.1116E+02
  -1.692  0.3062E+01  0.1119E+02
  -1.682  0.3032E+01  0.1122E+02
  -1.672  0.2994E+01  0.1125E+02
  -1.662  0.2918E+01  0.1128E+02
  -1.652  0.2847E+01  0.1131E+02
  -1.642  0.2784E+01  0.1133E+02
  -1.632  0.2783E+01  0.1136E+02
  -1.622  0.2792E+01  0.1139E+02
  -1.612  0.2799E+01  0.1142E+02
  -1.602  0.2804E+01  0.1145E+02
  -1.592  0.2811E+01  0.1147E+02
  -1.582  0.2820E+01  0.1150E+02
  -1.572  0.2829E+01  0.1153E+02
  -1.562  0.2839E+01  0.1156E+02
  -1.552  0.2850E+01  0.1159E+02
  -1.542  0.2861E+01  0.1162E+02
  -1.532  0.2873E+01  0.1164E+02
  -1.522  0.2885E+01  0.1167E+02
  -1.512  0.2897E+01  0.1170E+02
  -1.502  0.2909E+01  0.1173E+02
  -1.492  0.2922E+01  0.1176E+02
  -1.482  0.2936E+01  0.1179E+02
  -1.472  0.2949E+01  0.1182E+02
  -1.462  0.2963E+01  0.1185E+02
  -1.452  0.2977E+01  0.1188E+02
  -1.442  0.2992E+01  0.1191E+02
  -1.432  0.3007E+01  0.1194E+02
  -1.422  0.3022E+01  0.1197E+02
  -1.412  0.3038E+01  0.1200E+02
  -1.402  0.3054E+01  0.1203E+02
  -1.392  0.3070E+01  0.1206E+02
  -1.382  0.3086E+01  0.1209E+02
  -1.372  0.3103E+01  0.1212E+02
  -1.362  0.3121E+01  0.1215E+02
  -1.352  0.3155E+01  0.1218E+02
  -1.342  0.3717E+01  0.1222E+02
  -1.332  0.4938E+01  0.1226E+02
  -1.322  0.6591E+01  0.1232E+02
  -1.312  0.8934E+01  0.1240E+02
  -1.302  0.6111E+01  0.1247E+02
  -1.292  0.5879E+01  0.1253E+02
  -1.282  0.9116E+01  0.1261E+02
  -1.272  0.9293E+01  0.1270E+02
  -1.262  0.1365E+02  0.1282E+02
  -1.252  0.1011E+02  0.1293E+02
  -1.242  0.1094E+02  0.1303E+02
  -1.232  0.1205E+02  0.1315E+02
  -1.222  0.1147E+02  0.1327E+02
  -1.212  0.1471E+02  0.1340E+02
  -1.202  0.9146E+01  0.1351E+02
  -1.192  0.7910E+01  0.1360E+02
  -1.182  0.6744E+01  0.1367E+02
  -1.172  0.5649E+01  0.1373E+02
  -1.162  0.4623E+01  0.1378E+02
  -1.152  0.3769E+01  0.1383E+02
  -1.142  0.3091E+01  0.1386E+02
  -1.132  0.2372E+01  0.1389E+02
  -1.122  0.1648E+01  0.1391E+02
  -1.112  0.1375E+01  0.1392E+02
  -1.102  0.2339E+01  0.1394E+02
  -1.092  0.3127E+01  0.1397E+02
  -1.082  0.3833E+01  0.1400E+02
  -1.072  0.4375E+01  0.1404E+02
  -1.062  0.4721E+01  0.1409E+02
  -1.052  0.4921E+01  0.1414E+02
  -1.042  0.4962E+01  0.1419E+02
  -1.032  0.4819E+01  0.1424E+02
  -1.022  0.4526E+01  0.1428E+02
  -1.012  0.4147E+01  0.1433E+02
  -1.002  0.3985E+01  0.1437E+02
  -0.992  0.4023E+01  0.1441E+02
  -0.982  0.4111E+01  0.1445E+02
  -0.972  0.4248E+01  0.1449E+02
  -0.962  0.4478E+01  0.1453E+02
  -0.952  0.4892E+01  0.1458E+02
  -0.942  0.5386E+01  0.1463E+02
  -0.932  0.5864E+01  0.1469E+02
  -0.922  0.6428E+01  0.1475E+02
  -0.912  0.6899E+01  0.1481E+02
  -0.902  0.7539E+01  0.1489E+02
  -0.892  0.8234E+01  0.1497E+02
  -0.882  0.8606E+01  0.1505E+02
  -0.872  0.8766E+01  0.1514E+02
  -0.862  0.8449E+01  0.1522E+02
  -0.852  0.8362E+01  0.1531E+02
  -0.842  0.8348E+01  0.1539E+02
  -0.832  0.8530E+01  0.1548E+02
  -0.822  0.8730E+01  0.1556E+02
  -0.812  0.8436E+01  0.1565E+02
  -0.802  0.7920E+01  0.1573E+02
  -0.792  0.7581E+01  0.1581E+02
  -0.782  0.7346E+01  0.1588E+02
  -0.772  0.7305E+01  0.1596E+02
  -0.762  0.7352E+01  0.1603E+02
  -0.752  0.7414E+01  0.1610E+02
  -0.742  0.7512E+01  0.1618E+02
  -0.732  0.7479E+01  0.1625E+02
  -0.722  0.7697E+01  0.1633E+02
  -0.712  0.7921E+01  0.1641E+02
  -0.702  0.8433E+01  0.1649E+02
  -0.692  0.9186E+01  0.1658E+02
  -0.682  0.9775E+01  0.1667E+02
  -0.672  0.1032E+02  0.1677E+02
  -0.662  0.1088E+02  0.1688E+02
  -0.652  0.1087E+02  0.1699E+02
  -0.642  0.1038E+02  0.1709E+02
  -0.632  0.1080E+02  0.1720E+02
  -0.622  0.1130E+02  0.1731E+02
  -0.612  0.1062E+02  0.1742E+02
  -0.602  0.9899E+01  0.1752E+02
  -0.592  0.9010E+01  0.1762E+02
  -0.582  0.8689E+01  0.1771E+02
  -0.572  0.8681E+01  0.1779E+02
  -0.562  0.9045E+01  0.1788E+02
  -0.552  0.9798E+01  0.1797E+02
  -0.542  0.1094E+02  0.1808E+02
  -0.532  0.1359E+02  0.1820E+02
  -0.522  0.1834E+02  0.1836E+02
  -0.512  0.1832E+02  0.1854E+02
  -0.502  0.1720E+02  0.1872E+02
  -0.492  0.1596E+02  0.1889E+02
  -0.482  0.1484E+02  0.1904E+02
  -0.472  0.1368E+02  0.1918E+02
  -0.462  0.1288E+02  0.1932E+02
  -0.452  0.1294E+02  0.1944E+02
  -0.442  0.1284E+02  0.1957E+02
  -0.432  0.1146E+02  0.1970E+02
  -0.422  0.1365E+02  0.1982E+02
  -0.412  0.1407E+02  0.1996E+02
  -0.402  0.1401E+02  0.2010E+02
  -0.392  0.1797E+02  0.2025E+02
  -0.382  0.2257E+02  0.2045E+02
  -0.372  0.2161E+02  0.2068E+02
  -0.362  0.2074E+02  0.2089E+02
  -0.352  0.1886E+02  0.2109E+02
  -0.342  0.1842E+02  0.2127E+02
  -0.332  0.1882E+02  0.2146E+02
  -0.322  0.1646E+02  0.2164E+02
  -0.312  0.1586E+02  0.2179E+02
  -0.302  0.1724E+02  0.2196E+02
  -0.292  0.1432E+02  0.2212E+02
  -0.282  0.1402E+02  0.2227E+02
  -0.272  0.1362E+02  0.2240E+02
  -0.262  0.1304E+02  0.2254E+02
  -0.252  0.1239E+02  0.2266E+02
  -0.242  0.1206E+02  0.2279E+02
  -0.232  0.1182E+02  0.2291E+02
  -0.222  0.1168E+02  0.2302E+02
  -0.212  0.1158E+02  0.2314E+02
  -0.202  0.1223E+02  0.2326E+02
  -0.192  0.1275E+02  0.2338E+02
  -0.182  0.1226E+02  0.2351E+02
  -0.172  0.1177E+02  0.2363E+02
  -0.162  0.1193E+02  0.2375E+02
  -0.152  0.1203E+02  0.2387E+02
  -0.142  0.1161E+02  0.2399E+02
  -0.132  0.1141E+02  0.2410E+02
  -0.122  0.1119E+02  0.2422E+02
  -0.112  0.1094E+02  0.2433E+02
  -0.102  0.1067E+02  0.2443E+02
  -0.092  0.1033E+02  0.2454E+02
  -0.082  0.9966E+01  0.2464E+02
  -0.072  0.9604E+01  0.2474E+02
  -0.062  0.9179E+01  0.2483E+02
  -0.052  0.9205E+01  0.2492E+02
  -0.042  0.9061E+01  0.2501E+02
  -0.032  0.8691E+01  0.2510E+02
  -0.022  0.8243E+01  0.2519E+02
  -0.012  0.7790E+01  0.2527E+02
  -0.002  0.7867E+01  0.2535E+02
   0.008  0.7296E+01  0.2542E+02
   0.018  0.6543E+01  0.2549E+02
   0.028  0.5711E+01  0.2555E+02
   0.038  0.4798E+01  0.2561E+02
   0.048  0.3807E+01  0.2565E+02
   0.058  0.2970E+01  0.2568E+02
   0.068  0.2134E+01  0.2571E+02
   0.078  0.2037E+01  0.2573E+02
   0.088  0.1940E+01  0.2575E+02
   0.098  0.1774E+01  0.2577E+02
   0.108  0.1661E+01  0.2579E+02
   0.118  0.1561E+01  0.2580E+02
   0.128  0.1474E+01  0.2582E+02
   0.138  0.1400E+01  0.2583E+02
   0.148  0.1326E+01  0.2584E+02
   0.158  0.1253E+01  0.2586E+02
   0.168  0.1180E+01  0.2587E+02
   0.178  0.1108E+01  0.2588E+02
   0.188  0.1036E+01  0.2589E+02
   0.198  0.9645E+00  0.2590E+02
   0.208  0.8935E+00  0.2591E+02
   0.218  0.8229E+00  0.2592E+02
   0.228  0.7528E+00  0.2593E+02
   0.238  0.6831E+00  0.2593E+02
   0.248  0.6139E+00  0.2594E+02
   0.258  0.5449E+00  0.2595E+02
   0.268  0.4750E+00  0.2595E+02
   0.278  0.4118E+00  0.2596E+02
   0.288  0.3686E+00  0.2596E+02
   0.298  0.3326E+00  0.2596E+02
   0.308  0.3011E+00  0.2597E+02
   0.318  0.2742E+00  0.2597E+02
   0.328  0.2518E+00  0.2597E+02
   0.338  0.2337E+00  0.2598E+02
   0.348  0.2172E+00  0.2598E+02
   0.358  0.2015E+00  0.2598E+02
   0.368  0.1866E+00  0.2598E+02
   0.378  0.1724E+00  0.2598E+02
   0.388  0.1589E+00  0.2598E+02
   0.398  0.1463E+00  0.2599E+02
   0.408  0.1343E+00  0.2599E+02
   0.418  0.1231E+00  0.2599E+02
   0.428  0.1127E+00  0.2599E+02
   0.438  0.1030E+00  0.2599E+02
   0.448  0.9409E-01  0.2599E+02
   0.458  0.8591E-01  0.2599E+02
   0.468  0.7848E-01  0.2599E+02
   0.478  0.7181E-01  0.2599E+02
   0.488  0.6561E-01  0.2600E+02
   0.498  0.5956E-01  0.2600E+02
   0.508  0.5379E-01  0.2600E+02
   0.518  0.4833E-01  0.2600E+02
   0.528  0.4315E-01  0.2600E+02
   0.538  0.3827E-01  0.2600E+02
   0.548  0.3368E-01  0.2600E+02
   0.558  0.2938E-01  0.2600E+02
   0.568  0.2538E-01  0.2600E+02
   0.578  0.2167E-01  0.2600E+02
   0.588  0.1825E-01  0.2600E+02
   0.598  0.1513E-01  0.2600E+02
   0.608  0.1230E-01  0.2600E+02
   0.618  0.9758E-02  0.2600E+02
   0.628  0.7513E-02  0.2600E+02
   0.638  0.5561E-02  0.2600E+02
   0.648  0.3902E-02  0.2600E+02
   0.658  0.2536E-02  0.2600E+02
   0.668  0.1464E-02  0.2600E+02
   0.678  0.6840E-03  0.2600E+02
   0.688  0.1974E-03  0.2600E+02
   0.698  0.3780E-05  0.2600E+02
   0.708  0.0000E+00  0.2600E+02
   0.718  0.0000E+00  0.2600E+02
   0.728  0.0000E+00  0.2600E+02
   0.738  0.0000E+00  0.2600E+02
   0.748  0.0000E+00  0.2600E+02
   0.758  0.0000E+00  0.2600E+02
   0.768  0.0000E+00  0.2600E+02
   0.778  0.0000E+00  0.2600E+02
   0.788  0.0000E+00  0.2600E+02
   0.798  0.0000E+00  0.2600E+02
   0.808  0.0000E+00  0.2600E+02
   0.818  0.0000E+00  0.2600E+02
   0.828  0.0000E+00  0.2600E+02
   0.838  0.0000E+00  0.2600E+02
   0.848  0.0000E+00  0.2600E+02
   0.858  0.0000E+00  0.2600E+02
   0.868  0.0000E+00  0.2600E+02
   0.878  0.0000E+00  0.2600E+02
   0.888  0.0000E+00  0.2600E+02
   0.898  0.0000E+00  0.2600E+02
   0.908  0.0000E+00  0.2600E+02
   0.918  0.0000E+00  0.2600E+02
   0.928  0.0000E+00  0.2600E+02
   0.938  0.0000E+00  0.2600E+02
   0.948  0.0000E+00  0.2600E+02
   0.958  0.0000E+00  0.2600E+02
   0.968  0.0000E+00  0.2600E+02
   0.978  0.0000E+00  0.2600E+02
   0.988  0.0000E+00  0.2600E+02
   0.998  0.0000E+00  0.2600E+02
   1.008  0.0000E+00  0.2600E+02
   1.018  0.0000E+00  0.2600E+02
   1.028  0.0000E+00  0.2600E+02
   1.038  0.0000E+00  0.2600E+02
   1.048  0.0000E+00  0.2600E+02
   1.058  0.0000E+00  0.2600E+02
   1.068  0.0000E+00  0.2600E+02
   1.078  0.0000E+00  0.2600E+02
   1.088  0.0000E+00  0.2600E+02
   1.098  0.0000E+00  0.2600E+02
   1.108  0.0000E+00  0.2600E+02
   1.118  0.0000E+00  0.2600E+02
   1.128  0.0000E+00  0.2600E+02
   1.138  0.0000E+00  0.2600E+02
   1.148  0.0000E+00  0.2600E+02
   1.158  0.0000E+00  0.2600E+02
   1.168  0.0000E+00  0.2600E+02
   1.178  0.0000E+00  0.2600E+02
   1.188  0.0000E+00  0.2600E+02
   1.198  0.0000E+00  0.2600E+02
   1.208  0.0000E+00  0.2600E+02
   1.218  0.0000E+00  0.2600E+02
   1.228  0.0000E+00  0.2600E+02
   1.238  0.0000E+00  0.2600E+02
   1.248  0.0000E+00  0.2600E+02
   1.258  0.0000E+00  0.2600E+02
   1.268  0.0000E+00  0.2600E+02
   1.278  0.0000E+00  0.2600E+02
   1.288  0.0000E+00  0.2600E+02
   1.298  0.0000E+00  0.2600E+02
   1.308  0.0000E+00  0.2600E+02
   1.318  0.0000E+00  0.2600E+02
   1.328  0.0000E+00  0.2600E+02
   1.338  0.0000E+00  0.2600E+02
   1.348  0.0000E+00  0.2600E+02
   1.358  0.0000E+00  0.2600E+02
   1.368  0.0000E+00  0.2600E+02
   1.378  0.0000E+00  0.2600E+02
   1.388  0.0000E+00  0.2600E+02
   1.398  0.0000E+00  0.2600E+02
   1.408  0.0000E+00  0.2600E+02
   1.418  0.0000E+00  0.2600E+02
   1.428  0.0000E+00  0.2600E+02
   1.438  0.0000E+00  0.2600E+02
   1.448  0.0000E+00  0.2600E+02
   1.458  0.0000E+00  0.2600E+02
   1.468  0.0000E+00  0.2600E+02
   1.478  0.0000E+00  0.2600E+02
   1.488  0.0000E+00  0.2600E+02
   1.498  0.0000E+00  0.2600E+02
   1.508  0.0000E+00  0.2600E+02
   1.518  0.0000E+00  0.2600E+02
   1.528  0.0000E+00  0.2600E+02
   1.538  0.0000E+00  0.2600E+02
   1.548  0.0000E+00  0.2600E+02
   1.558  0.0000E+00  0.2600E+02
   1.568  0.0000E+00  0.2600E+02
   1.578  0.0000E+00  0.2600E+02
   1.588  0.0000E+00  0.2600E+02
   1.598  0.0000E+00  0.2600E+02
   1.608  0.0000E+00  0.2600E+02
   1.618  0.0000E+00  0.2600E+02
   1.628  0.0000E+00  0.2600E+02
   1.638  0.0000E+00  0.2600E+02
   1.648  0.0000E+00  0.2600E+02
   1.658  0.0000E+00  0.2600E+02
   1.668  0.0000E+00  0.2600E+02
   1.678  0.0000E+00  0.2600E+02
   1.688  0.0000E+00  0.2600E+02
   1.698  0.0000E+00  0.2600E+02
   1.708  0.0000E+00  0.2600E+02
   1.718  0.0000E+00  0.2600E+02
   1.728  0.0000E+00  0.2600E+02
   1.738  0.0000E+00  0.2600E+02
   1.748  0.0000E+00  0.2600E+02
   1.758  0.0000E+00  0.2600E+02
   1.768  0.0000E+00  0.2600E+02
   1.778  0.0000E+00  0.2600E+02
   1.788  0.0000E+00  0.2600E+02
   1.798  0.0000E+00  0.2600E+02
   1.808  0.0000E+00  0.2600E+02
   1.818  0.0000E+00  0.2600E+02
   1.828  0.0000E+00  0.2600E+02
   1.838  0.0000E+00  0.2600E+02
   1.848  0.0000E+00  0.2600E+02
   1.858  0.0000E+00  0.2600E+02
   1.868  0.0000E+00  0.2600E+02
   1.878  0.0000E+00  0.2600E+02
   1.888  0.0000E+00  0.2600E+02
   1.898  0.0000E+00  0.2600E+02
   1.908  0.0000E+00  0.2600E+02
   1.918  0.0000E+00  0.2600E+02
   1.928  0.0000E+00  0.2600E+02
   1.938  0.0000E+00  0.2600E+02
   1.948  0.0000E+00  0.2600E+02
   1.958  0.0000E+00  0.2600E+02
   1.968  0.0000E+00  0.2600E+02
   1.978  0.0000E+00  0.2600E+02
   1.988  0.0000E+00  0.2600E+02
   1.998  0.0000E+00  0.2600E+02
   2.008  0.0000E+00  0.2600E+02
   2.018  0.0000E+00  0.2600E+02
   2.028  0.0000E+00  0.2600E+02
   2.038  0.0000E+00  0.2600E+02
   2.048  0.0000E+00  0.2600E+02
   2.058  0.0000E+00  0.2600E+02
   2.068  0.0000E+00  0.2600E+02
   2.078  0.0000E+00  0.2600E+02
   2.088  0.0000E+00  0.2600E+02
   2.098  0.1045E-02  0.2600E+02
   2.108  0.1097E-01  0.2600E+02
   2.118  0.3139E-01  0.2600E+02
   2.128  0.6230E-01  0.2600E+02
   2.138  0.1037E+00  0.2600E+02
   2.148  0.1556E+00  0.2600E+02
   2.158  0.2180E+00  0.2600E+02
   2.168  0.2800E+00  0.2601E+02
   2.178  0.3251E+00  0.2601E+02
   2.188  0.3535E+00  0.2601E+02
   2.198  0.3654E+00  0.2602E+02
   2.208  0.3607E+00  0.2602E+02
   2.218  0.3394E+00  0.2602E+02
   2.228  0.3222E+00  0.2603E+02
   2.238  0.3391E+00  0.2603E+02
   2.248  0.3571E+00  0.2603E+02
   2.258  0.3761E+00  0.2604E+02
   2.268  0.3962E+00  0.2604E+02
   2.278  0.4173E+00  0.2605E+02
   2.288  0.4395E+00  0.2605E+02
   2.298  0.4627E+00  0.2605E+02
   2.308  0.4870E+00  0.2606E+02
   2.318  0.5126E+00  0.2606E+02
   2.328  0.5400E+00  0.2607E+02
   2.338  0.5693E+00  0.2608E+02
   2.348  0.6005E+00  0.2608E+02
   2.358  0.6335E+00  0.2609E+02
   2.368  0.6682E+00  0.2609E+02
   2.378  0.7003E+00  0.2610E+02
   2.388  0.7337E+00  0.2611E+02
   2.398  0.7684E+00  0.2612E+02
   2.408  0.8044E+00  0.2612E+02
   2.418  0.8417E+00  0.2613E+02
   2.428  0.8804E+00  0.2614E+02
   2.438  0.9203E+00  0.2615E+02
   2.448  0.9625E+00  0.2616E+02
   2.458  0.1024E+01  0.2617E+02
   2.468  0.1110E+01  0.2618E+02
   2.478  0.1221E+01  0.2619E+02
   2.488  0.1356E+01  0.2620E+02
   2.498  0.1515E+01  0.2622E+02
   2.508  0.1579E+01  0.2623E+02
   2.518  0.1604E+01  0.2625E+02
   2.528  0.1591E+01  0.2627E+02
   2.538  0.1539E+01  0.2628E+02
   2.548  0.1448E+01  0.2630E+02
   2.558  0.1489E+01  0.2631E+02
   2.568  0.1538E+01  0.2633E+02
   2.578  0.1587E+01  0.2634E+02
   2.588  0.1634E+01  0.2636E+02
   2.598  0.1680E+01  0.2637E+02
   2.608  0.1726E+01  0.2639E+02
   2.618  0.1770E+01  0.2641E+02
   2.628  0.1814E+01  0.2643E+02
   2.638  0.1857E+01  0.2644E+02
   2.648  0.1899E+01  0.2646E+02
   2.658  0.1940E+01  0.2648E+02
   2.668  0.1980E+01  0.2650E+02
   2.678  0.2019E+01  0.2652E+02
   2.688  0.2056E+01  0.2654E+02
   2.698  0.2093E+01  0.2656E+02
   2.708  0.2128E+01  0.2658E+02
   2.718  0.2161E+01  0.2661E+02
   2.728  0.2193E+01  0.2663E+02
   2.738  0.2227E+01  0.2665E+02
   2.748  0.2303E+01  0.2667E+02
   2.758  0.2414E+01  0.2670E+02
   2.768  0.2512E+01  0.2672E+02
   2.778  0.2594E+01  0.2675E+02
   2.788  0.2650E+01  0.2677E+02
   2.798  0.2683E+01  0.2680E+02
   2.808  0.2699E+01  0.2683E+02
   2.818  0.2702E+01  0.2685E+02
   2.828  0.2698E+01  0.2688E+02
   2.838  0.2687E+01  0.2691E+02
   2.848  0.2670E+01  0.2693E+02
   2.858  0.2657E+01  0.2696E+02
   2.868  0.2647E+01  0.2699E+02
   2.878  0.2642E+01  0.2701E+02
   2.888  0.2640E+01  0.2704E+02
   2.898  0.2642E+01  0.2707E+02
   2.908  0.2627E+01  0.2709E+02
   2.918  0.2610E+01  0.2712E+02
   2.928  0.2591E+01  0.2714E+02
   2.938  0.2569E+01  0.2717E+02
   2.948  0.2544E+01  0.2720E+02
   2.958  0.2516E+01  0.2722E+02
   2.968  0.2483E+01  0.2725E+02
   2.978  0.2452E+01  0.2727E+02
   2.988  0.2438E+01  0.2730E+02
   2.998  0.2422E+01  0.2732E+02
   3.008  0.2406E+01  0.2734E+02
   3.018  0.2449E+01  0.2737E+02
   3.028  0.2488E+01  0.2739E+02
   3.038  0.2517E+01  0.2742E+02
   3.048  0.2534E+01  0.2744E+02
   3.058  0.2489E+01  0.2747E+02
   3.068  0.2370E+01  0.2749E+02
   3.078  0.2258E+01  0.2752E+02
   3.088  0.2152E+01  0.2754E+02
   3.098  0.2064E+01  0.2756E+02
   3.108  0.1994E+01  0.2758E+02
   3.118  0.1944E+01  0.2760E+02
   3.128  0.1911E+01  0.2762E+02
   3.138  0.1882E+01  0.2764E+02
   3.148  0.1852E+01  0.2766E+02
   3.158  0.1777E+01  0.2767E+02
   3.168  0.1694E+01  0.2769E+02
   3.178  0.1604E+01  0.2771E+02
   3.188  0.1509E+01  0.2772E+02
   3.198  0.1464E+01  0.2774E+02
   3.208  0.1441E+01  0.2775E+02
   3.218  0.1419E+01  0.2777E+02
   3.228  0.1398E+01  0.2778E+02
   3.238  0.1377E+01  0.2780E+02
   3.248  0.1358E+01  0.2781E+02
   3.258  0.1338E+01  0.2782E+02
   3.268  0.1317E+01  0.2784E+02
   3.278  0.1295E+01  0.2785E+02
   3.288  0.1271E+01  0.2786E+02
   3.298  0.1250E+01  0.2787E+02
   3.308  0.1236E+01  0.2789E+02
   3.318  0.1229E+01  0.2790E+02
   3.328  0.1227E+01  0.2791E+02
   3.338  0.1227E+01  0.2792E+02
   3.348  0.1227E+01  0.2794E+02
   3.358  0.1227E+01  0.2795E+02
   3.368  0.1227E+01  0.2796E+02
   3.378  0.1227E+01  0.2797E+02
   3.388  0.1227E+01  0.2798E+02
   3.398  0.1227E+01  0.2800E+02
   3.408  0.1227E+01  0.2801E+02
   3.418  0.1228E+01  0.2802E+02
   3.428  0.1228E+01  0.2803E+02
   3.438  0.1228E+01  0.2805E+02
   3.448  0.1228E+01  0.2806E+02
   3.458  0.1228E+01  0.2807E+02
   3.468  0.1228E+01  0.2808E+02
   3.478  0.1228E+01  0.2810E+02
   3.488  0.1228E+01  0.2811E+02
   3.498  0.1228E+01  0.2812E+02
   3.508  0.1228E+01  0.2813E+02
   3.518  0.1228E+01  0.2814E+02
   3.528  0.1228E+01  0.2816E+02
   3.538  0.1229E+01  0.2817E+02
   3.548  0.1229E+01  0.2818E+02
   3.558  0.1229E+01  0.2819E+02
   3.568  0.1229E+01  0.2821E+02
   3.578  0.1229E+01  0.2822E+02
   3.588  0.1229E+01  0.2823E+02
   3.598  0.1229E+01  0.2824E+02
   3.608  0.1230E+01  0.2825E+02
   3.618  0.1230E+01  0.2827E+02
   3.628  0.1230E+01  0.2828E+02
   3.638  0.1230E+01  0.2829E+02
   3.648  0.1230E+01  0.2830E+02
   3.658  0.1230E+01  0.2832E+02
   3.668  0.1231E+01  0.2833E+02
   3.678  0.1231E+01  0.2834E+02
   3.688  0.1231E+01  0.2835E+02
   3.698  0.1231E+01  0.2837E+02
   3.708  0.1232E+01  0.2838E+02
   3.718  0.1232E+01  0.2839E+02
   3.728  0.1232E+01  0.2840E+02
   3.738  0.1232E+01  0.2841E+02
   3.748  0.1233E+01  0.2843E+02
   3.758  0.1233E+01  0.2844E+02
   3.768  0.1233E+01  0.2845E+02
   3.778  0.1233E+01  0.2846E+02
   3.788  0.1234E+01  0.2848E+02
   3.798  0.1234E+01  0.2849E+02
   3.808  0.1234E+01  0.2850E+02
   3.818  0.1234E+01  0.2851E+02
   3.828  0.1235E+01  0.2853E+02
   3.838  0.1235E+01  0.2854E+02
   3.848  0.1235E+01  0.2855E+02
   3.858  0.1236E+01  0.2856E+02
   3.868  0.1236E+01  0.2858E+02
   3.878  0.1236E+01  0.2859E+02
   3.888  0.1237E+01  0.2860E+02
   3.898  0.1237E+01  0.2861E+02
   3.908  0.1238E+01  0.2862E+02
   3.918  0.1239E+01  0.2864E+02
   3.928  0.1252E+01  0.2865E+02
   3.938  0.1355E+01  0.2866E+02
   3.948  0.1450E+01  0.2868E+02
   3.958  0.1537E+01  0.2869E+02
   3.968  0.1561E+01  0.2871E+02
   3.978  0.1561E+01  0.2872E+02
   3.988  0.1558E+01  0.2874E+02
   3.998  0.1556E+01  0.2875E+02
   4.008  0.1556E+01  0.2877E+02
   4.018  0.1560E+01  0.2879E+02
   4.028  0.1594E+01  0.2880E+02
   4.038  0.1626E+01  0.2882E+02
   4.048  0.1656E+01  0.2883E+02
   4.058  0.1690E+01  0.2885E+02
   4.068  0.1729E+01  0.2887E+02
   4.078  0.1772E+01  0.2888E+02
   4.088  0.1815E+01  0.2890E+02
   4.098  0.1859E+01  0.2892E+02
   4.108  0.1905E+01  0.2894E+02
   4.118  0.1942E+01  0.2896E+02
   4.128  0.1894E+01  0.2898E+02
   4.138  0.1846E+01  0.2900E+02
   4.148  0.1797E+01  0.2902E+02
   4.158  0.1873E+01  0.2903E+02
   4.168  0.1956E+01  0.2905E+02
   4.178  0.2039E+01  0.2907E+02
   4.188  0.2123E+01  0.2909E+02
   4.198  0.2173E+01  0.2912E+02
   4.208  0.2173E+01  0.2914E+02
   4.218  0.2185E+01  0.2916E+02
   4.228  0.2220E+01  0.2918E+02
   4.238  0.2278E+01  0.2920E+02
   4.248  0.2359E+01  0.2923E+02
   4.258  0.2466E+01  0.2925E+02
   4.268  0.2581E+01  0.2928E+02
   4.278  0.2696E+01  0.2930E+02
   4.288  0.2810E+01  0.2933E+02
   4.298  0.2936E+01  0.2936E+02
   4.308  0.3072E+01  0.2939E+02
   4.318  0.3217E+01  0.2942E+02
   4.328  0.3373E+01  0.2945E+02
   4.338  0.3436E+01  0.2949E+02
   4.348  0.3319E+01  0.2952E+02
   4.358  0.3022E+01  0.2955E+02
   4.368  0.2545E+01  0.2958E+02
   4.378  0.2124E+01  0.2960E+02
   4.388  0.1789E+01  0.2962E+02
   4.398  0.1498E+01  0.2964E+02
   4.408  0.1304E+01  0.2965E+02
   4.418  0.1274E+01  0.2967E+02
   4.428  0.1277E+01  0.2968E+02
   4.438  0.1280E+01  0.2969E+02
   4.448  0.1283E+01  0.2970E+02
   4.458  0.1286E+01  0.2972E+02
   4.468  0.1288E+01  0.2973E+02
   4.478  0.1291E+01  0.2974E+02
   4.488  0.1294E+01  0.2976E+02
   4.498  0.1296E+01  0.2977E+02
   4.508  0.1299E+01  0.2978E+02
   4.518  0.1302E+01  0.2980E+02
   4.528  0.1305E+01  0.2981E+02
   4.538  0.1307E+01  0.2982E+02
   4.548  0.1310E+01  0.2983E+02
   4.558  0.1313E+01  0.2985E+02
   4.568  0.1319E+01  0.2986E+02
   4.578  0.1328E+01  0.2987E+02
   4.588  0.1341E+01  0.2989E+02
   4.598  0.1357E+01  0.2990E+02
   4.608  0.1377E+01  0.2991E+02
   4.618  0.1401E+01  0.2993E+02
   4.628  0.1427E+01  0.2994E+02
   4.638  0.1458E+01  0.2996E+02
   4.648  0.1491E+01  0.2997E+02
   4.658  0.1527E+01  0.2999E+02
   4.668  0.1555E+01  0.3000E+02
   4.678  0.1577E+01  0.3002E+02
   4.688  0.1592E+01  0.3003E+02
   4.698  0.1601E+01  0.3005E+02
   4.708  0.1603E+01  0.3007E+02
   4.718  0.1599E+01  0.3008E+02
   4.728  0.1589E+01  0.3010E+02
   4.738  0.1579E+01  0.3011E+02
   4.748  0.1570E+01  0.3013E+02
   4.758  0.1561E+01  0.3014E+02
   4.768  0.1551E+01  0.3016E+02
   4.778  0.1542E+01  0.3018E+02
   4.788  0.1533E+01  0.3019E+02
   4.798  0.1524E+01  0.3021E+02
   4.808  0.1516E+01  0.3022E+02
   4.818  0.1507E+01  0.3024E+02
   4.828  0.1498E+01  0.3025E+02
   4.838  0.1490E+01  0.3027E+02
   4.848  0.1481E+01  0.3028E+02
   4.858  0.1473E+01  0.3030E+02
   4.868  0.1464E+01  0.3031E+02
   4.878  0.1456E+01  0.3033E+02
   4.888  0.1448E+01  0.3034E+02
   4.898  0.1440E+01  0.3035E+02
   4.908  0.1432E+01  0.3037E+02
   4.918  0.1424E+01  0.3038E+02
   4.928  0.1417E+01  0.3040E+02
   4.938  0.1410E+01  0.3041E+02
   4.948  0.1407E+01  0.3043E+02
   4.958  0.1406E+01  0.3044E+02
   4.968  0.1419E+01  0.3045E+02
   4.978  0.1518E+01  0.3047E+02
   4.988  0.1769E+01  0.3048E+02
   4.998  0.1944E+01  0.3050E+02
   5.008  0.2040E+01  0.3052E+02
   5.018  0.2129E+01  0.3054E+02
   5.028  0.2226E+01  0.3057E+02
   5.038  0.2331E+01  0.3059E+02
   5.048  0.2450E+01  0.3061E+02
   5.058  0.2572E+01  0.3064E+02
   5.068  0.2967E+01  0.3067E+02
   5.078  0.3017E+01  0.3070E+02
   5.088  0.3151E+01  0.3073E+02
   5.098  0.3330E+01  0.3076E+02
   5.108  0.3497E+01  0.3079E+02
   5.118  0.3611E+01  0.3083E+02
   5.128  0.3598E+01  0.3086E+02
   5.138  0.3574E+01  0.3090E+02
   5.148  0.3554E+01  0.3094E+02
   5.158  0.3540E+01  0.3097E+02
   5.168  0.3532E+01  0.3101E+02
   5.178  0.3528E+01  0.3104E+02
   5.188  0.3527E+01  0.3108E+02
   5.198  0.3544E+01  0.3111E+02
   5.208  0.3609E+01  0.3115E+02
   5.218  0.3716E+01  0.3118E+02
   5.228  0.3866E+01  0.3122E+02
   5.238  0.4058E+01  0.3126E+02
   5.248  0.4303E+01  0.3130E+02
   5.258  0.4526E+01  0.3135E+02
   5.268  0.4741E+01  0.3139E+02
   5.278  0.4950E+01  0.3144E+02
   5.288  0.5176E+01  0.3149E+02
   5.298  0.5409E+01  0.3155E+02
   5.308  0.5644E+01  0.3160E+02
   5.318  0.5894E+01  0.3166E+02
   5.328  0.6161E+01  0.3172E+02
   5.338  0.6331E+01  0.3178E+02
   5.348  0.6465E+01  0.3185E+02
   5.358  0.6574E+01  0.3191E+02
   5.368  0.6710E+01  0.3198E+02
   5.378  0.8288E+01  0.3206E+02
   5.388  0.7506E+01  0.3214E+02
   5.398  0.7400E+01  0.3221E+02
   5.408  0.7112E+01  0.3228E+02
   5.418  0.6624E+01  0.3235E+02
   5.428  0.6436E+01  0.3242E+02
   5.438  0.6478E+01  0.3248E+02
   5.448  0.6372E+01  0.3255E+02
   5.458  0.6118E+01  0.3261E+02
   5.468  0.5715E+01  0.3267E+02
   5.478  0.5563E+01  0.3272E+02
   5.488  0.5526E+01  0.3278E+02
   5.498  0.5483E+01  0.3283E+02
   5.508  0.5431E+01  0.3289E+02
   5.518  0.5362E+01  0.3294E+02
   5.528  0.5286E+01  0.3300E+02
   5.538  0.5286E+01  0.3305E+02
   5.548  0.5328E+01  0.3310E+02
   5.558  0.5380E+01  0.3315E+02
   5.568  0.5453E+01  0.3321E+02
   5.578  0.5535E+01  0.3326E+02
   5.588  0.5606E+01  0.3332E+02
   5.598  0.5650E+01  0.3338E+02
   5.608  0.5683E+01  0.3343E+02
   5.618  0.5704E+01  0.3349E+02
   5.628  0.5695E+01  0.3355E+02
   5.638  0.5649E+01  0.3360E+02
   5.648  0.5600E+01  0.3366E+02
   5.658  0.5547E+01  0.3372E+02
   5.668  0.5514E+01  0.3377E+02
   5.678  0.5469E+01  0.3383E+02
   5.688  0.5855E+01  0.3388E+02
   5.698  0.6091E+01  0.3394E+02
   5.708  0.5775E+01  0.3400E+02
   5.718  0.4886E+01  0.3405E+02
   5.728  0.4634E+01  0.3410E+02
   5.738  0.4394E+01  0.3415E+02
   5.748  0.4153E+01  0.3419E+02
   5.758  0.3933E+01  0.3423E+02
   5.768  0.3829E+01  0.3427E+02
   5.778  0.3931E+01  0.3431E+02
   5.788  0.4108E+01  0.3435E+02
   5.798  0.4118E+01  0.3439E+02
   5.808  0.4117E+01  0.3443E+02
   5.818  0.4187E+01  0.3447E+02
   5.828  0.4328E+01  0.3451E+02
   5.838  0.4460E+01  0.3456E+02
   5.848  0.4533E+01  0.3460E+02
   5.858  0.4579E+01  0.3465E+02
   5.868  0.4587E+01  0.3470E+02
   5.878  0.4480E+01  0.3474E+02
   5.888  0.4384E+01  0.3478E+02
   5.898  0.4299E+01  0.3483E+02
   5.908  0.4226E+01  0.3487E+02
   5.918  0.4179E+01  0.3491E+02
   5.928  0.4163E+01  0.3495E+02
   5.938  0.4185E+01  0.3500E+02
   5.948  0.4229E+01  0.3504E+02
   5.958  0.4272E+01  0.3508E+02
   5.968  0.4324E+01  0.3512E+02
   5.978  0.4383E+01  0.3517E+02
   5.988  0.4444E+01  0.3521E+02
   5.998  0.4508E+01  0.3526E+02
   6.008  0.4560E+01  0.3530E+02
   6.018  0.4614E+01  0.3535E+02
   6.028  0.4930E+01  0.3539E+02
   6.038  0.5312E+01  0.3545E+02
   6.048  0.5532E+01  0.3550E+02
   6.058  0.5738E+01  0.3556E+02
   6.068  0.5944E+01  0.3562E+02
   6.078  0.6173E+01  0.3568E+02
   6.088  0.6583E+01  0.3574E+02
   6.098  0.8274E+01  0.3581E+02
   6.108  0.8988E+01  0.3591E+02
   6.118  0.9064E+01  0.3600E+02
   6.128  0.8792E+01  0.3609E+02
   6.138  0.8995E+01  0.3618E+02
   6.148  0.9155E+01  0.3627E+02
   6.158  0.9208E+01  0.3636E+02
   6.168  0.9297E+01  0.3645E+02
   6.178  0.9417E+01  0.3654E+02
   6.188  0.9367E+01  0.3664E+02
   6.198  0.9313E+01  0.3673E+02
   6.208  0.9281E+01  0.3682E+02
   6.218  0.9130E+01  0.3692E+02
   6.228  0.9080E+01  0.3701E+02
   6.238  0.9047E+01  0.3710E+02
   6.248  0.9030E+01  0.3719E+02
   6.258  0.9366E+01  0.3728E+02
   6.268  0.9985E+01  0.3738E+02
   6.278  0.1038E+02  0.3748E+02
   6.288  0.1050E+02  0.3758E+02
   6.298  0.1066E+02  0.3769E+02
   6.308  0.1076E+02  0.3780E+02
   6.318  0.9903E+01  0.3790E+02
   6.328  0.9741E+01  0.3800E+02
   6.338  0.9529E+01  0.3810E+02
   6.348  0.9352E+01  0.3819E+02
   6.358  0.9108E+01  0.3828E+02
   6.368  0.8779E+01  0.3837E+02
   6.378  0.8483E+01  0.3846E+02
   6.388  0.8285E+01  0.3854E+02
   6.398  0.8116E+01  0.3862E+02
   6.408  0.7966E+01  0.3870E+02
   6.418  0.7885E+01  0.3878E+02
   6.428  0.7861E+01  0.3886E+02
   6.438  0.7866E+01  0.3894E+02
   6.448  0.7878E+01  0.3902E+02
   6.458  0.7897E+01  0.3910E+02
   6.468  0.7919E+01  0.3918E+02
   6.478  0.7944E+01  0.3926E+02
   6.488  0.7981E+01  0.3934E+02
   6.498  0.8049E+01  0.3942E+02
   6.508  0.8105E+01  0.3950E+02
   6.518  0.8149E+01  0.3958E+02
   6.528  0.8199E+01  0.3966E+02
   6.538  0.8240E+01  0.3974E+02
   6.548  0.8225E+01  0.3982E+02
   6.558  0.8131E+01  0.3991E+02
   6.568  0.8028E+01  0.3999E+02
   6.578  0.7903E+01  0.4007E+02
   6.588  0.7702E+01  0.4014E+02
   6.598  0.7394E+01  0.4022E+02
   6.608  0.6990E+01  0.4029E+02
   6.618  0.6582E+01  0.4036E+02
   6.628  0.6171E+01  0.4042E+02
   6.638  0.5834E+01  0.4048E+02
   6.648  0.5507E+01  0.4054E+02
   6.658  0.5177E+01  0.4059E+02
   6.668  0.4880E+01  0.4064E+02
   6.678  0.4591E+01  0.4069E+02
   6.688  0.4288E+01  0.4074E+02
   6.698  0.4002E+01  0.4078E+02
   6.708  0.3790E+01  0.4082E+02
   6.718  0.3651E+01  0.4085E+02
   6.728  0.3647E+01  0.4089E+02
   6.738  0.3660E+01  0.4093E+02
   6.748  0.3690E+01  0.4096E+02
   6.758  0.4114E+01  0.4100E+02
   6.768  0.4991E+01  0.4105E+02
   6.778  0.5090E+01  0.4110E+02
   6.788  0.5246E+01  0.4115E+02
   6.798  0.5765E+01  0.4120E+02
   6.808  0.6650E+01  0.4127E+02
   6.818  0.7554E+01  0.4134E+02
   6.828  0.6408E+01  0.4141E+02
   6.838  0.6374E+01  0.4147E+02
   6.848  0.6329E+01  0.4154E+02
   6.858  0.6271E+01  0.4160E+02
   6.868  0.6194E+01  0.4166E+02
   6.878  0.6161E+01  0.4172E+02
   6.888  0.6405E+01  0.4179E+02
   6.898  0.6911E+01  0.4185E+02
   6.908  0.7357E+01  0.4192E+02
   6.918  0.7742E+01  0.4200E+02
   6.928  0.8079E+01  0.4208E+02
   6.938  0.8368E+01  0.4216E+02
   6.948  0.8545E+01  0.4225E+02
   6.958  0.8096E+01  0.4233E+02
   6.968  0.7696E+01  0.4241E+02
   6.978  0.7596E+01  0.4248E+02
   6.988  0.7474E+01  0.4256E+02
   6.998  0.7328E+01  0.4263E+02
   7.008  0.7484E+01  0.4271E+02
   7.018  0.6598E+01  0.4278E+02
   7.028  0.6319E+01  0.4285E+02
   7.038  0.6057E+01  0.4291E+02
   7.048  0.5815E+01  0.4297E+02
   7.058  0.5538E+01  0.4302E+02
   7.068  0.5246E+01  0.4308E+02
   7.078  0.4876E+01  0.4313E+02
   7.088  0.4428E+01  0.4318E+02
   7.098  0.3931E+01  0.4322E+02
   7.108  0.4070E+01  0.4326E+02
   7.118  0.4676E+01  0.4330E+02
   7.128  0.5354E+01  0.4335E+02
   7.138  0.6093E+01  0.4341E+02
   7.148  0.6707E+01  0.4347E+02
   7.158  0.7242E+01  0.4354E+02
   7.168  0.7752E+01  0.4362E+02
   7.178  0.7450E+01  0.4369E+02
   7.188  0.7180E+01  0.4377E+02
   7.198  0.7172E+01  0.4384E+02
   7.208  0.7158E+01  0.4391E+02
   7.218  0.6811E+01  0.4398E+02
   7.228  0.6465E+01  0.4405E+02
   7.238  0.6144E+01  0.4411E+02
   7.248  0.5848E+01  0.4417E+02
   7.258  0.5576E+01  0.4423E+02
   7.268  0.5330E+01  0.4428E+02
   7.278  0.5117E+01  0.4433E+02
   7.288  0.5032E+01  0.4438E+02
   7.298  0.5007E+01  0.4443E+02
   7.308  0.4955E+01  0.4448E+02
   7.318  0.4876E+01  0.4453E+02
   7.328  0.4769E+01  0.4458E+02
   7.338  0.4637E+01  0.4463E+02
   7.348  0.4505E+01  0.4467E+02
   7.358  0.4405E+01  0.4472E+02
   7.368  0.4344E+01  0.4476E+02
   7.378  0.4310E+01  0.4480E+02
   7.388  0.4291E+01  0.4485E+02
   7.398  0.4288E+01  0.4489E+02
   7.408  0.4301E+01  0.4493E+02
   7.418  0.4334E+01  0.4498E+02
   7.428  0.4441E+01  0.4502E+02
   7.438  0.4830E+01  0.4507E+02
   7.448  0.5171E+01  0.4512E+02
   7.458  0.5469E+01  0.4517E+02
   7.468  0.5764E+01  0.4522E+02
   7.478  0.6133E+01  0.4528E+02
   7.488  0.6458E+01  0.4535E+02
   7.498  0.6827E+01  0.4541E+02
   7.508  0.7165E+01  0.4548E+02
   7.518  0.7465E+01  0.4556E+02
   7.528  0.7978E+01  0.4563E+02
   7.538  0.8258E+01  0.4572E+02
   7.548  0.7119E+01  0.4579E+02
   7.558  0.6742E+01  0.4586E+02
   7.568  0.6372E+01  0.4593E+02
   7.578  0.6080E+01  0.4599E+02
   7.588  0.5901E+01  0.4605E+02
   7.598  0.5761E+01  0.4611E+02
   7.608  0.5635E+01  0.4616E+02
   7.618  0.5512E+01  0.4622E+02
   7.628  0.5392E+01  0.4627E+02
   7.638  0.5246E+01  0.4633E+02
   7.648  0.5067E+01  0.4638E+02
   7.658  0.4902E+01  0.4643E+02
   7.668  0.4756E+01  0.4648E+02
   7.678  0.4634E+01  0.4652E+02
   7.688  0.4537E+01  0.4657E+02
   7.698  0.4465E+01  0.4662E+02
   7.708  0.4418E+01  0.4666E+02
   7.718  0.4384E+01  0.4670E+02
   7.728  0.4349E+01  0.4675E+02
   7.738  0.4313E+01  0.4679E+02
   7.748  0.4275E+01  0.4683E+02
   7.758  0.4237E+01  0.4688E+02
   7.768  0.4210E+01  0.4692E+02
   7.778  0.6451E+01  0.4697E+02
   7.788  0.4421E+01  0.4702E+02
   7.798  0.4062E+01  0.4706E+02
   7.808  0.4039E+01  0.4710E+02
   7.818  0.4020E+01  0.4714E+02
   7.828  0.4008E+01  0.4718E+02
   7.838  0.4003E+01  0.4722E+02
   7.848  0.4008E+01  0.4726E+02
   7.858  0.4067E+01  0.4730E+02
   7.868  0.4139E+01  0.4734E+02
   7.878  0.4251E+01  0.4738E+02
   7.888  0.4421E+01  0.4743E+02
   7.898  0.4527E+01  0.4747E+02
   7.908  0.4654E+01  0.4752E+02
   7.918  0.4802E+01  0.4756E+02
   7.928  0.4974E+01  0.4761E+02
   7.938  0.5169E+01  0.4766E+02
   7.948  0.5390E+01  0.4772E+02
   7.958  0.5647E+01  0.4777E+02
   7.968  0.5971E+01  0.4783E+02
   7.978  0.6325E+01  0.4789E+02
   7.988  0.6715E+01  0.4796E+02
   7.998  0.7149E+01  0.4803E+02
   8.008  0.7657E+01  0.4810E+02
   8.018  0.8365E+01  0.4818E+02
   8.028  0.9228E+01  0.4827E+02
   8.038  0.1135E+02  0.4837E+02
   8.048  0.1024E+02  0.4848E+02
   8.058  0.1081E+02  0.4858E+02
   8.068  0.1068E+02  0.4869E+02
   8.078  0.9989E+01  0.4879E+02
   8.088  0.9666E+01  0.4889E+02
   8.098  0.9338E+01  0.4899E+02
   8.108  0.9004E+01  0.4908E+02
   8.118  0.8663E+01  0.4917E+02
   8.128  0.8313E+01  0.4925E+02
   8.138  0.7942E+01  0.4933E+02
   8.148  0.7668E+01  0.4941E+02
   8.158  0.7650E+01  0.4949E+02
   8.168  0.7647E+01  0.4956E+02
   8.178  0.7654E+01  0.4964E+02
   8.188  0.7668E+01  0.4972E+02
   8.198  0.7700E+01  0.4979E+02
   8.208  0.7979E+01  0.4987E+02
   8.218  0.8314E+01  0.4995E+02
   8.228  0.8666E+01  0.5004E+02
   8.238  0.9014E+01  0.5013E+02
   8.248  0.9354E+01  0.5022E+02
   8.258  0.9727E+01  0.5031E+02
   8.268  0.1014E+02  0.5041E+02
   8.278  0.1025E+02  0.5052E+02
   8.288  0.1036E+02  0.5062E+02
   8.298  0.8547E+01  0.5072E+02
   8.308  0.7708E+01  0.5080E+02
   8.318  0.7708E+01  0.5087E+02
   8.328  0.7289E+01  0.5095E+02
   8.338  0.6946E+01  0.5102E+02
   8.348  0.6644E+01  0.5109E+02
   8.358  0.6330E+01  0.5115E+02
   8.368  0.6007E+01  0.5121E+02
   8.378  0.5706E+01  0.5127E+02
   8.388  0.5393E+01  0.5133E+02
   8.398  0.5083E+01  0.5138E+02
   8.408  0.4825E+01  0.5143E+02
   8.418  0.4624E+01  0.5148E+02
   8.428  0.4479E+01  0.5152E+02
   8.438  0.4391E+01  0.5157E+02
   8.448  0.5349E+01  0.5161E+02
   8.458  0.4796E+01  0.5167E+02
   8.468  0.5218E+01  0.5172E+02
   8.478  0.5716E+01  0.5177E+02
   8.488  0.6227E+01  0.5183E+02
   8.498  0.6732E+01  0.5190E+02
   8.508  0.6817E+01  0.5196E+02
   8.518  0.6744E+01  0.5203E+02
   8.528  0.6590E+01  0.5210E+02
   8.538  0.6332E+01  0.5216E+02
   8.548  0.6477E+01  0.5223E+02
   8.558  0.6491E+01  0.5229E+02
   8.568  0.6449E+01  0.5236E+02
   8.578  0.6352E+01  0.5242E+02
   8.588  0.6263E+01  0.5248E+02
   8.598  0.6301E+01  0.5255E+02
   8.608  0.6403E+01  0.5261E+02
   8.618  0.6568E+01  0.5267E+02
   8.628  0.6822E+01  0.5274E+02
   8.638  0.7291E+01  0.5281E+02
   8.648  0.7033E+01  0.5289E+02
   8.658  0.8693E+01  0.5297E+02
   8.668  0.6677E+01  0.5305E+02
   8.678  0.6419E+01  0.5311E+02
   8.688  0.6309E+01  0.5318E+02
   8.698  0.6116E+01  0.5324E+02
   8.708  0.5806E+01  0.5330E+02
   8.718  0.5919E+01  0.5336E+02
   8.728  0.6106E+01  0.5342E+02
   8.738  0.6383E+01  0.5348E+02
   8.748  0.6658E+01  0.5355E+02
   8.758  0.6844E+01  0.5361E+02
   8.768  0.6981E+01  0.5368E+02
   8.778  0.7090E+01  0.5375E+02
   8.788  0.7178E+01  0.5382E+02
   8.798  0.7157E+01  0.5390E+02
   8.808  0.7114E+01  0.5397E+02
   8.818  0.7062E+01  0.5404E+02
   8.828  0.6980E+01  0.5411E+02
   8.838  0.6880E+01  0.5418E+02
   8.848  0.6776E+01  0.5425E+02
   8.858  0.6675E+01  0.5431E+02
   8.868  0.6579E+01  0.5438E+02
   8.878  0.6489E+01  0.5445E+02
   8.888  0.6404E+01  0.5451E+02
   8.898  0.6322E+01  0.5457E+02
   8.908  0.6226E+01  0.5464E+02
   8.918  0.6103E+01  0.5470E+02
   8.928  0.5962E+01  0.5476E+02
   8.938  0.5857E+01  0.5482E+02
   8.948  0.5747E+01  0.5488E+02
   8.958  0.5636E+01  0.5493E+02
   8.968  0.5522E+01  0.5499E+02
   8.978  0.5391E+01  0.5504E+02
   8.988  0.5242E+01  0.5510E+02
   8.998  0.5075E+01  0.5515E+02
   9.008  0.4867E+01  0.5520E+02
   9.018  0.4595E+01  0.5524E+02
   9.028  0.4347E+01  0.5529E+02
   9.038  0.4120E+01  0.5533E+02
   9.048  0.3916E+01  0.5537E+02
   9.058  0.3748E+01  0.5541E+02
   9.068  0.3587E+01  0.5545E+02
   9.078  0.3442E+01  0.5548E+02
   9.088  0.3407E+01  0.5552E+02
   9.098  0.3368E+01  0.5555E+02
   9.108  0.3325E+01  0.5558E+02
   9.118  0.3280E+01  0.5562E+02
   9.128  0.3231E+01  0.5565E+02
   9.138  0.3184E+01  0.5568E+02
   9.148  0.3153E+01  0.5571E+02
   9.158  0.3145E+01  0.5574E+02
   9.168  0.3160E+01  0.5578E+02
   9.178  0.3196E+01  0.5581E+02
   9.188  0.3256E+01  0.5584E+02
   9.198  0.3340E+01  0.5587E+02
   9.208  0.3447E+01  0.5591E+02
   9.218  0.3557E+01  0.5594E+02
   9.228  0.3680E+01  0.5598E+02
   9.238  0.3822E+01  0.5601E+02
   9.248  0.4519E+01  0.5605E+02
   9.258  0.4581E+01  0.5610E+02
   9.268  0.4913E+01  0.5615E+02
   9.278  0.5132E+01  0.5620E+02
   9.288  0.5390E+01  0.5625E+02
   9.298  0.5673E+01  0.5631E+02
   9.308  0.5875E+01  0.5636E+02
   9.318  0.5995E+01  0.5642E+02
   9.328  0.6025E+01  0.5648E+02
   9.338  0.6012E+01  0.5654E+02
   9.348  0.5975E+01  0.5660E+02
   9.358  0.5914E+01  0.5666E+02
   9.368  0.5831E+01  0.5672E+02
   9.378  0.5735E+01  0.5678E+02
   9.388  0.5632E+01  0.5684E+02
   9.398  0.5523E+01  0.5689E+02
   9.408  0.5409E+01  0.5695E+02
   9.418  0.5284E+01  0.5700E+02
   9.428  0.5148E+01  0.5705E+02
   9.438  0.5000E+01  0.5710E+02
   9.448  0.4842E+01  0.5715E+02
   9.458  0.4673E+01  0.5720E+02
   9.468  0.4493E+01  0.5725E+02
   9.478  0.4335E+01  0.5729E+02
   9.488  0.4197E+01  0.5733E+02
   9.498  0.4026E+01  0.5737E+02
   9.508  0.3863E+01  0.5741E+02
   9.518  0.3717E+01  0.5745E+02
   9.528  0.3578E+01  0.5749E+02
   9.538  0.3447E+01  0.5752E+02
   9.548  0.3298E+01  0.5756E+02
   9.558  0.3130E+01  0.5759E+02
   9.568  0.2963E+01  0.5762E+02
   9.578  0.2796E+01  0.5765E+02
   9.588  0.2632E+01  0.5767E+02
   9.598  0.2466E+01  0.5770E+02
   9.608  0.2288E+01  0.5772E+02
   9.618  0.2111E+01  0.5775E+02
   9.628  0.2004E+01  0.5777E+02
   9.638  0.2016E+01  0.5779E+02
   9.648  0.2088E+01  0.5781E+02
   9.658  0.2497E+01  0.5783E+02
   9.668  0.2637E+01  0.5786E+02
   9.678  0.2750E+01  0.5788E+02
   9.688  0.2838E+01  0.5791E+02
   9.698  0.2944E+01  0.5794E+02
   9.708  0.3070E+01  0.5797E+02
   9.718  0.3199E+01  0.5800E+02
   9.728  0.3331E+01  0.5803E+02
   9.738  0.3468E+01  0.5807E+02
   9.748  0.3605E+01  0.5810E+02
   9.758  0.3729E+01  0.5814E+02
   9.768  0.3834E+01  0.5818E+02
   9.778  0.3923E+01  0.5822E+02
   9.788  0.3994E+01  0.5826E+02
   9.798  0.4047E+01  0.5830E+02
   9.808  0.4083E+01  0.5834E+02
   9.818  0.4102E+01  0.5838E+02
   9.828  0.4104E+01  0.5842E+02
   9.838  0.4088E+01  0.5846E+02
   9.848  0.4054E+01  0.5850E+02
   9.858  0.4003E+01  0.5854E+02
   9.868  0.3959E+01  0.5858E+02
   9.878  0.3907E+01  0.5862E+02
   9.888  0.3838E+01  0.5866E+02
   9.898  0.3750E+01  0.5870E+02
   9.908  0.3647E+01  0.5873E+02
   9.918  0.3536E+01  0.5877E+02
   9.928  0.3419E+01  0.5880E+02
   9.938  0.3296E+01  0.5884E+02
   9.948  0.3166E+01  0.5887E+02
   9.958  0.3030E+01  0.5890E+02
   9.968  0.2892E+01  0.5893E+02
   9.978  0.2791E+01  0.5896E+02
   9.988  0.2754E+01  0.5899E+02
   9.998  0.2721E+01  0.5901E+02
  10.008  0.2693E+01  0.5904E+02
  10.018  0.2671E+01  0.5907E+02
  10.028  0.2655E+01  0.5909E+02
  10.038  0.2643E+01  0.5912E+02
  10.048  0.2663E+01  0.5915E+02
  10.058  0.2661E+01  0.5917E+02
  10.068  0.2805E+01  0.5920E+02
  10.078  0.2913E+01  0.5923E+02
  10.088  0.2958E+01  0.5926E+02
  10.098  0.2939E+01  0.5929E+02
  10.108  0.2883E+01  0.5932E+02
  10.118  0.2837E+01  0.5935E+02
  10.128  0.2802E+01  0.5937E+02
  10.138  0.2767E+01  0.5940E+02
  10.148  0.2747E+01  0.5943E+02
  10.158  0.2766E+01  0.5946E+02
  10.168  0.2825E+01  0.5949E+02
  10.178  0.2924E+01  0.5951E+02
  10.188  0.3062E+01  0.5954E+02
  10.198  0.3246E+01  0.5958E+02
  10.208  0.4068E+01  0.5961E+02
  10.218  0.3769E+01  0.5965E+02
  10.228  0.4103E+01  0.5969E+02
  10.238  0.3930E+01  0.5973E+02
  10.248  0.3339E+01  0.5977E+02
  10.258  0.3105E+01  0.5980E+02
  10.268  0.2828E+01  0.5983E+02
  10.278  0.2508E+01  0.5986E+02
  10.288  0.2143E+01  0.5988E+02
  10.298  0.1736E+01  0.5990E+02
  10.308  0.1197E+01  0.5991E+02
  10.318  0.5461E+00  0.5992E+02
  10.328  0.3326E+00  0.5993E+02
  10.338  0.2690E+00  0.5993E+02
  10.348  0.2636E+00  0.5993E+02
  10.358  0.2584E+00  0.5993E+02
  10.368  0.2532E+00  0.5994E+02
  10.378  0.2480E+00  0.5994E+02
  10.388  0.2430E+00  0.5994E+02
  10.398  0.2380E+00  0.5994E+02
  10.408  0.2330E+00  0.5995E+02
  10.418  0.2281E+00  0.5995E+02
  10.428  0.2233E+00  0.5995E+02
  10.438  0.2184E+00  0.5995E+02
  10.448  0.2362E+00  0.5996E+02
  10.458  0.2606E+00  0.5996E+02
  10.468  0.2778E+00  0.5996E+02
  10.478  0.2879E+00  0.5996E+02
  10.488  0.2908E+00  0.5997E+02
  10.498  0.2865E+00  0.5997E+02
  10.508  0.2751E+00  0.5997E+02
  10.518  0.2564E+00  0.5997E+02
  10.528  0.2347E+00  0.5998E+02
  10.538  0.2138E+00  0.5998E+02
  10.548  0.1937E+00  0.5998E+02
  10.558  0.1743E+00  0.5998E+02
  10.568  0.1558E+00  0.5999E+02
  10.578  0.1380E+00  0.5999E+02
  10.588  0.1210E+00  0.5999E+02
  10.598  0.1048E+00  0.5999E+02
  10.608  0.9618E-01  0.5999E+02
  10.618  0.9006E-01  0.5999E+02
  10.628  0.8415E-01  0.5999E+02
  10.638  0.7843E-01  0.5999E+02
  10.648  0.7292E-01  0.5999E+02
  10.658  0.6760E-01  0.5999E+02
  10.668  0.6249E-01  0.5999E+02
  10.678  0.5758E-01  0.6000E+02
  10.688  0.5287E-01  0.6000E+02
  10.698  0.4836E-01  0.6000E+02
  10.708  0.4405E-01  0.6000E+02
  10.718  0.3995E-01  0.6000E+02
  10.728  0.3604E-01  0.6000E+02
  10.738  0.3233E-01  0.6000E+02
  10.748  0.2883E-01  0.6000E+02
  10.758  0.2552E-01  0.6000E+02
  10.768  0.2242E-01  0.6000E+02
  10.778  0.1952E-01  0.6000E+02
  10.788  0.1682E-01  0.6000E+02
  10.798  0.1432E-01  0.6000E+02
  10.808  0.1202E-01  0.6000E+02
  10.818  0.9924E-02  0.6000E+02
  10.828  0.8027E-02  0.6000E+02
  10.838  0.6331E-02  0.6000E+02
  10.848  0.4837E-02  0.6000E+02
  10.858  0.3543E-02  0.6000E+02
  10.868  0.2450E-02  0.6000E+02
  10.878  0.1558E-02  0.6000E+02
  10.888  0.8672E-03  0.6000E+02
  10.898  0.3773E-03  0.6000E+02
  10.908  0.8834E-04  0.6000E+02
