#  E (eV)   dos(E)     Int dos(E) EFermi =    2.094 eV
 -11.422  0.0000E+00  0.0000E+00
 -11.412  0.7717E+00  0.4806E-02
 -11.402  0.1139E+01  0.1457E-01
 -11.392  0.1434E+01  0.2759E-01
 -11.382  0.1703E+01  0.4335E-01
 -11.372  0.1947E+01  0.6157E-01
 -11.362  0.2170E+01  0.8218E-01
 -11.352  0.2406E+01  0.1051E+00
 -11.342  0.2624E+01  0.1302E+00
 -11.332  0.2854E+01  0.1576E+00
 -11.322  0.3083E+01  0.1873E+00
 -11.312  0.3325E+01  0.2193E+00
 -11.302  0.3574E+01  0.2538E+00
 -11.292  0.3841E+01  0.2908E+00
 -11.282  0.4129E+01  0.3307E+00
 -11.272  0.4449E+01  0.3735E+00
 -11.262  0.4809E+01  0.4198E+00
 -11.252  0.5263E+01  0.4700E+00
 -11.242  0.5850E+01  0.5252E+00
 -11.232  0.7254E+01  0.5888E+00
 -11.222  0.7259E+01  0.6618E+00
 -11.212  0.7122E+01  0.7335E+00
 -11.202  0.6971E+01  0.8038E+00
 -11.192  0.6825E+01  0.8728E+00
 -11.182  0.6696E+01  0.9405E+00
 -11.172  0.6563E+01  0.1007E+01
 -11.162  0.6416E+01  0.1072E+01
 -11.152  0.6287E+01  0.1135E+01
 -11.142  0.6138E+01  0.1197E+01
 -11.132  0.6002E+01  0.1258E+01
 -11.122  0.5848E+01  0.1317E+01
 -11.112  0.5699E+01  0.1375E+01
 -11.102  0.5545E+01  0.1431E+01
 -11.092  0.5377E+01  0.1486E+01
 -11.082  0.5216E+01  0.1539E+01
 -11.072  0.5034E+01  0.1590E+01
 -11.062  0.4851E+01  0.1640E+01
 -11.052  0.4656E+01  0.1687E+01
 -11.042  0.4437E+01  0.1733E+01
 -11.032  0.4220E+01  0.1776E+01
 -11.022  0.4036E+01  0.1817E+01
 -11.012  0.3196E+01  0.1853E+01
 -11.002  0.2710E+01  0.1883E+01
 -10.992  0.2338E+01  0.1908E+01
 -10.982  0.2010E+01  0.1929E+01
 -10.972  0.1722E+01  0.1948E+01
 -10.962  0.1457E+01  0.1964E+01
 -10.952  0.1198E+01  0.1977E+01
 -10.942  0.9271E+00  0.1988E+01
 -10.932  0.6202E+00  0.1996E+01
 -10.922  0.5441E+02  0.2098E+01
 -10.912  0.4010E+02  0.2739E+01
 -10.902  0.2884E+02  0.3054E+01
 -10.892  0.2378E+02  0.3309E+01
 -10.882  0.2139E+02  0.3536E+01
 -10.872  0.2004E+02  0.3743E+01
 -10.862  0.1925E+02  0.3940E+01
 -10.852  0.1864E+02  0.4128E+01
 -10.842  0.1833E+02  0.4313E+01
 -10.832  0.1799E+02  0.4493E+01
 -10.822  0.1771E+02  0.4673E+01
 -10.812  0.1801E+02  0.4851E+01
 -10.802  0.1790E+02  0.5030E+01
 -10.792  0.1821E+02  0.5212E+01
 -10.782  0.1863E+02  0.5396E+01
 -10.772  0.1919E+02  0.5584E+01
 -10.762  0.1948E+02  0.5778E+01
 -10.752  0.1712E+02  0.5981E+01
 -10.742  0.0000E+00  0.6000E+01
 -10.732  0.0000E+00  0.6000E+01
 -10.722  0.0000E+00  0.6000E+01
 -10.712  0.0000E+00  0.6000E+01
 -10.702  0.0000E+00  0.6000E+01
 -10.692  0.0000E+00  0.6000E+01
 -10.682  0.0000E+00  0.6000E+01
 -10.672  0.0000E+00  0.6000E+01
 -10.662  0.0000E+00  0.6000E+01
 -10.652  0.0000E+00  0.6000E+01
 -10.642  0.0000E+00  0.6000E+01
 -10.632  0.0000E+00  0.6000E+01
 -10.622  0.0000E+00  0.6000E+01
 -10.612  0.0000E+00  0.6000E+01
 -10.602  0.0000E+00  0.6000E+01
 -10.592  0.0000E+00  0.6000E+01
 -10.582  0.0000E+00  0.6000E+01
 -10.572  0.0000E+00  0.6000E+01
 -10.562  0.0000E+00  0.6000E+01
 -10.552  0.0000E+00  0.6000E+01
 -10.542  0.0000E+00  0.6000E+01
 -10.532  0.0000E+00  0.6000E+01
 -10.522  0.0000E+00  0.6000E+01
 -10.512  0.0000E+00  0.6000E+01
 -10.502  0.0000E+00  0.6000E+01
 -10.492  0.0000E+00  0.6000E+01
 -10.482  0.0000E+00  0.6000E+01
 -10.472  0.0000E+00  0.6000E+01
 -10.462  0.0000E+00  0.6000E+01
 -10.452  0.0000E+00  0.6000E+01
 -10.442  0.0000E+00  0.6000E+01
 -10.432  0.0000E+00  0.6000E+01
 -10.422  0.0000E+00  0.6000E+01
 -10.412  0.0000E+00  0.6000E+01
 -10.402  0.0000E+00  0.6000E+01
 -10.392  0.0000E+00  0.6000E+01
 -10.382  0.0000E+00  0.6000E+01
 -10.372  0.0000E+00  0.6000E+01
 -10.362  0.0000E+00  0.6000E+01
 -10.352  0.0000E+00  0.6000E+01
 -10.342  0.0000E+00  0.6000E+01
 -10.332  0.0000E+00  0.6000E+01
 -10.322  0.0000E+00  0.6000E+01
 -10.312  0.0000E+00  0.6000E+01
 -10.302  0.0000E+00  0.6000E+01
 -10.292  0.0000E+00  0.6000E+01
 -10.282  0.0000E+00  0.6000E+01
 -10.272  0.0000E+00  0.6000E+01
 -10.262  0.0000E+00  0.6000E+01
 -10.252  0.0000E+00  0.6000E+01
 -10.242  0.0000E+00  0.6000E+01
 -10.232  0.0000E+00  0.6000E+01
 -10.222  0.0000E+00  0.6000E+01
 -10.212  0.0000E+00  0.6000E+01
 -10.202  0.0000E+00  0.6000E+01
 -10.192  0.0000E+00  0.6000E+01
 -10.182  0.0000E+00  0.6000E+01
 -10.172  0.0000E+00  0.6000E+01
 -10.162  0.0000E+00  0.6000E+01
 -10.152  0.0000E+00  0.6000E+01
 -10.142  0.0000E+00  0.6000E+01
 -10.132  0.0000E+00  0.6000E+01
 -10.122  0.0000E+00  0.6000E+01
 -10.112  0.0000E+00  0.6000E+01
 -10.102  0.0000E+00  0.6000E+01
 -10.092  0.0000E+00  0.6000E+01
 -10.082  0.0000E+00  0.6000E+01
 -10.072  0.0000E+00  0.6000E+01
 -10.062  0.0000E+00  0.6000E+01
 -10.052  0.0000E+00  0.6000E+01
 -10.042  0.0000E+00  0.6000E+01
 -10.032  0.0000E+00  0.6000E+01
 -10.022  0.0000E+00  0.6000E+01
 -10.012  0.0000E+00  0.6000E+01
 -10.002  0.0000E+00  0.6000E+01
  -9.992  0.0000E+00  0.6000E+01
  -9.982  0.0000E+00  0.6000E+01
  -9.972  0.0000E+00  0.6000E+01
  -9.962  0.0000E+00  0.6000E+01
  -9.952  0.0000E+00  0.6000E+01
  -9.942  0.0000E+00  0.6000E+01
  -9.932  0.0000E+00  0.6000E+01
  -9.922  0.0000E+00  0.6000E+01
  -9.912  0.0000E+00  0.6000E+01
  -9.902  0.0000E+00  0.6000E+01
  -9.892  0.0000E+00  0.6000E+01
  -9.882  0.0000E+00  0.6000E+01
  -9.872  0.0000E+00  0.6000E+01
  -9.862  0.0000E+00  0.6000E+01
  -9.852  0.0000E+00  0.6000E+01
  -9.842  0.0000E+00  0.6000E+01
  -9.832  0.0000E+00  0.6000E+01
  -9.822  0.0000E+00  0.6000E+01
  -9.812  0.0000E+00  0.6000E+01
  -9.802  0.0000E+00  0.6000E+01
  -9.792  0.0000E+00  0.6000E+01
  -9.782  0.0000E+00  0.6000E+01
  -9.772  0.0000E+00  0.6000E+01
  -9.762  0.0000E+00  0.6000E+01
  -9.752  0.0000E+00  0.6000E+01
  -9.742  0.0000E+00  0.6000E+01
  -9.732  0.0000E+00  0.6000E+01
  -9.722  0.0000E+00  0.6000E+01
  -9.712  0.0000E+00  0.6000E+01
  -9.702  0.0000E+00  0.6000E+01
  -9.692  0.0000E+00  0.6000E+01
  -9.682  0.0000E+00  0.6000E+01
  -9.672  0.0000E+00  0.6000E+01
  -9.662  0.0000E+00  0.6000E+01
  -9.652  0.0000E+00  0.6000E+01
  -9.642  0.0000E+00  0.6000E+01
  -9.632  0.0000E+00  0.6000E+01
  -9.622  0.0000E+00  0.6000E+01
  -9.612  0.0000E+00  0.6000E+01
  -9.602  0.0000E+00  0.6000E+01
  -9.592  0.0000E+00  0.6000E+01
  -9.582  0.0000E+00  0.6000E+01
  -9.572  0.0000E+00  0.6000E+01
  -9.562  0.0000E+00  0.6000E+01
  -9.552  0.0000E+00  0.6000E+01
  -9.542  0.0000E+00  0.6000E+01
  -9.532  0.0000E+00  0.6000E+01
  -9.522  0.0000E+00  0.6000E+01
  -9.512  0.0000E+00  0.6000E+01
  -9.502  0.0000E+00  0.6000E+01
  -9.492  0.0000E+00  0.6000E+01
  -9.482  0.0000E+00  0.6000E+01
  -9.472  0.0000E+00  0.6000E+01
  -9.462  0.0000E+00  0.6000E+01
  -9.452  0.0000E+00  0.6000E+01
  -9.442  0.0000E+00  0.6000E+01
  -9.432  0.0000E+00  0.6000E+01
  -9.422  0.0000E+00  0.6000E+01
  -9.412  0.0000E+00  0.6000E+01
  -9.402  0.0000E+00  0.6000E+01
  -9.392  0.0000E+00  0.6000E+01
  -9.382  0.0000E+00  0.6000E+01
  -9.372  0.0000E+00  0.6000E+01
  -9.362  0.0000E+00  0.6000E+01
  -9.352  0.0000E+00  0.6000E+01
  -9.342  0.0000E+00  0.6000E+01
  -9.332  0.0000E+00  0.6000E+01
  -9.322  0.0000E+00  0.6000E+01
  -9.312  0.0000E+00  0.6000E+01
  -9.302  0.0000E+00  0.6000E+01
  -9.292  0.0000E+00  0.6000E+01
  -9.282  0.0000E+00  0.6000E+01
  -9.272  0.0000E+00  0.6000E+01
  -9.262  0.0000E+00  0.6000E+01
  -9.252  0.0000E+00  0.6000E+01
  -9.242  0.0000E+00  0.6000E+01
  -9.232  0.0000E+00  0.6000E+01
  -9.222  0.0000E+00  0.6000E+01
  -9.212  0.0000E+00  0.6000E+01
  -9.202  0.0000E+00  0.6000E+01
  -9.192  0.0000E+00  0.6000E+01
  -9.182  0.0000E+00  0.6000E+01
  -9.172  0.0000E+00  0.6000E+01
  -9.162  0.0000E+00  0.6000E+01
  -9.152  0.0000E+00  0.6000E+01
  -9.142  0.0000E+00  0.6000E+01
  -9.132  0.0000E+00  0.6000E+01
  -9.122  0.0000E+00  0.6000E+01
  -9.112  0.0000E+00  0.6000E+01
  -9.102  0.0000E+00  0.6000E+01
  -9.092  0.0000E+00  0.6000E+01
  -9.082  0.0000E+00  0.6000E+01
  -9.072  0.0000E+00  0.6000E+01
  -9.062  0.0000E+00  0.6000E+01
  -9.052  0.0000E+00  0.6000E+01
  -9.042  0.0000E+00  0.6000E+01
  -9.032  0.0000E+00  0.6000E+01
  -9.022  0.0000E+00  0.6000E+01
  -9.012  0.0000E+00  0.6000E+01
  -9.002  0.0000E+00  0.6000E+01
  -8.992  0.0000E+00  0.6000E+01
  -8.982  0.0000E+00  0.6000E+01
  -8.972  0.0000E+00  0.6000E+01
  -8.962  0.0000E+00  0.6000E+01
  -8.952  0.0000E+00  0.6000E+01
  -8.942  0.0000E+00  0.6000E+01
  -8.932  0.0000E+00  0.6000E+01
  -8.922  0.0000E+00  0.6000E+01
  -8.912  0.0000E+00  0.6000E+01
  -8.902  0.0000E+00  0.6000E+01
  -8.892  0.0000E+00  0.6000E+01
  -8.882  0.0000E+00  0.6000E+01
  -8.872  0.0000E+00  0.6000E+01
  -8.862  0.0000E+00  0.6000E+01
  -8.852  0.0000E+00  0.6000E+01
  -8.842  0.0000E+00  0.6000E+01
  -8.832  0.0000E+00  0.6000E+01
  -8.822  0.0000E+00  0.6000E+01
  -8.812  0.0000E+00  0.6000E+01
  -8.802  0.0000E+00  0.6000E+01
  -8.792  0.0000E+00  0.6000E+01
  -8.782  0.0000E+00  0.6000E+01
  -8.772  0.0000E+00  0.6000E+01
  -8.762  0.0000E+00  0.6000E+01
  -8.752  0.0000E+00  0.6000E+01
  -8.742  0.0000E+00  0.6000E+01
  -8.732  0.0000E+00  0.6000E+01
  -8.722  0.0000E+00  0.6000E+01
  -8.712  0.0000E+00  0.6000E+01
  -8.702  0.0000E+00  0.6000E+01
  -8.692  0.0000E+00  0.6000E+01
  -8.682  0.0000E+00  0.6000E+01
  -8.672  0.0000E+00  0.6000E+01
  -8.662  0.0000E+00  0.6000E+01
  -8.652  0.0000E+00  0.6000E+01
  -8.642  0.0000E+00  0.6000E+01
  -8.632  0.0000E+00  0.6000E+01
  -8.622  0.0000E+00  0.6000E+01
  -8.612  0.0000E+00  0.6000E+01
  -8.602  0.0000E+00  0.6000E+01
  -8.592  0.0000E+00  0.6000E+01
  -8.582  0.0000E+00  0.6000E+01
  -8.572  0.0000E+00  0.6000E+01
  -8.562  0.0000E+00  0.6000E+01
  -8.552  0.0000E+00  0.6000E+01
  -8.542  0.0000E+00  0.6000E+01
  -8.532  0.0000E+00  0.6000E+01
  -8.522  0.0000E+00  0.6000E+01
  -8.512  0.0000E+00  0.6000E+01
  -8.502  0.0000E+00  0.6000E+01
  -8.492  0.0000E+00  0.6000E+01
  -8.482  0.0000E+00  0.6000E+01
  -8.472  0.0000E+00  0.6000E+01
  -8.462  0.0000E+00  0.6000E+01
  -8.452  0.0000E+00  0.6000E+01
  -8.442  0.0000E+00  0.6000E+01
  -8.432  0.0000E+00  0.6000E+01
  -8.422  0.0000E+00  0.6000E+01
  -8.412  0.0000E+00  0.6000E+01
  -8.402  0.0000E+00  0.6000E+01
  -8.392  0.0000E+00  0.6000E+01
  -8.382  0.0000E+00  0.6000E+01
  -8.372  0.0000E+00  0.6000E+01
  -8.362  0.0000E+00  0.6000E+01
  -8.352  0.0000E+00  0.6000E+01
  -8.342  0.0000E+00  0.6000E+01
  -8.332  0.0000E+00  0.6000E+01
  -8.322  0.0000E+00  0.6000E+01
  -8.312  0.0000E+00  0.6000E+01
  -8.302  0.0000E+00  0.6000E+01
  -8.292  0.0000E+00  0.6000E+01
  -8.282  0.0000E+00  0.6000E+01
  -8.272  0.0000E+00  0.6000E+01
  -8.262  0.0000E+00  0.6000E+01
  -8.252  0.0000E+00  0.6000E+01
  -8.242  0.0000E+00  0.6000E+01
  -8.232  0.0000E+00  0.6000E+01
  -8.222  0.0000E+00  0.6000E+01
  -8.212  0.0000E+00  0.6000E+01
  -8.202  0.0000E+00  0.6000E+01
  -8.192  0.0000E+00  0.6000E+01
  -8.182  0.0000E+00  0.6000E+01
  -8.172  0.0000E+00  0.6000E+01
  -8.162  0.0000E+00  0.6000E+01
  -8.152  0.0000E+00  0.6000E+01
  -8.142  0.0000E+00  0.6000E+01
  -8.132  0.0000E+00  0.6000E+01
  -8.122  0.0000E+00  0.6000E+01
  -8.112  0.0000E+00  0.6000E+01
  -8.102  0.0000E+00  0.6000E+01
  -8.092  0.0000E+00  0.6000E+01
  -8.082  0.0000E+00  0.6000E+01
  -8.072  0.0000E+00  0.6000E+01
  -8.062  0.0000E+00  0.6000E+01
  -8.052  0.0000E+00  0.6000E+01
  -8.042  0.0000E+00  0.6000E+01
  -8.032  0.0000E+00  0.6000E+01
  -8.022  0.0000E+00  0.6000E+01
  -8.012  0.0000E+00  0.6000E+01
  -8.002  0.0000E+00  0.6000E+01
  -7.992  0.0000E+00  0.6000E+01
  -7.982  0.0000E+00  0.6000E+01
  -7.972  0.0000E+00  0.6000E+01
  -7.962  0.0000E+00  0.6000E+01
  -7.952  0.0000E+00  0.6000E+01
  -7.942  0.0000E+00  0.6000E+01
  -7.932  0.0000E+00  0.6000E+01
  -7.922  0.0000E+00  0.6000E+01
  -7.912  0.0000E+00  0.6000E+01
  -7.902  0.0000E+00  0.6000E+01
  -7.892  0.0000E+00  0.6000E+01
  -7.882  0.0000E+00  0.6000E+01
  -7.872  0.0000E+00  0.6000E+01
  -7.862  0.0000E+00  0.6000E+01
  -7.852  0.0000E+00  0.6000E+01
  -7.842  0.9154E-01  0.6000E+01
  -7.832  0.1546E+00  0.6001E+01
  -7.822  0.2093E+00  0.6003E+01
  -7.812  0.2510E+00  0.6006E+01
  -7.802  0.2968E+00  0.6008E+01
  -7.792  0.3242E+00  0.6011E+01
  -7.782  0.3552E+00  0.6015E+01
  -7.772  0.3930E+00  0.6019E+01
  -7.762  0.4190E+00  0.6023E+01
  -7.752  0.4457E+00  0.6027E+01
  -7.742  0.4755E+00  0.6032E+01
  -7.732  0.5069E+00  0.6037E+01
  -7.722  0.5318E+00  0.6042E+01
  -7.712  0.5577E+00  0.6047E+01
  -7.702  0.5851E+00  0.6053E+01
  -7.692  0.6133E+00  0.6059E+01
  -7.682  0.6417E+00  0.6065E+01
  -7.672  0.6675E+00  0.6072E+01
  -7.662  0.6937E+00  0.6079E+01
  -7.652  0.7212E+00  0.6086E+01
  -7.642  0.7498E+00  0.6093E+01
  -7.632  0.7786E+00  0.6101E+01
  -7.622  0.8061E+00  0.6109E+01
  -7.612  0.8343E+00  0.6117E+01
  -7.602  0.8636E+00  0.6125E+01
  -7.592  0.8935E+00  0.6134E+01
  -7.582  0.9240E+00  0.6143E+01
  -7.572  0.9549E+00  0.6152E+01
  -7.562  0.9867E+00  0.6162E+01
  -7.552  0.1019E+01  0.6172E+01
  -7.542  0.1052E+01  0.6183E+01
  -7.532  0.1085E+01  0.6193E+01
  -7.522  0.1122E+01  0.6204E+01
  -7.512  0.1159E+01  0.6216E+01
  -7.502  0.1197E+01  0.6227E+01
  -7.492  0.1235E+01  0.6240E+01
  -7.482  0.1274E+01  0.6252E+01
  -7.472  0.1319E+01  0.6265E+01
  -7.462  0.1365E+01  0.6279E+01
  -7.452  0.1412E+01  0.6292E+01
  -7.442  0.1459E+01  0.6307E+01
  -7.432  0.1510E+01  0.6322E+01
  -7.422  0.1571E+01  0.6337E+01
  -7.412  0.1633E+01  0.6353E+01
  -7.402  0.1695E+01  0.6370E+01
  -7.392  0.1769E+01  0.6387E+01
  -7.382  0.1857E+01  0.6405E+01
  -7.372  0.1948E+01  0.6424E+01
  -7.362  0.2071E+01  0.6444E+01
  -7.352  0.2224E+01  0.6466E+01
  -7.342  0.2579E+01  0.6489E+01
  -7.332  0.2577E+01  0.6515E+01
  -7.322  0.2547E+01  0.6541E+01
  -7.312  0.2555E+01  0.6566E+01
  -7.302  0.2536E+01  0.6592E+01
  -7.292  0.2530E+01  0.6617E+01
  -7.282  0.2530E+01  0.6642E+01
  -7.272  0.2512E+01  0.6668E+01
  -7.262  0.2503E+01  0.6693E+01
  -7.252  0.2500E+01  0.6718E+01
  -7.242  0.2494E+01  0.6743E+01
  -7.232  0.2478E+01  0.6767E+01
  -7.222  0.2470E+01  0.6792E+01
  -7.212  0.2465E+01  0.6817E+01
  -7.202  0.2459E+01  0.6842E+01
  -7.192  0.2447E+01  0.6866E+01
  -7.182  0.2438E+01  0.6890E+01
  -7.172  0.2431E+01  0.6915E+01
  -7.162  0.2425E+01  0.6939E+01
  -7.152  0.2418E+01  0.6963E+01
  -7.142  0.2407E+01  0.6987E+01
  -7.132  0.2399E+01  0.7011E+01
  -7.122  0.2392E+01  0.7035E+01
  -7.112  0.2385E+01  0.7059E+01
  -7.102  0.2378E+01  0.7083E+01
  -7.092  0.2369E+01  0.7107E+01
  -7.082  0.2362E+01  0.7131E+01
  -7.072  0.2354E+01  0.7154E+01
  -7.062  0.2346E+01  0.7178E+01
  -7.052  0.2339E+01  0.7201E+01
  -7.042  0.2333E+01  0.7224E+01
  -7.032  0.2326E+01  0.7248E+01
  -7.022  0.2317E+01  0.7271E+01
  -7.012  0.2308E+01  0.7294E+01
  -7.002  0.2301E+01  0.7317E+01
  -6.992  0.2299E+01  0.7340E+01
  -6.982  0.2291E+01  0.7363E+01
  -6.972  0.2280E+01  0.7386E+01
  -6.962  0.2271E+01  0.7409E+01
  -6.952  0.2270E+01  0.7431E+01
  -6.942  0.2265E+01  0.7454E+01
  -6.932  0.2252E+01  0.7477E+01
  -6.922  0.2241E+01  0.7499E+01
  -6.912  0.2248E+01  0.7521E+01
  -6.902  0.2237E+01  0.7544E+01
  -6.892  0.2215E+01  0.7566E+01
  -6.882  0.2238E+01  0.7588E+01
  -6.872  0.2194E+01  0.7611E+01
  -6.862  0.2149E+01  0.7633E+01
  -6.852  0.1878E+01  0.7653E+01
  -6.842  0.1725E+01  0.7670E+01
  -6.832  0.1625E+01  0.7687E+01
  -6.822  0.1529E+01  0.7703E+01
  -6.812  0.1457E+01  0.7718E+01
  -6.802  0.1387E+01  0.7732E+01
  -6.792  0.1320E+01  0.7746E+01
  -6.782  0.1266E+01  0.7759E+01
  -6.772  0.1213E+01  0.7771E+01
  -6.762  0.1160E+01  0.7783E+01
  -6.752  0.1113E+01  0.7794E+01
  -6.742  0.1071E+01  0.7805E+01
  -6.732  0.1028E+01  0.7816E+01
  -6.722  0.9875E+00  0.7826E+01
  -6.712  0.9478E+00  0.7835E+01
  -6.702  0.9127E+00  0.7845E+01
  -6.692  0.8785E+00  0.7854E+01
  -6.682  0.8446E+00  0.7862E+01
  -6.672  0.8114E+00  0.7870E+01
  -6.662  0.7799E+00  0.7878E+01
  -6.652  0.7504E+00  0.7886E+01
  -6.642  0.7218E+00  0.7893E+01
  -6.632  0.6934E+00  0.7901E+01
  -6.622  0.6656E+00  0.7907E+01
  -6.612  0.6387E+00  0.7914E+01
  -6.602  0.6130E+00  0.7920E+01
  -6.592  0.5879E+00  0.7926E+01
  -6.582  0.5634E+00  0.7932E+01
  -6.572  0.5393E+00  0.7937E+01
  -6.562  0.5157E+00  0.7943E+01
  -6.552  0.4923E+00  0.7948E+01
  -6.542  0.4693E+00  0.7952E+01
  -6.532  0.4472E+00  0.7957E+01
  -6.522  0.4256E+00  0.7961E+01
  -6.512  0.4048E+00  0.7966E+01
  -6.502  0.3816E+00  0.7970E+01
  -6.492  0.3595E+00  0.7973E+01
  -6.482  0.3390E+00  0.7977E+01
  -6.472  0.3197E+00  0.7980E+01
  -6.462  0.2972E+00  0.7983E+01
  -6.452  0.2733E+00  0.7986E+01
  -6.442  0.2523E+00  0.7989E+01
  -6.432  0.2326E+00  0.7991E+01
  -6.422  0.2076E+00  0.7993E+01
  -6.412  0.1804E+00  0.7995E+01
  -6.402  0.1570E+00  0.7997E+01
  -6.392  0.1264E+00  0.7998E+01
  -6.382  0.8999E-01  0.7999E+01
  -6.372  0.1872E-01  0.8000E+01
  -6.362  0.0000E+00  0.8000E+01
  -6.352  0.0000E+00  0.8000E+01
  -6.342  0.0000E+00  0.8000E+01
  -6.332  0.0000E+00  0.8000E+01
  -6.322  0.0000E+00  0.8000E+01
  -6.312  0.0000E+00  0.8000E+01
  -6.302  0.0000E+00  0.8000E+01
  -6.292  0.0000E+00  0.8000E+01
  -6.282  0.0000E+00  0.8000E+01
  -6.272  0.0000E+00  0.8000E+01
  -6.262  0.0000E+00  0.8000E+01
  -6.252  0.0000E+00  0.8000E+01
  -6.242  0.0000E+00  0.8000E+01
  -6.232  0.0000E+00  0.8000E+01
  -6.222  0.0000E+00  0.8000E+01
  -6.212  0.0000E+00  0.8000E+01
  -6.202  0.0000E+00  0.8000E+01
  -6.192  0.0000E+00  0.8000E+01
  -6.182  0.0000E+00  0.8000E+01
  -6.172  0.0000E+00  0.8000E+01
  -6.162  0.0000E+00  0.8000E+01
  -6.152  0.0000E+00  0.8000E+01
  -6.142  0.0000E+00  0.8000E+01
  -6.132  0.0000E+00  0.8000E+01
  -6.122  0.0000E+00  0.8000E+01
  -6.112  0.0000E+00  0.8000E+01
  -6.102  0.0000E+00  0.8000E+01
  -6.092  0.0000E+00  0.8000E+01
  -6.082  0.0000E+00  0.8000E+01
  -6.072  0.0000E+00  0.8000E+01
  -6.062  0.0000E+00  0.8000E+01
  -6.052  0.0000E+00  0.8000E+01
  -6.042  0.0000E+00  0.8000E+01
  -6.032  0.0000E+00  0.8000E+01
  -6.022  0.0000E+00  0.8000E+01
  -6.012  0.0000E+00  0.8000E+01
  -6.002  0.0000E+00  0.8000E+01
  -5.992  0.0000E+00  0.8000E+01
  -5.982  0.0000E+00  0.8000E+01
  -5.972  0.0000E+00  0.8000E+01
  -5.962  0.0000E+00  0.8000E+01
  -5.952  0.0000E+00  0.8000E+01
  -5.942  0.0000E+00  0.8000E+01
  -5.932  0.0000E+00  0.8000E+01
  -5.922  0.0000E+00  0.8000E+01
  -5.912  0.0000E+00  0.8000E+01
  -5.902  0.0000E+00  0.8000E+01
  -5.892  0.0000E+00  0.8000E+01
  -5.882  0.0000E+00  0.8000E+01
  -5.872  0.0000E+00  0.8000E+01
  -5.862  0.0000E+00  0.8000E+01
  -5.852  0.0000E+00  0.8000E+01
  -5.842  0.0000E+00  0.8000E+01
  -5.832  0.0000E+00  0.8000E+01
  -5.822  0.0000E+00  0.8000E+01
  -5.812  0.0000E+00  0.8000E+01
  -5.802  0.0000E+00  0.8000E+01
  -5.792  0.0000E+00  0.8000E+01
  -5.782  0.0000E+00  0.8000E+01
  -5.772  0.0000E+00  0.8000E+01
  -5.762  0.0000E+00  0.8000E+01
  -5.752  0.0000E+00  0.8000E+01
  -5.742  0.0000E+00  0.8000E+01
  -5.732  0.0000E+00  0.8000E+01
  -5.722  0.0000E+00  0.8000E+01
  -5.712  0.0000E+00  0.8000E+01
  -5.702  0.0000E+00  0.8000E+01
  -5.692  0.0000E+00  0.8000E+01
  -5.682  0.0000E+00  0.8000E+01
  -5.672  0.0000E+00  0.8000E+01
  -5.662  0.0000E+00  0.8000E+01
  -5.652  0.0000E+00  0.8000E+01
  -5.642  0.0000E+00  0.8000E+01
  -5.632  0.0000E+00  0.8000E+01
  -5.622  0.0000E+00  0.8000E+01
  -5.612  0.0000E+00  0.8000E+01
  -5.602  0.0000E+00  0.8000E+01
  -5.592  0.0000E+00  0.8000E+01
  -5.582  0.0000E+00  0.8000E+01
  -5.572  0.0000E+00  0.8000E+01
  -5.562  0.0000E+00  0.8000E+01
  -5.552  0.0000E+00  0.8000E+01
  -5.542  0.0000E+00  0.8000E+01
  -5.532  0.0000E+00  0.8000E+01
  -5.522  0.0000E+00  0.8000E+01
  -5.512  0.0000E+00  0.8000E+01
  -5.502  0.0000E+00  0.8000E+01
  -5.492  0.0000E+00  0.8000E+01
  -5.482  0.0000E+00  0.8000E+01
  -5.472  0.0000E+00  0.8000E+01
  -5.462  0.0000E+00  0.8000E+01
  -5.452  0.0000E+00  0.8000E+01
  -5.442  0.0000E+00  0.8000E+01
  -5.432  0.0000E+00  0.8000E+01
  -5.422  0.0000E+00  0.8000E+01
  -5.412  0.0000E+00  0.8000E+01
  -5.402  0.0000E+00  0.8000E+01
  -5.392  0.0000E+00  0.8000E+01
  -5.382  0.0000E+00  0.8000E+01
  -5.372  0.0000E+00  0.8000E+01
  -5.362  0.0000E+00  0.8000E+01
  -5.352  0.0000E+00  0.8000E+01
  -5.342  0.0000E+00  0.8000E+01
  -5.332  0.0000E+00  0.8000E+01
  -5.322  0.0000E+00  0.8000E+01
  -5.312  0.0000E+00  0.8000E+01
  -5.302  0.0000E+00  0.8000E+01
  -5.292  0.0000E+00  0.8000E+01
  -5.282  0.0000E+00  0.8000E+01
  -5.272  0.0000E+00  0.8000E+01
  -5.262  0.0000E+00  0.8000E+01
  -5.252  0.0000E+00  0.8000E+01
  -5.242  0.0000E+00  0.8000E+01
  -5.232  0.0000E+00  0.8000E+01
  -5.222  0.0000E+00  0.8000E+01
  -5.212  0.0000E+00  0.8000E+01
  -5.202  0.0000E+00  0.8000E+01
  -5.192  0.0000E+00  0.8000E+01
  -5.182  0.0000E+00  0.8000E+01
  -5.172  0.0000E+00  0.8000E+01
  -5.162  0.0000E+00  0.8000E+01
  -5.152  0.0000E+00  0.8000E+01
  -5.142  0.0000E+00  0.8000E+01
  -5.132  0.0000E+00  0.8000E+01
  -5.122  0.0000E+00  0.8000E+01
  -5.112  0.0000E+00  0.8000E+01
  -5.102  0.0000E+00  0.8000E+01
  -5.092  0.0000E+00  0.8000E+01
  -5.082  0.0000E+00  0.8000E+01
  -5.072  0.0000E+00  0.8000E+01
  -5.062  0.0000E+00  0.8000E+01
  -5.052  0.0000E+00  0.8000E+01
  -5.042  0.0000E+00  0.8000E+01
  -5.032  0.0000E+00  0.8000E+01
  -5.022  0.0000E+00  0.8000E+01
  -5.012  0.0000E+00  0.8000E+01
  -5.002  0.0000E+00  0.8000E+01
  -4.992  0.0000E+00  0.8000E+01
  -4.982  0.0000E+00  0.8000E+01
  -4.972  0.0000E+00  0.8000E+01
  -4.962  0.0000E+00  0.8000E+01
  -4.952  0.0000E+00  0.8000E+01
  -4.942  0.0000E+00  0.8000E+01
  -4.932  0.0000E+00  0.8000E+01
  -4.922  0.0000E+00  0.8000E+01
  -4.912  0.0000E+00  0.8000E+01
  -4.902  0.0000E+00  0.8000E+01
  -4.892  0.0000E+00  0.8000E+01
  -4.882  0.0000E+00  0.8000E+01
  -4.872  0.0000E+00  0.8000E+01
  -4.862  0.0000E+00  0.8000E+01
  -4.852  0.0000E+00  0.8000E+01
  -4.842  0.0000E+00  0.8000E+01
  -4.832  0.0000E+00  0.8000E+01
  -4.822  0.0000E+00  0.8000E+01
  -4.812  0.0000E+00  0.8000E+01
  -4.802  0.0000E+00  0.8000E+01
  -4.792  0.0000E+00  0.8000E+01
  -4.782  0.0000E+00  0.8000E+01
  -4.772  0.0000E+00  0.8000E+01
  -4.762  0.0000E+00  0.8000E+01
  -4.752  0.0000E+00  0.8000E+01
  -4.742  0.0000E+00  0.8000E+01
  -4.732  0.0000E+00  0.8000E+01
  -4.722  0.0000E+00  0.8000E+01
  -4.712  0.0000E+00  0.8000E+01
  -4.702  0.0000E+00  0.8000E+01
  -4.692  0.0000E+00  0.8000E+01
  -4.682  0.0000E+00  0.8000E+01
  -4.672  0.0000E+00  0.8000E+01
  -4.662  0.0000E+00  0.8000E+01
  -4.652  0.0000E+00  0.8000E+01
  -4.642  0.0000E+00  0.8000E+01
  -4.632  0.0000E+00  0.8000E+01
  -4.622  0.0000E+00  0.8000E+01
  -4.612  0.0000E+00  0.8000E+01
  -4.602  0.0000E+00  0.8000E+01
  -4.592  0.0000E+00  0.8000E+01
  -4.582  0.0000E+00  0.8000E+01
  -4.572  0.0000E+00  0.8000E+01
  -4.562  0.0000E+00  0.8000E+01
  -4.552  0.0000E+00  0.8000E+01
  -4.542  0.0000E+00  0.8000E+01
  -4.532  0.0000E+00  0.8000E+01
  -4.522  0.0000E+00  0.8000E+01
  -4.512  0.0000E+00  0.8000E+01
  -4.502  0.0000E+00  0.8000E+01
  -4.492  0.0000E+00  0.8000E+01
  -4.482  0.0000E+00  0.8000E+01
  -4.472  0.0000E+00  0.8000E+01
  -4.462  0.0000E+00  0.8000E+01
  -4.452  0.0000E+00  0.8000E+01
  -4.442  0.0000E+00  0.8000E+01
  -4.432  0.0000E+00  0.8000E+01
  -4.422  0.0000E+00  0.8000E+01
  -4.412  0.0000E+00  0.8000E+01
  -4.402  0.0000E+00  0.8000E+01
  -4.392  0.0000E+00  0.8000E+01
  -4.382  0.0000E+00  0.8000E+01
  -4.372  0.0000E+00  0.8000E+01
  -4.362  0.0000E+00  0.8000E+01
  -4.352  0.0000E+00  0.8000E+01
  -4.342  0.0000E+00  0.8000E+01
  -4.332  0.0000E+00  0.8000E+01
  -4.322  0.0000E+00  0.8000E+01
  -4.312  0.0000E+00  0.8000E+01
  -4.302  0.0000E+00  0.8000E+01
  -4.292  0.0000E+00  0.8000E+01
  -4.282  0.0000E+00  0.8000E+01
  -4.272  0.0000E+00  0.8000E+01
  -4.262  0.0000E+00  0.8000E+01
  -4.252  0.0000E+00  0.8000E+01
  -4.242  0.0000E+00  0.8000E+01
  -4.232  0.0000E+00  0.8000E+01
  -4.222  0.0000E+00  0.8000E+01
  -4.212  0.0000E+00  0.8000E+01
  -4.202  0.0000E+00  0.8000E+01
  -4.192  0.0000E+00  0.8000E+01
  -4.182  0.0000E+00  0.8000E+01
  -4.172  0.0000E+00  0.8000E+01
  -4.162  0.0000E+00  0.8000E+01
  -4.152  0.0000E+00  0.8000E+01
  -4.142  0.0000E+00  0.8000E+01
  -4.132  0.0000E+00  0.8000E+01
  -4.122  0.0000E+00  0.8000E+01
  -4.112  0.0000E+00  0.8000E+01
  -4.102  0.0000E+00  0.8000E+01
  -4.092  0.0000E+00  0.8000E+01
  -4.082  0.0000E+00  0.8000E+01
  -4.072  0.0000E+00  0.8000E+01
  -4.062  0.0000E+00  0.8000E+01
  -4.052  0.0000E+00  0.8000E+01
  -4.042  0.0000E+00  0.8000E+01
  -4.032  0.0000E+00  0.8000E+01
  -4.022  0.0000E+00  0.8000E+01
  -4.012  0.0000E+00  0.8000E+01
  -4.002  0.0000E+00  0.8000E+01
  -3.992  0.0000E+00  0.8000E+01
  -3.982  0.0000E+00  0.8000E+01
  -3.972  0.0000E+00  0.8000E+01
  -3.962  0.0000E+00  0.8000E+01
  -3.952  0.0000E+00  0.8000E+01
  -3.942  0.0000E+00  0.8000E+01
  -3.932  0.0000E+00  0.8000E+01
  -3.922  0.0000E+00  0.8000E+01
  -3.912  0.0000E+00  0.8000E+01
  -3.902  0.0000E+00  0.8000E+01
  -3.892  0.0000E+00  0.8000E+01
  -3.882  0.0000E+00  0.8000E+01
  -3.872  0.0000E+00  0.8000E+01
  -3.862  0.0000E+00  0.8000E+01
  -3.852  0.0000E+00  0.8000E+01
  -3.842  0.0000E+00  0.8000E+01
  -3.832  0.0000E+00  0.8000E+01
  -3.822  0.0000E+00  0.8000E+01
  -3.812  0.0000E+00  0.8000E+01
  -3.802  0.0000E+00  0.8000E+01
  -3.792  0.0000E+00  0.8000E+01
  -3.782  0.0000E+00  0.8000E+01
  -3.772  0.0000E+00  0.8000E+01
  -3.762  0.0000E+00  0.8000E+01
  -3.752  0.0000E+00  0.8000E+01
  -3.742  0.0000E+00  0.8000E+01
  -3.732  0.0000E+00  0.8000E+01
  -3.722  0.0000E+00  0.8000E+01
  -3.712  0.0000E+00  0.8000E+01
  -3.702  0.0000E+00  0.8000E+01
  -3.692  0.0000E+00  0.8000E+01
  -3.682  0.0000E+00  0.8000E+01
  -3.672  0.0000E+00  0.8000E+01
  -3.662  0.0000E+00  0.8000E+01
  -3.652  0.0000E+00  0.8000E+01
  -3.642  0.0000E+00  0.8000E+01
  -3.632  0.0000E+00  0.8000E+01
  -3.622  0.0000E+00  0.8000E+01
  -3.612  0.0000E+00  0.8000E+01
  -3.602  0.0000E+00  0.8000E+01
  -3.592  0.0000E+00  0.8000E+01
  -3.582  0.0000E+00  0.8000E+01
  -3.572  0.0000E+00  0.8000E+01
  -3.562  0.0000E+00  0.8000E+01
  -3.552  0.0000E+00  0.8000E+01
  -3.542  0.0000E+00  0.8000E+01
  -3.532  0.0000E+00  0.8000E+01
  -3.522  0.0000E+00  0.8000E+01
  -3.512  0.0000E+00  0.8000E+01
  -3.502  0.0000E+00  0.8000E+01
  -3.492  0.0000E+00  0.8000E+01
  -3.482  0.0000E+00  0.8000E+01
  -3.472  0.0000E+00  0.8000E+01
  -3.462  0.0000E+00  0.8000E+01
  -3.452  0.0000E+00  0.8000E+01
  -3.442  0.0000E+00  0.8000E+01
  -3.432  0.0000E+00  0.8000E+01
  -3.422  0.0000E+00  0.8000E+01
  -3.412  0.0000E+00  0.8000E+01
  -3.402  0.0000E+00  0.8000E+01
  -3.392  0.0000E+00  0.8000E+01
  -3.382  0.0000E+00  0.8000E+01
  -3.372  0.0000E+00  0.8000E+01
  -3.362  0.0000E+00  0.8000E+01
  -3.352  0.0000E+00  0.8000E+01
  -3.342  0.0000E+00  0.8000E+01
  -3.332  0.0000E+00  0.8000E+01
  -3.322  0.0000E+00  0.8000E+01
  -3.312  0.0000E+00  0.8000E+01
  -3.302  0.0000E+00  0.8000E+01
  -3.292  0.0000E+00  0.8000E+01
  -3.282  0.0000E+00  0.8000E+01
  -3.272  0.0000E+00  0.8000E+01
  -3.262  0.0000E+00  0.8000E+01
  -3.252  0.0000E+00  0.8000E+01
  -3.242  0.0000E+00  0.8000E+01
  -3.232  0.0000E+00  0.8000E+01
  -3.222  0.0000E+00  0.8000E+01
  -3.212  0.0000E+00  0.8000E+01
  -3.202  0.0000E+00  0.8000E+01
  -3.192  0.0000E+00  0.8000E+01
  -3.182  0.0000E+00  0.8000E+01
  -3.172  0.0000E+00  0.8000E+01
  -3.162  0.0000E+00  0.8000E+01
  -3.152  0.0000E+00  0.8000E+01
  -3.142  0.0000E+00  0.8000E+01
  -3.132  0.0000E+00  0.8000E+01
  -3.122  0.0000E+00  0.8000E+01
  -3.112  0.0000E+00  0.8000E+01
  -3.102  0.0000E+00  0.8000E+01
  -3.092  0.0000E+00  0.8000E+01
  -3.082  0.0000E+00  0.8000E+01
  -3.072  0.0000E+00  0.8000E+01
  -3.062  0.0000E+00  0.8000E+01
  -3.052  0.0000E+00  0.8000E+01
  -3.042  0.0000E+00  0.8000E+01
  -3.032  0.0000E+00  0.8000E+01
  -3.022  0.0000E+00  0.8000E+01
  -3.012  0.0000E+00  0.8000E+01
  -3.002  0.0000E+00  0.8000E+01
  -2.992  0.0000E+00  0.8000E+01
  -2.982  0.0000E+00  0.8000E+01
  -2.972  0.0000E+00  0.8000E+01
  -2.962  0.0000E+00  0.8000E+01
  -2.952  0.0000E+00  0.8000E+01
  -2.942  0.0000E+00  0.8000E+01
  -2.932  0.0000E+00  0.8000E+01
  -2.922  0.0000E+00  0.8000E+01
  -2.912  0.0000E+00  0.8000E+01
  -2.902  0.0000E+00  0.8000E+01
  -2.892  0.0000E+00  0.8000E+01
  -2.882  0.0000E+00  0.8000E+01
  -2.872  0.0000E+00  0.8000E+01
  -2.862  0.0000E+00  0.8000E+01
  -2.852  0.0000E+00  0.8000E+01
  -2.842  0.0000E+00  0.8000E+01
  -2.832  0.0000E+00  0.8000E+01
  -2.822  0.0000E+00  0.8000E+01
  -2.812  0.0000E+00  0.8000E+01
  -2.802  0.0000E+00  0.8000E+01
  -2.792  0.0000E+00  0.8000E+01
  -2.782  0.0000E+00  0.8000E+01
  -2.772  0.0000E+00  0.8000E+01
  -2.762  0.0000E+00  0.8000E+01
  -2.752  0.0000E+00  0.8000E+01
  -2.742  0.0000E+00  0.8000E+01
  -2.732  0.0000E+00  0.8000E+01
  -2.722  0.0000E+00  0.8000E+01
  -2.712  0.0000E+00  0.8000E+01
  -2.702  0.0000E+00  0.8000E+01
  -2.692  0.0000E+00  0.8000E+01
  -2.682  0.0000E+00  0.8000E+01
  -2.672  0.0000E+00  0.8000E+01
  -2.662  0.0000E+00  0.8000E+01
  -2.652  0.0000E+00  0.8000E+01
  -2.642  0.0000E+00  0.8000E+01
  -2.632  0.0000E+00  0.8000E+01
  -2.622  0.6498E+00  0.8003E+01
  -2.612  0.1448E+01  0.8013E+01
  -2.602  0.1793E+01  0.8030E+01
  -2.592  0.2141E+01  0.8050E+01
  -2.582  0.2508E+01  0.8073E+01
  -2.572  0.2915E+01  0.8100E+01
  -2.562  0.3364E+01  0.8131E+01
  -2.552  0.3780E+01  0.8167E+01
  -2.542  0.4235E+01  0.8207E+01
  -2.532  0.4857E+01  0.8252E+01
  -2.522  0.6172E+01  0.8306E+01
  -2.512  0.6659E+01  0.8370E+01
  -2.502  0.6370E+01  0.8436E+01
  -2.492  0.6355E+01  0.8500E+01
  -2.482  0.6340E+01  0.8563E+01
  -2.472  0.6319E+01  0.8627E+01
  -2.462  0.6280E+01  0.8690E+01
  -2.452  0.6112E+01  0.8752E+01
  -2.442  0.5986E+01  0.8812E+01
  -2.432  0.5934E+01  0.8872E+01
  -2.422  0.5891E+01  0.8931E+01
  -2.412  0.5853E+01  0.8990E+01
  -2.402  0.5826E+01  0.9048E+01
  -2.392  0.5766E+01  0.9106E+01
  -2.382  0.5192E+01  0.9161E+01
  -2.372  0.4744E+01  0.9210E+01
  -2.362  0.4540E+01  0.9256E+01
  -2.352  0.4352E+01  0.9301E+01
  -2.342  0.4183E+01  0.9344E+01
  -2.332  0.4026E+01  0.9385E+01
  -2.322  0.3920E+01  0.9424E+01
  -2.312  0.3834E+01  0.9463E+01
  -2.302  0.3751E+01  0.9501E+01
  -2.292  0.3677E+01  0.9538E+01
  -2.282  0.3602E+01  0.9574E+01
  -2.272  0.3509E+01  0.9610E+01
  -2.262  0.3415E+01  0.9645E+01
  -2.252  0.3357E+01  0.9679E+01
  -2.242  0.3293E+01  0.9712E+01
  -2.232  0.3240E+01  0.9744E+01
  -2.222  0.3193E+01  0.9777E+01
  -2.212  0.3147E+01  0.9808E+01
  -2.202  0.3110E+01  0.9840E+01
  -2.192  0.3076E+01  0.9871E+01
  -2.182  0.3037E+01  0.9901E+01
  -2.172  0.2999E+01  0.9931E+01
  -2.162  0.2959E+01  0.9961E+01
  -2.152  0.2913E+01  0.9990E+01
  -2.142  0.2865E+01  0.1002E+02
  -2.132  0.2822E+01  0.1005E+02
  -2.122  0.2809E+01  0.1008E+02
  -2.112  0.2803E+01  0.1010E+02
  -2.102  0.2775E+01  0.1013E+02
  -2.092  0.2742E+01  0.1016E+02
  -2.082  0.2714E+01  0.1019E+02
  -2.072  0.2689E+01  0.1021E+02
  -2.062  0.2667E+01  0.1024E+02
  -2.052  0.2645E+01  0.1027E+02
  -2.042  0.2620E+01  0.1029E+02
  -2.032  0.2607E+01  0.1032E+02
  -2.022  0.2591E+01  0.1035E+02
  -2.012  0.2573E+01  0.1037E+02
  -2.002  0.2555E+01  0.1040E+02
  -1.992  0.2532E+01  0.1042E+02
  -1.982  0.2511E+01  0.1045E+02
  -1.972  0.2490E+01  0.1047E+02
  -1.962  0.2484E+01  0.1050E+02
  -1.952  0.2480E+01  0.1052E+02
  -1.942  0.2477E+01  0.1055E+02
  -1.932  0.2455E+01  0.1057E+02
  -1.922  0.2438E+01  0.1060E+02
  -1.912  0.2424E+01  0.1062E+02
  -1.902  0.2412E+01  0.1064E+02
  -1.892  0.2401E+01  0.1067E+02
  -1.882  0.2392E+01  0.1069E+02
  -1.872  0.2381E+01  0.1072E+02
  -1.862  0.2370E+01  0.1074E+02
  -1.852  0.2369E+01  0.1076E+02
  -1.842  0.2366E+01  0.1079E+02
  -1.832  0.2356E+01  0.1081E+02
  -1.822  0.2348E+01  0.1083E+02
  -1.812  0.2339E+01  0.1086E+02
  -1.802  0.2325E+01  0.1088E+02
  -1.792  0.2323E+01  0.1090E+02
  -1.782  0.2322E+01  0.1093E+02
  -1.772  0.2323E+01  0.1095E+02
  -1.762  0.2318E+01  0.1097E+02
  -1.752  0.2316E+01  0.1100E+02
  -1.742  0.2312E+01  0.1102E+02
  -1.732  0.2308E+01  0.1104E+02
  -1.722  0.2306E+01  0.1107E+02
  -1.712  0.2304E+01  0.1109E+02
  -1.702  0.2303E+01  0.1111E+02
  -1.692  0.2303E+01  0.1114E+02
  -1.682  0.2303E+01  0.1116E+02
  -1.672  0.2308E+01  0.1118E+02
  -1.662  0.2316E+01  0.1121E+02
  -1.652  0.2318E+01  0.1123E+02
  -1.642  0.2320E+01  0.1125E+02
  -1.632  0.2322E+01  0.1127E+02
  -1.622  0.2322E+01  0.1130E+02
  -1.612  0.2319E+01  0.1132E+02
  -1.602  0.2329E+01  0.1134E+02
  -1.592  0.2343E+01  0.1137E+02
  -1.582  0.2360E+01  0.1139E+02
  -1.572  0.2369E+01  0.1142E+02
  -1.562  0.2384E+01  0.1144E+02
  -1.552  0.2397E+01  0.1146E+02
  -1.542  0.2413E+01  0.1149E+02
  -1.532  0.2428E+01  0.1151E+02
  -1.522  0.2441E+01  0.1154E+02
  -1.512  0.2454E+01  0.1156E+02
  -1.502  0.2482E+01  0.1158E+02
  -1.492  0.2517E+01  0.1161E+02
  -1.482  0.2547E+01  0.1163E+02
  -1.472  0.2573E+01  0.1166E+02
  -1.462  0.2595E+01  0.1169E+02
  -1.452  0.2618E+01  0.1171E+02
  -1.442  0.2666E+01  0.1174E+02
  -1.432  0.2724E+01  0.1177E+02
  -1.422  0.2790E+01  0.1179E+02
  -1.412  0.2866E+01  0.1182E+02
  -1.402  0.2959E+01  0.1185E+02
  -1.392  0.3062E+01  0.1188E+02
  -1.382  0.3176E+01  0.1191E+02
  -1.372  0.3347E+01  0.1194E+02
  -1.362  0.3532E+01  0.1198E+02
  -1.352  0.4243E+01  0.1202E+02
  -1.342  0.6028E+01  0.1207E+02
  -1.332  0.7490E+01  0.1214E+02
  -1.322  0.9217E+01  0.1222E+02
  -1.312  0.1275E+02  0.1233E+02
  -1.302  0.1009E+02  0.1244E+02
  -1.292  0.9941E+01  0.1254E+02
  -1.282  0.1006E+02  0.1264E+02
  -1.272  0.1263E+02  0.1275E+02
  -1.262  0.1562E+02  0.1289E+02
  -1.252  0.1197E+02  0.1303E+02
  -1.242  0.1019E+02  0.1315E+02
  -1.232  0.9122E+01  0.1324E+02
  -1.222  0.8971E+01  0.1333E+02
  -1.212  0.9703E+01  0.1343E+02
  -1.202  0.7340E+01  0.1351E+02
  -1.192  0.5858E+01  0.1357E+02
  -1.182  0.4789E+01  0.1362E+02
  -1.172  0.4332E+01  0.1367E+02
  -1.162  0.4101E+01  0.1371E+02
  -1.152  0.4888E+01  0.1375E+02
  -1.142  0.5233E+01  0.1381E+02
  -1.132  0.4936E+01  0.1386E+02
  -1.122  0.4484E+01  0.1390E+02
  -1.112  0.4328E+01  0.1395E+02
  -1.102  0.4173E+01  0.1399E+02
  -1.092  0.3799E+01  0.1403E+02
  -1.082  0.3658E+01  0.1407E+02
  -1.072  0.3620E+01  0.1410E+02
  -1.062  0.3632E+01  0.1414E+02
  -1.052  0.3673E+01  0.1418E+02
  -1.042  0.3676E+01  0.1421E+02
  -1.032  0.3715E+01  0.1425E+02
  -1.022  0.3819E+01  0.1429E+02
  -1.012  0.3971E+01  0.1433E+02
  -1.002  0.4055E+01  0.1437E+02
  -0.992  0.4248E+01  0.1441E+02
  -0.982  0.4456E+01  0.1445E+02
  -0.972  0.4738E+01  0.1450E+02
  -0.962  0.5038E+01  0.1455E+02
  -0.952  0.5475E+01  0.1460E+02
  -0.942  0.6430E+01  0.1466E+02
  -0.932  0.6730E+01  0.1472E+02
  -0.922  0.6964E+01  0.1479E+02
  -0.912  0.7094E+01  0.1486E+02
  -0.902  0.7236E+01  0.1494E+02
  -0.892  0.7779E+01  0.1501E+02
  -0.882  0.7843E+01  0.1509E+02
  -0.872  0.7825E+01  0.1517E+02
  -0.862  0.7949E+01  0.1525E+02
  -0.852  0.8033E+01  0.1533E+02
  -0.842  0.8015E+01  0.1541E+02
  -0.832  0.8075E+01  0.1549E+02
  -0.822  0.8091E+01  0.1557E+02
  -0.812  0.8172E+01  0.1565E+02
  -0.802  0.8273E+01  0.1573E+02
  -0.792  0.7926E+01  0.1581E+02
  -0.782  0.7091E+01  0.1589E+02
  -0.772  0.6879E+01  0.1596E+02
  -0.762  0.6877E+01  0.1603E+02
  -0.752  0.6871E+01  0.1609E+02
  -0.742  0.6890E+01  0.1616E+02
  -0.732  0.6941E+01  0.1623E+02
  -0.722  0.7015E+01  0.1630E+02
  -0.712  0.7127E+01  0.1637E+02
  -0.702  0.7255E+01  0.1644E+02
  -0.692  0.7421E+01  0.1652E+02
  -0.682  0.7755E+01  0.1659E+02
  -0.672  0.8047E+01  0.1667E+02
  -0.662  0.9959E+01  0.1676E+02
  -0.652  0.9798E+01  0.1686E+02
  -0.642  0.1076E+02  0.1696E+02
  -0.632  0.1285E+02  0.1708E+02
  -0.622  0.1492E+02  0.1722E+02
  -0.612  0.1545E+02  0.1737E+02
  -0.602  0.1432E+02  0.1752E+02
  -0.592  0.1189E+02  0.1765E+02
  -0.582  0.1134E+02  0.1777E+02
  -0.572  0.1146E+02  0.1788E+02
  -0.562  0.1243E+02  0.1800E+02
  -0.552  0.1292E+02  0.1813E+02
  -0.542  0.1270E+02  0.1825E+02
  -0.532  0.1252E+02  0.1838E+02
  -0.522  0.1325E+02  0.1851E+02
  -0.512  0.1324E+02  0.1864E+02
  -0.502  0.1236E+02  0.1877E+02
  -0.492  0.1182E+02  0.1889E+02
  -0.482  0.1172E+02  0.1901E+02
  -0.472  0.1182E+02  0.1913E+02
  -0.462  0.1258E+02  0.1925E+02
  -0.452  0.1345E+02  0.1938E+02
  -0.442  0.1411E+02  0.1952E+02
  -0.432  0.1398E+02  0.1966E+02
  -0.422  0.1674E+02  0.1981E+02
  -0.412  0.1817E+02  0.2000E+02
  -0.402  0.1835E+02  0.2017E+02
  -0.392  0.2055E+02  0.2037E+02
  -0.382  0.1985E+02  0.2057E+02
  -0.372  0.1855E+02  0.2077E+02
  -0.362  0.1802E+02  0.2095E+02
  -0.352  0.1789E+02  0.2113E+02
  -0.342  0.1794E+02  0.2131E+02
  -0.332  0.1760E+02  0.2149E+02
  -0.322  0.1608E+02  0.2165E+02
  -0.312  0.1516E+02  0.2181E+02
  -0.302  0.1458E+02  0.2196E+02
  -0.292  0.1411E+02  0.2210E+02
  -0.282  0.1360E+02  0.2224E+02
  -0.272  0.1319E+02  0.2238E+02
  -0.262  0.1298E+02  0.2251E+02
  -0.252  0.1268E+02  0.2263E+02
  -0.242  0.1249E+02  0.2276E+02
  -0.232  0.1219E+02  0.2288E+02
  -0.222  0.1197E+02  0.2301E+02
  -0.212  0.1182E+02  0.2312E+02
  -0.202  0.1180E+02  0.2324E+02
  -0.192  0.1175E+02  0.2336E+02
  -0.182  0.1156E+02  0.2348E+02
  -0.172  0.1163E+02  0.2359E+02
  -0.162  0.1204E+02  0.2371E+02
  -0.152  0.1201E+02  0.2383E+02
  -0.142  0.1175E+02  0.2395E+02
  -0.132  0.1143E+02  0.2407E+02
  -0.122  0.1108E+02  0.2418E+02
  -0.112  0.1078E+02  0.2429E+02
  -0.102  0.1035E+02  0.2439E+02
  -0.092  0.1005E+02  0.2450E+02
  -0.082  0.9712E+01  0.2459E+02
  -0.072  0.9461E+01  0.2469E+02
  -0.062  0.9159E+01  0.2478E+02
  -0.052  0.8821E+01  0.2487E+02
  -0.042  0.8554E+01  0.2496E+02
  -0.032  0.8019E+01  0.2504E+02
  -0.022  0.7590E+01  0.2512E+02
  -0.012  0.7626E+01  0.2520E+02
  -0.002  0.7649E+01  0.2527E+02
   0.008  0.7454E+01  0.2535E+02
   0.018  0.7234E+01  0.2542E+02
   0.028  0.6841E+01  0.2549E+02
   0.038  0.6772E+01  0.2556E+02
   0.048  0.6425E+01  0.2563E+02
   0.058  0.3886E+01  0.2568E+02
   0.068  0.1574E+01  0.2570E+02
   0.078  0.1499E+01  0.2572E+02
   0.088  0.1439E+01  0.2573E+02
   0.098  0.1390E+01  0.2575E+02
   0.108  0.1347E+01  0.2576E+02
   0.118  0.1306E+01  0.2577E+02
   0.128  0.1267E+01  0.2579E+02
   0.138  0.1229E+01  0.2580E+02
   0.148  0.1192E+01  0.2581E+02
   0.158  0.1157E+01  0.2582E+02
   0.168  0.1123E+01  0.2584E+02
   0.178  0.1089E+01  0.2585E+02
   0.188  0.1060E+01  0.2586E+02
   0.198  0.1046E+01  0.2587E+02
   0.208  0.1030E+01  0.2588E+02
   0.218  0.9959E+00  0.2589E+02
   0.228  0.9550E+00  0.2590E+02
   0.238  0.9266E+00  0.2591E+02
   0.248  0.9420E+00  0.2592E+02
   0.258  0.9055E+00  0.2593E+02
   0.268  0.7396E+00  0.2593E+02
   0.278  0.5894E+00  0.2594E+02
   0.288  0.5035E+00  0.2595E+02
   0.298  0.4407E+00  0.2595E+02
   0.308  0.3902E+00  0.2596E+02
   0.318  0.3498E+00  0.2596E+02
   0.328  0.3156E+00  0.2596E+02
   0.338  0.2868E+00  0.2597E+02
   0.348  0.2621E+00  0.2597E+02
   0.358  0.2406E+00  0.2597E+02
   0.368  0.2217E+00  0.2597E+02
   0.378  0.2051E+00  0.2598E+02
   0.388  0.1897E+00  0.2598E+02
   0.398  0.1754E+00  0.2598E+02
   0.408  0.1631E+00  0.2598E+02
   0.418  0.1527E+00  0.2598E+02
   0.428  0.1429E+00  0.2598E+02
   0.438  0.1332E+00  0.2598E+02
   0.448  0.1236E+00  0.2599E+02
   0.458  0.1152E+00  0.2599E+02
   0.468  0.1081E+00  0.2599E+02
   0.478  0.1015E+00  0.2599E+02
   0.488  0.9522E-01  0.2599E+02
   0.498  0.8901E-01  0.2599E+02
   0.508  0.8287E-01  0.2599E+02
   0.518  0.7703E-01  0.2599E+02
   0.528  0.7173E-01  0.2599E+02
   0.538  0.6694E-01  0.2599E+02
   0.548  0.6233E-01  0.2600E+02
   0.558  0.5788E-01  0.2600E+02
   0.568  0.5370E-01  0.2600E+02
   0.578  0.4980E-01  0.2600E+02
   0.588  0.4600E-01  0.2600E+02
   0.598  0.4194E-01  0.2600E+02
   0.608  0.3763E-01  0.2600E+02
   0.618  0.3331E-01  0.2600E+02
   0.628  0.2947E-01  0.2600E+02
   0.638  0.2644E-01  0.2600E+02
   0.648  0.2414E-01  0.2600E+02
   0.658  0.2045E-01  0.2600E+02
   0.668  0.1447E-01  0.2600E+02
   0.678  0.7012E-02  0.2600E+02
   0.688  0.2023E-02  0.2600E+02
   0.698  0.3875E-04  0.2600E+02
   0.708  0.0000E+00  0.2600E+02
   0.718  0.0000E+00  0.2600E+02
   0.728  0.0000E+00  0.2600E+02
   0.738  0.0000E+00  0.2600E+02
   0.748  0.0000E+00  0.2600E+02
   0.758  0.0000E+00  0.2600E+02
   0.768  0.0000E+00  0.2600E+02
   0.778  0.0000E+00  0.2600E+02
   0.788  0.0000E+00  0.2600E+02
   0.798  0.0000E+00  0.2600E+02
   0.808  0.0000E+00  0.2600E+02
   0.818  0.0000E+00  0.2600E+02
   0.828  0.0000E+00  0.2600E+02
   0.838  0.0000E+00  0.2600E+02
   0.848  0.0000E+00  0.2600E+02
   0.858  0.0000E+00  0.2600E+02
   0.868  0.0000E+00  0.2600E+02
   0.878  0.0000E+00  0.2600E+02
   0.888  0.0000E+00  0.2600E+02
   0.898  0.0000E+00  0.2600E+02
   0.908  0.0000E+00  0.2600E+02
   0.918  0.0000E+00  0.2600E+02
   0.928  0.0000E+00  0.2600E+02
   0.938  0.0000E+00  0.2600E+02
   0.948  0.0000E+00  0.2600E+02
   0.958  0.0000E+00  0.2600E+02
   0.968  0.0000E+00  0.2600E+02
   0.978  0.0000E+00  0.2600E+02
   0.988  0.0000E+00  0.2600E+02
   0.998  0.0000E+00  0.2600E+02
   1.008  0.0000E+00  0.2600E+02
   1.018  0.0000E+00  0.2600E+02
   1.028  0.0000E+00  0.2600E+02
   1.038  0.0000E+00  0.2600E+02
   1.048  0.0000E+00  0.2600E+02
   1.058  0.0000E+00  0.2600E+02
   1.068  0.0000E+00  0.2600E+02
   1.078  0.0000E+00  0.2600E+02
   1.088  0.0000E+00  0.2600E+02
   1.098  0.0000E+00  0.2600E+02
   1.108  0.0000E+00  0.2600E+02
   1.118  0.0000E+00  0.2600E+02
   1.128  0.0000E+00  0.2600E+02
   1.138  0.0000E+00  0.2600E+02
   1.148  0.0000E+00  0.2600E+02
   1.158  0.0000E+00  0.2600E+02
   1.168  0.0000E+00  0.2600E+02
   1.178  0.0000E+00  0.2600E+02
   1.188  0.0000E+00  0.2600E+02
   1.198  0.0000E+00  0.2600E+02
   1.208  0.0000E+00  0.2600E+02
   1.218  0.0000E+00  0.2600E+02
   1.228  0.0000E+00  0.2600E+02
   1.238  0.0000E+00  0.2600E+02
   1.248  0.0000E+00  0.2600E+02
   1.258  0.0000E+00  0.2600E+02
   1.268  0.0000E+00  0.2600E+02
   1.278  0.0000E+00  0.2600E+02
   1.288  0.0000E+00  0.2600E+02
   1.298  0.0000E+00  0.2600E+02
   1.308  0.0000E+00  0.2600E+02
   1.318  0.0000E+00  0.2600E+02
   1.328  0.0000E+00  0.2600E+02
   1.338  0.0000E+00  0.2600E+02
   1.348  0.0000E+00  0.2600E+02
   1.358  0.0000E+00  0.2600E+02
   1.368  0.0000E+00  0.2600E+02
   1.378  0.0000E+00  0.2600E+02
   1.388  0.0000E+00  0.2600E+02
   1.398  0.0000E+00  0.2600E+02
   1.408  0.0000E+00  0.2600E+02
   1.418  0.0000E+00  0.2600E+02
   1.428  0.0000E+00  0.2600E+02
   1.438  0.0000E+00  0.2600E+02
   1.448  0.0000E+00  0.2600E+02
   1.458  0.0000E+00  0.2600E+02
   1.468  0.0000E+00  0.2600E+02
   1.478  0.0000E+00  0.2600E+02
   1.488  0.0000E+00  0.2600E+02
   1.498  0.0000E+00  0.2600E+02
   1.508  0.0000E+00  0.2600E+02
   1.518  0.0000E+00  0.2600E+02
   1.528  0.0000E+00  0.2600E+02
   1.538  0.0000E+00  0.2600E+02
   1.548  0.0000E+00  0.2600E+02
   1.558  0.0000E+00  0.2600E+02
   1.568  0.0000E+00  0.2600E+02
   1.578  0.0000E+00  0.2600E+02
   1.588  0.0000E+00  0.2600E+02
   1.598  0.0000E+00  0.2600E+02
   1.608  0.0000E+00  0.2600E+02
   1.618  0.0000E+00  0.2600E+02
   1.628  0.0000E+00  0.2600E+02
   1.638  0.0000E+00  0.2600E+02
   1.648  0.0000E+00  0.2600E+02
   1.658  0.0000E+00  0.2600E+02
   1.668  0.0000E+00  0.2600E+02
   1.678  0.0000E+00  0.2600E+02
   1.688  0.0000E+00  0.2600E+02
   1.698  0.0000E+00  0.2600E+02
   1.708  0.0000E+00  0.2600E+02
   1.718  0.0000E+00  0.2600E+02
   1.728  0.0000E+00  0.2600E+02
   1.738  0.0000E+00  0.2600E+02
   1.748  0.0000E+00  0.2600E+02
   1.758  0.0000E+00  0.2600E+02
   1.768  0.0000E+00  0.2600E+02
   1.778  0.0000E+00  0.2600E+02
   1.788  0.0000E+00  0.2600E+02
   1.798  0.0000E+00  0.2600E+02
   1.808  0.0000E+00  0.2600E+02
   1.818  0.0000E+00  0.2600E+02
   1.828  0.0000E+00  0.2600E+02
   1.838  0.0000E+00  0.2600E+02
   1.848  0.0000E+00  0.2600E+02
   1.858  0.0000E+00  0.2600E+02
   1.868  0.0000E+00  0.2600E+02
   1.878  0.0000E+00  0.2600E+02
   1.888  0.0000E+00  0.2600E+02
   1.898  0.0000E+00  0.2600E+02
   1.908  0.0000E+00  0.2600E+02
   1.918  0.0000E+00  0.2600E+02
   1.928  0.0000E+00  0.2600E+02
   1.938  0.0000E+00  0.2600E+02
   1.948  0.0000E+00  0.2600E+02
   1.958  0.0000E+00  0.2600E+02
   1.968  0.0000E+00  0.2600E+02
   1.978  0.0000E+00  0.2600E+02
   1.988  0.0000E+00  0.2600E+02
   1.998  0.0000E+00  0.2600E+02
   2.008  0.0000E+00  0.2600E+02
   2.018  0.0000E+00  0.2600E+02
   2.028  0.0000E+00  0.2600E+02
   2.038  0.0000E+00  0.2600E+02
   2.048  0.0000E+00  0.2600E+02
   2.058  0.0000E+00  0.2600E+02
   2.068  0.0000E+00  0.2600E+02
   2.078  0.0000E+00  0.2600E+02
   2.088  0.0000E+00  0.2600E+02
   2.098  0.4214E-01  0.2600E+02
   2.108  0.7667E-01  0.2600E+02
   2.118  0.1152E+00  0.2600E+02
   2.128  0.1567E+00  0.2600E+02
   2.138  0.2040E+00  0.2600E+02
   2.148  0.2471E+00  0.2601E+02
   2.158  0.3156E+00  0.2601E+02
   2.168  0.3637E+00  0.2601E+02
   2.178  0.3729E+00  0.2602E+02
   2.188  0.3920E+00  0.2602E+02
   2.198  0.4161E+00  0.2602E+02
   2.208  0.4403E+00  0.2603E+02
   2.218  0.4664E+00  0.2603E+02
   2.228  0.4931E+00  0.2604E+02
   2.238  0.5205E+00  0.2604E+02
   2.248  0.5499E+00  0.2605E+02
   2.258  0.5802E+00  0.2605E+02
   2.268  0.6105E+00  0.2606E+02
   2.278  0.6421E+00  0.2607E+02
   2.288  0.6753E+00  0.2607E+02
   2.298  0.7098E+00  0.2608E+02
   2.308  0.7461E+00  0.2609E+02
   2.318  0.7898E+00  0.2610E+02
   2.328  0.8434E+00  0.2610E+02
   2.338  0.8867E+00  0.2611E+02
   2.348  0.9204E+00  0.2612E+02
   2.358  0.9498E+00  0.2613E+02
   2.368  0.9867E+00  0.2614E+02
   2.378  0.1027E+01  0.2615E+02
   2.388  0.1069E+01  0.2616E+02
   2.398  0.1114E+01  0.2617E+02
   2.408  0.1161E+01  0.2618E+02
   2.418  0.1214E+01  0.2619E+02
   2.428  0.1271E+01  0.2621E+02
   2.438  0.1329E+01  0.2622E+02
   2.448  0.1397E+01  0.2623E+02
   2.458  0.1469E+01  0.2625E+02
   2.468  0.1555E+01  0.2626E+02
   2.478  0.1648E+01  0.2628E+02
   2.488  0.1776E+01  0.2630E+02
   2.498  0.2020E+01  0.2632E+02
   2.508  0.2086E+01  0.2634E+02
   2.518  0.2190E+01  0.2636E+02
   2.528  0.2256E+01  0.2638E+02
   2.538  0.2301E+01  0.2640E+02
   2.548  0.2285E+01  0.2643E+02
   2.558  0.2211E+01  0.2645E+02
   2.568  0.2229E+01  0.2647E+02
   2.578  0.2251E+01  0.2649E+02
   2.588  0.2272E+01  0.2651E+02
   2.598  0.2274E+01  0.2654E+02
   2.608  0.2282E+01  0.2656E+02
   2.618  0.2296E+01  0.2658E+02
   2.628  0.2310E+01  0.2661E+02
   2.638  0.2325E+01  0.2663E+02
   2.648  0.2338E+01  0.2665E+02
   2.658  0.2350E+01  0.2668E+02
   2.668  0.2362E+01  0.2670E+02
   2.678  0.2384E+01  0.2672E+02
   2.688  0.2374E+01  0.2675E+02
   2.698  0.2352E+01  0.2677E+02
   2.708  0.2330E+01  0.2679E+02
   2.718  0.2342E+01  0.2682E+02
   2.728  0.2351E+01  0.2684E+02
   2.738  0.2361E+01  0.2686E+02
   2.748  0.2375E+01  0.2689E+02
   2.758  0.2385E+01  0.2691E+02
   2.768  0.2399E+01  0.2694E+02
   2.778  0.2411E+01  0.2696E+02
   2.788  0.2425E+01  0.2698E+02
   2.798  0.2439E+01  0.2701E+02
   2.808  0.2452E+01  0.2703E+02
   2.818  0.2355E+01  0.2706E+02
   2.828  0.2254E+01  0.2708E+02
   2.838  0.2156E+01  0.2710E+02
   2.848  0.2056E+01  0.2712E+02
   2.858  0.2036E+01  0.2714E+02
   2.868  0.2022E+01  0.2716E+02
   2.878  0.2002E+01  0.2718E+02
   2.888  0.1987E+01  0.2720E+02
   2.898  0.1941E+01  0.2722E+02
   2.908  0.1893E+01  0.2724E+02
   2.918  0.1832E+01  0.2726E+02
   2.928  0.1803E+01  0.2728E+02
   2.938  0.1779E+01  0.2730E+02
   2.948  0.1755E+01  0.2732E+02
   2.958  0.1729E+01  0.2733E+02
   2.968  0.1703E+01  0.2735E+02
   2.978  0.1693E+01  0.2737E+02
   2.988  0.1683E+01  0.2738E+02
   2.998  0.1673E+01  0.2740E+02
   3.008  0.1663E+01  0.2742E+02
   3.018  0.1653E+01  0.2743E+02
   3.028  0.1644E+01  0.2745E+02
   3.038  0.1634E+01  0.2747E+02
   3.048  0.1625E+01  0.2748E+02
   3.058  0.1616E+01  0.2750E+02
   3.068  0.1606E+01  0.2752E+02
   3.078  0.1597E+01  0.2753E+02
   3.088  0.1587E+01  0.2755E+02
   3.098  0.1578E+01  0.2756E+02
   3.108  0.1568E+01  0.2758E+02
   3.118  0.1557E+01  0.2759E+02
   3.128  0.1547E+01  0.2761E+02
   3.138  0.1542E+01  0.2763E+02
   3.148  0.1549E+01  0.2764E+02
   3.158  0.1537E+01  0.2766E+02
   3.168  0.1532E+01  0.2767E+02
   3.178  0.1525E+01  0.2769E+02
   3.188  0.1511E+01  0.2770E+02
   3.198  0.1512E+01  0.2772E+02
   3.208  0.1495E+01  0.2773E+02
   3.218  0.1486E+01  0.2775E+02
   3.228  0.1475E+01  0.2776E+02
   3.238  0.1466E+01  0.2778E+02
   3.248  0.1457E+01  0.2779E+02
   3.258  0.1453E+01  0.2781E+02
   3.268  0.1449E+01  0.2782E+02
   3.278  0.1445E+01  0.2783E+02
   3.288  0.1441E+01  0.2785E+02
   3.298  0.1436E+01  0.2786E+02
   3.308  0.1430E+01  0.2788E+02
   3.318  0.1426E+01  0.2789E+02
   3.328  0.1421E+01  0.2791E+02
   3.338  0.1416E+01  0.2792E+02
   3.348  0.1412E+01  0.2793E+02
   3.358  0.1407E+01  0.2795E+02
   3.368  0.1403E+01  0.2796E+02
   3.378  0.1398E+01  0.2798E+02
   3.388  0.1394E+01  0.2799E+02
   3.398  0.1392E+01  0.2800E+02
   3.408  0.1390E+01  0.2802E+02
   3.418  0.1389E+01  0.2803E+02
   3.428  0.1392E+01  0.2805E+02
   3.438  0.1397E+01  0.2806E+02
   3.448  0.1404E+01  0.2807E+02
   3.458  0.1393E+01  0.2809E+02
   3.468  0.1381E+01  0.2810E+02
   3.478  0.1364E+01  0.2812E+02
   3.488  0.1350E+01  0.2813E+02
   3.498  0.1363E+01  0.2814E+02
   3.508  0.1373E+01  0.2816E+02
   3.518  0.1380E+01  0.2817E+02
   3.528  0.1384E+01  0.2818E+02
   3.538  0.1375E+01  0.2820E+02
   3.548  0.1366E+01  0.2821E+02
   3.558  0.1358E+01  0.2823E+02
   3.568  0.1352E+01  0.2824E+02
   3.578  0.1346E+01  0.2825E+02
   3.588  0.1341E+01  0.2827E+02
   3.598  0.1336E+01  0.2828E+02
   3.608  0.1334E+01  0.2829E+02
   3.618  0.1333E+01  0.2831E+02
   3.628  0.1331E+01  0.2832E+02
   3.638  0.1330E+01  0.2833E+02
   3.648  0.1328E+01  0.2835E+02
   3.658  0.1325E+01  0.2836E+02
   3.668  0.1325E+01  0.2837E+02
   3.678  0.1324E+01  0.2839E+02
   3.688  0.1323E+01  0.2840E+02
   3.698  0.1322E+01  0.2841E+02
   3.708  0.1321E+01  0.2843E+02
   3.718  0.1322E+01  0.2844E+02
   3.728  0.1322E+01  0.2845E+02
   3.738  0.1324E+01  0.2846E+02
   3.748  0.1328E+01  0.2848E+02
   3.758  0.1337E+01  0.2849E+02
   3.768  0.1341E+01  0.2850E+02
   3.778  0.1332E+01  0.2852E+02
   3.788  0.1321E+01  0.2853E+02
   3.798  0.1306E+01  0.2854E+02
   3.808  0.1290E+01  0.2856E+02
   3.818  0.1289E+01  0.2857E+02
   3.828  0.1304E+01  0.2858E+02
   3.838  0.1319E+01  0.2860E+02
   3.848  0.1329E+01  0.2861E+02
   3.858  0.1336E+01  0.2862E+02
   3.868  0.1342E+01  0.2864E+02
   3.878  0.1328E+01  0.2865E+02
   3.888  0.1319E+01  0.2866E+02
   3.898  0.1315E+01  0.2868E+02
   3.908  0.1314E+01  0.2869E+02
   3.918  0.1310E+01  0.2870E+02
   3.928  0.1306E+01  0.2872E+02
   3.938  0.1302E+01  0.2873E+02
   3.948  0.1300E+01  0.2874E+02
   3.958  0.1298E+01  0.2875E+02
   3.968  0.1299E+01  0.2877E+02
   3.978  0.1300E+01  0.2878E+02
   3.988  0.1301E+01  0.2879E+02
   3.998  0.1302E+01  0.2881E+02
   4.008  0.1302E+01  0.2882E+02
   4.018  0.1304E+01  0.2883E+02
   4.028  0.1342E+01  0.2885E+02
   4.038  0.1362E+01  0.2886E+02
   4.048  0.1377E+01  0.2887E+02
   4.058  0.1400E+01  0.2889E+02
   4.068  0.1412E+01  0.2890E+02
   4.078  0.1426E+01  0.2892E+02
   4.088  0.1455E+01  0.2893E+02
   4.098  0.1459E+01  0.2894E+02
   4.108  0.1464E+01  0.2896E+02
   4.118  0.1463E+01  0.2897E+02
   4.128  0.1457E+01  0.2899E+02
   4.138  0.1447E+01  0.2900E+02
   4.148  0.1455E+01  0.2902E+02
   4.158  0.1473E+01  0.2903E+02
   4.168  0.1507E+01  0.2905E+02
   4.178  0.1530E+01  0.2906E+02
   4.188  0.1546E+01  0.2908E+02
   4.198  0.1560E+01  0.2909E+02
   4.208  0.1575E+01  0.2911E+02
   4.218  0.1564E+01  0.2912E+02
   4.228  0.1567E+01  0.2914E+02
   4.238  0.1573E+01  0.2916E+02
   4.248  0.1582E+01  0.2917E+02
   4.258  0.1593E+01  0.2919E+02
   4.268  0.1601E+01  0.2920E+02
   4.278  0.1608E+01  0.2922E+02
   4.288  0.1614E+01  0.2924E+02
   4.298  0.1619E+01  0.2925E+02
   4.308  0.1624E+01  0.2927E+02
   4.318  0.1635E+01  0.2928E+02
   4.328  0.1646E+01  0.2930E+02
   4.338  0.1657E+01  0.2932E+02
   4.348  0.1668E+01  0.2933E+02
   4.358  0.1682E+01  0.2935E+02
   4.368  0.1697E+01  0.2937E+02
   4.378  0.1710E+01  0.2938E+02
   4.388  0.1726E+01  0.2940E+02
   4.398  0.1743E+01  0.2942E+02
   4.408  0.1770E+01  0.2944E+02
   4.418  0.1803E+01  0.2945E+02
   4.428  0.1819E+01  0.2947E+02
   4.438  0.1839E+01  0.2949E+02
   4.448  0.1872E+01  0.2951E+02
   4.458  0.1915E+01  0.2953E+02
   4.468  0.1981E+01  0.2955E+02
   4.478  0.2114E+01  0.2957E+02
   4.488  0.2376E+01  0.2959E+02
   4.498  0.2469E+01  0.2961E+02
   4.508  0.1887E+01  0.2964E+02
   4.518  0.1792E+01  0.2965E+02
   4.528  0.1734E+01  0.2967E+02
   4.538  0.1693E+01  0.2969E+02
   4.548  0.1611E+01  0.2971E+02
   4.558  0.1563E+01  0.2972E+02
   4.568  0.1521E+01  0.2974E+02
   4.578  0.1483E+01  0.2975E+02
   4.588  0.1638E+01  0.2977E+02
   4.598  0.1673E+01  0.2978E+02
   4.608  0.1703E+01  0.2980E+02
   4.618  0.1693E+01  0.2982E+02
   4.628  0.1582E+01  0.2983E+02
   4.638  0.1620E+01  0.2985E+02
   4.648  0.1667E+01  0.2987E+02
   4.658  0.1735E+01  0.2988E+02
   4.668  0.1835E+01  0.2990E+02
   4.678  0.2173E+01  0.2992E+02
   4.688  0.2136E+01  0.2994E+02
   4.698  0.2150E+01  0.2996E+02
   4.708  0.2159E+01  0.2999E+02
   4.718  0.2161E+01  0.3001E+02
   4.728  0.2155E+01  0.3003E+02
   4.738  0.2146E+01  0.3005E+02
   4.748  0.2106E+01  0.3007E+02
   4.758  0.2053E+01  0.3009E+02
   4.768  0.2002E+01  0.3011E+02
   4.778  0.1961E+01  0.3013E+02
   4.788  0.1925E+01  0.3015E+02
   4.798  0.1926E+01  0.3017E+02
   4.808  0.1896E+01  0.3019E+02
   4.818  0.1865E+01  0.3021E+02
   4.828  0.1865E+01  0.3023E+02
   4.838  0.1887E+01  0.3025E+02
   4.848  0.1902E+01  0.3027E+02
   4.858  0.1887E+01  0.3028E+02
   4.868  0.2149E+01  0.3030E+02
   4.878  0.2169E+01  0.3033E+02
   4.888  0.2108E+01  0.3035E+02
   4.898  0.2076E+01  0.3037E+02
   4.908  0.2086E+01  0.3039E+02
   4.918  0.2113E+01  0.3041E+02
   4.928  0.2114E+01  0.3043E+02
   4.938  0.2154E+01  0.3045E+02
   4.948  0.2182E+01  0.3047E+02
   4.958  0.2211E+01  0.3050E+02
   4.968  0.2238E+01  0.3052E+02
   4.978  0.2269E+01  0.3054E+02
   4.988  0.2305E+01  0.3056E+02
   4.998  0.2341E+01  0.3059E+02
   5.008  0.2391E+01  0.3061E+02
   5.018  0.2427E+01  0.3063E+02
   5.028  0.2454E+01  0.3066E+02
   5.038  0.2531E+01  0.3068E+02
   5.048  0.2610E+01  0.3071E+02
   5.058  0.2654E+01  0.3074E+02
   5.068  0.2625E+01  0.3076E+02
   5.078  0.2664E+01  0.3079E+02
   5.088  0.2771E+01  0.3082E+02
   5.098  0.2790E+01  0.3084E+02
   5.108  0.2807E+01  0.3087E+02
   5.118  0.2808E+01  0.3090E+02
   5.128  0.2828E+01  0.3093E+02
   5.138  0.2818E+01  0.3096E+02
   5.148  0.2873E+01  0.3098E+02
   5.158  0.2948E+01  0.3101E+02
   5.168  0.3021E+01  0.3104E+02
   5.178  0.3092E+01  0.3107E+02
   5.188  0.3170E+01  0.3111E+02
   5.198  0.3244E+01  0.3114E+02
   5.208  0.3315E+01  0.3117E+02
   5.218  0.3389E+01  0.3120E+02
   5.228  0.3443E+01  0.3124E+02
   5.238  0.3563E+01  0.3127E+02
   5.248  0.3645E+01  0.3131E+02
   5.258  0.3705E+01  0.3135E+02
   5.268  0.3768E+01  0.3138E+02
   5.278  0.3828E+01  0.3142E+02
   5.288  0.3939E+01  0.3146E+02
   5.298  0.4087E+01  0.3150E+02
   5.308  0.4382E+01  0.3154E+02
   5.318  0.4764E+01  0.3159E+02
   5.328  0.4855E+01  0.3164E+02
   5.338  0.5013E+01  0.3169E+02
   5.348  0.5099E+01  0.3174E+02
   5.358  0.5226E+01  0.3179E+02
   5.368  0.5307E+01  0.3184E+02
   5.378  0.5395E+01  0.3189E+02
   5.388  0.5497E+01  0.3195E+02
   5.398  0.5663E+01  0.3200E+02
   5.408  0.5850E+01  0.3206E+02
   5.418  0.5850E+01  0.3212E+02
   5.428  0.5546E+01  0.3218E+02
   5.438  0.5715E+01  0.3223E+02
   5.448  0.6250E+01  0.3229E+02
   5.458  0.6179E+01  0.3236E+02
   5.468  0.6376E+01  0.3242E+02
   5.478  0.6496E+01  0.3248E+02
   5.488  0.6652E+01  0.3255E+02
   5.498  0.6726E+01  0.3262E+02
   5.508  0.6654E+01  0.3268E+02
   5.518  0.6580E+01  0.3275E+02
   5.528  0.6199E+01  0.3281E+02
   5.538  0.6160E+01  0.3287E+02
   5.548  0.6715E+01  0.3294E+02
   5.558  0.6860E+01  0.3301E+02
   5.568  0.7009E+01  0.3308E+02
   5.578  0.7026E+01  0.3315E+02
   5.588  0.6990E+01  0.3322E+02
   5.598  0.6743E+01  0.3329E+02
   5.608  0.6551E+01  0.3335E+02
   5.618  0.6410E+01  0.3342E+02
   5.628  0.6341E+01  0.3348E+02
   5.638  0.6346E+01  0.3354E+02
   5.648  0.6147E+01  0.3361E+02
   5.658  0.6700E+01  0.3367E+02
   5.668  0.6092E+01  0.3373E+02
   5.678  0.6228E+01  0.3379E+02
   5.688  0.7447E+01  0.3386E+02
   5.698  0.6860E+01  0.3394E+02
   5.708  0.6586E+01  0.3400E+02
   5.718  0.6050E+01  0.3406E+02
   5.728  0.5441E+01  0.3412E+02
   5.738  0.5106E+01  0.3418E+02
   5.748  0.4696E+01  0.3422E+02
   5.758  0.4495E+01  0.3427E+02
   5.768  0.4065E+01  0.3431E+02
   5.778  0.3813E+01  0.3435E+02
   5.788  0.3859E+01  0.3439E+02
   5.798  0.4114E+01  0.3443E+02
   5.808  0.4180E+01  0.3447E+02
   5.818  0.4248E+01  0.3451E+02
   5.828  0.4244E+01  0.3456E+02
   5.838  0.4273E+01  0.3460E+02
   5.848  0.4291E+01  0.3464E+02
   5.858  0.4282E+01  0.3468E+02
   5.868  0.4292E+01  0.3473E+02
   5.878  0.4306E+01  0.3477E+02
   5.888  0.4327E+01  0.3481E+02
   5.898  0.4356E+01  0.3486E+02
   5.908  0.4382E+01  0.3490E+02
   5.918  0.4367E+01  0.3494E+02
   5.928  0.4406E+01  0.3499E+02
   5.938  0.4480E+01  0.3503E+02
   5.948  0.4568E+01  0.3508E+02
   5.958  0.4707E+01  0.3512E+02
   5.968  0.4871E+01  0.3517E+02
   5.978  0.4831E+01  0.3522E+02
   5.988  0.4889E+01  0.3527E+02
   5.998  0.4963E+01  0.3532E+02
   6.008  0.5018E+01  0.3537E+02
   6.018  0.5099E+01  0.3542E+02
   6.028  0.5291E+01  0.3547E+02
   6.038  0.5521E+01  0.3553E+02
   6.048  0.5726E+01  0.3558E+02
   6.058  0.6532E+01  0.3564E+02
   6.068  0.6840E+01  0.3571E+02
   6.078  0.7291E+01  0.3578E+02
   6.088  0.7419E+01  0.3585E+02
   6.098  0.7659E+01  0.3593E+02
   6.108  0.7918E+01  0.3601E+02
   6.118  0.8358E+01  0.3609E+02
   6.128  0.8857E+01  0.3617E+02
   6.138  0.9932E+01  0.3627E+02
   6.148  0.9895E+01  0.3637E+02
   6.158  0.9819E+01  0.3647E+02
   6.168  0.9659E+01  0.3656E+02
   6.178  0.9542E+01  0.3666E+02
   6.188  0.9425E+01  0.3675E+02
   6.198  0.9281E+01  0.3685E+02
   6.208  0.9272E+01  0.3694E+02
   6.218  0.8991E+01  0.3703E+02
   6.228  0.8735E+01  0.3712E+02
   6.238  0.8597E+01  0.3721E+02
   6.248  0.8646E+01  0.3729E+02
   6.258  0.8611E+01  0.3738E+02
   6.268  0.8644E+01  0.3747E+02
   6.278  0.8625E+01  0.3755E+02
   6.288  0.8633E+01  0.3764E+02
   6.298  0.8684E+01  0.3773E+02
   6.308  0.8682E+01  0.3781E+02
   6.318  0.8873E+01  0.3790E+02
   6.328  0.9151E+01  0.3799E+02
   6.338  0.9715E+01  0.3808E+02
   6.348  0.9612E+01  0.3818E+02
   6.358  0.8923E+01  0.3827E+02
   6.368  0.8290E+01  0.3836E+02
   6.378  0.8142E+01  0.3844E+02
   6.388  0.8019E+01  0.3852E+02
   6.398  0.7790E+01  0.3860E+02
   6.408  0.7615E+01  0.3868E+02
   6.418  0.7435E+01  0.3875E+02
   6.428  0.7313E+01  0.3883E+02
   6.438  0.7304E+01  0.3890E+02
   6.448  0.7312E+01  0.3897E+02
   6.458  0.7333E+01  0.3905E+02
   6.468  0.7370E+01  0.3912E+02
   6.478  0.7426E+01  0.3919E+02
   6.488  0.7556E+01  0.3927E+02
   6.498  0.7628E+01  0.3935E+02
   6.508  0.7738E+01  0.3942E+02
   6.518  0.7749E+01  0.3950E+02
   6.528  0.7788E+01  0.3958E+02
   6.538  0.8029E+01  0.3966E+02
   6.548  0.8264E+01  0.3974E+02
   6.558  0.8550E+01  0.3982E+02
   6.568  0.8663E+01  0.3991E+02
   6.578  0.8464E+01  0.4000E+02
   6.588  0.7926E+01  0.4008E+02
   6.598  0.7558E+01  0.4015E+02
   6.608  0.7289E+01  0.4023E+02
   6.618  0.6939E+01  0.4030E+02
   6.628  0.6561E+01  0.4037E+02
   6.638  0.6259E+01  0.4043E+02
   6.648  0.6009E+01  0.4049E+02
   6.658  0.5501E+01  0.4055E+02
   6.668  0.5219E+01  0.4060E+02
   6.678  0.4941E+01  0.4065E+02
   6.688  0.4645E+01  0.4070E+02
   6.698  0.4417E+01  0.4075E+02
   6.708  0.4187E+01  0.4079E+02
   6.718  0.3959E+01  0.4083E+02
   6.728  0.3825E+01  0.4087E+02
   6.738  0.3805E+01  0.4091E+02
   6.748  0.3871E+01  0.4095E+02
   6.758  0.3941E+01  0.4099E+02
   6.768  0.4099E+01  0.4103E+02
   6.778  0.4430E+01  0.4107E+02
   6.788  0.5287E+01  0.4112E+02
   6.798  0.6245E+01  0.4117E+02
   6.808  0.7482E+01  0.4124E+02
   6.818  0.7617E+01  0.4132E+02
   6.828  0.6969E+01  0.4139E+02
   6.838  0.6540E+01  0.4146E+02
   6.848  0.6233E+01  0.4152E+02
   6.858  0.6084E+01  0.4158E+02
   6.868  0.5878E+01  0.4164E+02
   6.878  0.5673E+01  0.4170E+02
   6.888  0.5468E+01  0.4176E+02
   6.898  0.5464E+01  0.4181E+02
   6.908  0.5352E+01  0.4187E+02
   6.918  0.5435E+01  0.4192E+02
   6.928  0.5704E+01  0.4198E+02
   6.938  0.6245E+01  0.4204E+02
   6.948  0.7137E+01  0.4210E+02
   6.958  0.7372E+01  0.4218E+02
   6.968  0.7805E+01  0.4225E+02
   6.978  0.8934E+01  0.4234E+02
   6.988  0.1030E+02  0.4243E+02
   6.998  0.1175E+02  0.4254E+02
   7.008  0.1312E+02  0.4267E+02
   7.018  0.9908E+01  0.4279E+02
   7.028  0.8308E+01  0.4288E+02
   7.038  0.7234E+01  0.4296E+02
   7.048  0.6487E+01  0.4302E+02
   7.058  0.5498E+01  0.4308E+02
   7.068  0.4711E+01  0.4313E+02
   7.078  0.4300E+01  0.4318E+02
   7.088  0.4365E+01  0.4322E+02
   7.098  0.4943E+01  0.4327E+02
   7.108  0.6718E+01  0.4332E+02
   7.118  0.8734E+01  0.4341E+02
   7.128  0.7886E+01  0.4349E+02
   7.138  0.7734E+01  0.4357E+02
   7.148  0.7543E+01  0.4365E+02
   7.158  0.6731E+01  0.4372E+02
   7.168  0.6116E+01  0.4378E+02
   7.178  0.5894E+01  0.4384E+02
   7.188  0.5548E+01  0.4390E+02
   7.198  0.5314E+01  0.4395E+02
   7.208  0.5175E+01  0.4401E+02
   7.218  0.5055E+01  0.4406E+02
   7.228  0.4941E+01  0.4411E+02
   7.238  0.4850E+01  0.4416E+02
   7.248  0.4776E+01  0.4420E+02
   7.258  0.4747E+01  0.4425E+02
   7.268  0.4714E+01  0.4430E+02
   7.278  0.4780E+01  0.4435E+02
   7.288  0.4737E+01  0.4439E+02
   7.298  0.4715E+01  0.4444E+02
   7.308  0.4757E+01  0.4449E+02
   7.318  0.4534E+01  0.4454E+02
   7.328  0.4413E+01  0.4458E+02
   7.338  0.4417E+01  0.4462E+02
   7.348  0.4419E+01  0.4467E+02
   7.358  0.4396E+01  0.4471E+02
   7.368  0.4439E+01  0.4476E+02
   7.378  0.4526E+01  0.4480E+02
   7.388  0.4620E+01  0.4485E+02
   7.398  0.4795E+01  0.4489E+02
   7.408  0.5136E+01  0.4494E+02
   7.418  0.5504E+01  0.4500E+02
   7.428  0.5749E+01  0.4505E+02
   7.438  0.5909E+01  0.4511E+02
   7.448  0.5866E+01  0.4517E+02
   7.458  0.6023E+01  0.4523E+02
   7.468  0.6084E+01  0.4529E+02
   7.478  0.6158E+01  0.4535E+02
   7.488  0.6721E+01  0.4542E+02
   7.498  0.6579E+01  0.4548E+02
   7.508  0.6503E+01  0.4555E+02
   7.518  0.6471E+01  0.4561E+02
   7.528  0.6448E+01  0.4568E+02
   7.538  0.6449E+01  0.4574E+02
   7.548  0.6419E+01  0.4581E+02
   7.558  0.6315E+01  0.4587E+02
   7.568  0.6187E+01  0.4593E+02
   7.578  0.6089E+01  0.4599E+02
   7.588  0.5872E+01  0.4605E+02
   7.598  0.5657E+01  0.4611E+02
   7.608  0.5447E+01  0.4617E+02
   7.618  0.5325E+01  0.4622E+02
   7.628  0.5170E+01  0.4627E+02
   7.638  0.5040E+01  0.4632E+02
   7.648  0.4931E+01  0.4637E+02
   7.658  0.4836E+01  0.4642E+02
   7.668  0.4697E+01  0.4647E+02
   7.678  0.4607E+01  0.4652E+02
   7.688  0.4539E+01  0.4656E+02
   7.698  0.4492E+01  0.4661E+02
   7.708  0.4490E+01  0.4665E+02
   7.718  0.4458E+01  0.4670E+02
   7.728  0.4365E+01  0.4674E+02
   7.738  0.4285E+01  0.4679E+02
   7.748  0.4233E+01  0.4683E+02
   7.758  0.4181E+01  0.4687E+02
   7.768  0.4146E+01  0.4691E+02
   7.778  0.4196E+01  0.4695E+02
   7.788  0.4213E+01  0.4700E+02
   7.798  0.4218E+01  0.4704E+02
   7.808  0.4227E+01  0.4708E+02
   7.818  0.4280E+01  0.4712E+02
   7.828  0.4347E+01  0.4717E+02
   7.838  0.4428E+01  0.4721E+02
   7.848  0.4540E+01  0.4725E+02
   7.858  0.4630E+01  0.4730E+02
   7.868  0.4698E+01  0.4735E+02
   7.878  0.4490E+01  0.4739E+02
   7.888  0.4390E+01  0.4744E+02
   7.898  0.4438E+01  0.4748E+02
   7.908  0.4488E+01  0.4753E+02
   7.918  0.4606E+01  0.4757E+02
   7.928  0.4777E+01  0.4762E+02
   7.938  0.5038E+01  0.4767E+02
   7.948  0.5078E+01  0.4772E+02
   7.958  0.5383E+01  0.4777E+02
   7.968  0.5871E+01  0.4783E+02
   7.978  0.6644E+01  0.4789E+02
   7.988  0.6926E+01  0.4796E+02
   7.998  0.6965E+01  0.4802E+02
   8.008  0.7354E+01  0.4810E+02
   8.018  0.7845E+01  0.4817E+02
   8.028  0.8393E+01  0.4825E+02
   8.038  0.9331E+01  0.4834E+02
   8.048  0.9549E+01  0.4844E+02
   8.058  0.9581E+01  0.4853E+02
   8.068  0.9615E+01  0.4863E+02
   8.078  0.9800E+01  0.4873E+02
   8.088  0.9274E+01  0.4882E+02
   8.098  0.8907E+01  0.4891E+02
   8.108  0.8548E+01  0.4900E+02
   8.118  0.8418E+01  0.4908E+02
   8.128  0.8534E+01  0.4917E+02
   8.138  0.8133E+01  0.4925E+02
   8.148  0.8035E+01  0.4933E+02
   8.158  0.8062E+01  0.4941E+02
   8.168  0.8048E+01  0.4949E+02
   8.178  0.7518E+01  0.4957E+02
   8.188  0.7423E+01  0.4965E+02
   8.198  0.7549E+01  0.4972E+02
   8.208  0.7838E+01  0.4980E+02
   8.218  0.8407E+01  0.4988E+02
   8.228  0.8550E+01  0.4996E+02
   8.238  0.8918E+01  0.5005E+02
   8.248  0.9426E+01  0.5014E+02
   8.258  0.1019E+02  0.5024E+02
   8.268  0.1077E+02  0.5035E+02
   8.278  0.1067E+02  0.5045E+02
   8.288  0.9105E+01  0.5055E+02
   8.298  0.8526E+01  0.5064E+02
   8.308  0.7919E+01  0.5072E+02
   8.318  0.7256E+01  0.5080E+02
   8.328  0.6965E+01  0.5087E+02
   8.338  0.6620E+01  0.5094E+02
   8.348  0.6578E+01  0.5100E+02
   8.358  0.6010E+01  0.5107E+02
   8.368  0.6012E+01  0.5113E+02
   8.378  0.5821E+01  0.5119E+02
   8.388  0.5728E+01  0.5124E+02
   8.398  0.5758E+01  0.5130E+02
   8.408  0.5678E+01  0.5136E+02
   8.418  0.5588E+01  0.5142E+02
   8.428  0.5413E+01  0.5147E+02
   8.438  0.5271E+01  0.5152E+02
   8.448  0.5284E+01  0.5158E+02
   8.458  0.5599E+01  0.5163E+02
   8.468  0.5987E+01  0.5169E+02
   8.478  0.6518E+01  0.5175E+02
   8.488  0.7121E+01  0.5182E+02
   8.498  0.7237E+01  0.5189E+02
   8.508  0.7453E+01  0.5197E+02
   8.518  0.7580E+01  0.5204E+02
   8.528  0.7564E+01  0.5212E+02
   8.538  0.7456E+01  0.5219E+02
   8.548  0.7317E+01  0.5227E+02
   8.558  0.7431E+01  0.5234E+02
   8.568  0.7230E+01  0.5241E+02
   8.578  0.6887E+01  0.5248E+02
   8.588  0.6644E+01  0.5255E+02
   8.598  0.6476E+01  0.5262E+02
   8.608  0.6525E+01  0.5268E+02
   8.618  0.6671E+01  0.5275E+02
   8.628  0.6954E+01  0.5282E+02
   8.638  0.7503E+01  0.5289E+02
   8.648  0.8324E+01  0.5297E+02
   8.658  0.8414E+01  0.5305E+02
   8.668  0.8859E+01  0.5314E+02
   8.678  0.7620E+01  0.5322E+02
   8.688  0.6963E+01  0.5330E+02
   8.698  0.7074E+01  0.5337E+02
   8.708  0.7325E+01  0.5344E+02
   8.718  0.8004E+01  0.5352E+02
   8.728  0.7178E+01  0.5359E+02
   8.738  0.6900E+01  0.5366E+02
   8.748  0.7108E+01  0.5373E+02
   8.758  0.7208E+01  0.5380E+02
   8.768  0.6452E+01  0.5387E+02
   8.778  0.6214E+01  0.5394E+02
   8.788  0.6004E+01  0.5400E+02
   8.798  0.5675E+01  0.5405E+02
   8.808  0.5485E+01  0.5411E+02
   8.818  0.5335E+01  0.5416E+02
   8.828  0.5212E+01  0.5422E+02
   8.838  0.5113E+01  0.5427E+02
   8.848  0.5030E+01  0.5432E+02
   8.858  0.4966E+01  0.5437E+02
   8.868  0.4904E+01  0.5442E+02
   8.878  0.4848E+01  0.5447E+02
   8.888  0.4800E+01  0.5452E+02
   8.898  0.4752E+01  0.5456E+02
   8.908  0.4716E+01  0.5461E+02
   8.918  0.4689E+01  0.5466E+02
   8.928  0.4671E+01  0.5471E+02
   8.938  0.4651E+01  0.5475E+02
   8.948  0.4636E+01  0.5480E+02
   8.958  0.4631E+01  0.5484E+02
   8.968  0.4621E+01  0.5489E+02
   8.978  0.4617E+01  0.5494E+02
   8.988  0.4639E+01  0.5498E+02
   8.998  0.4663E+01  0.5503E+02
   9.008  0.4694E+01  0.5508E+02
   9.018  0.4739E+01  0.5512E+02
   9.028  0.4795E+01  0.5517E+02
   9.038  0.4868E+01  0.5522E+02
   9.048  0.4950E+01  0.5527E+02
   9.058  0.5045E+01  0.5532E+02
   9.068  0.5135E+01  0.5537E+02
   9.078  0.5183E+01  0.5542E+02
   9.088  0.5125E+01  0.5547E+02
   9.098  0.4577E+01  0.5552E+02
   9.108  0.4019E+01  0.5556E+02
   9.118  0.3711E+01  0.5560E+02
   9.128  0.3551E+01  0.5564E+02
   9.138  0.3506E+01  0.5567E+02
   9.148  0.3480E+01  0.5571E+02
   9.158  0.3454E+01  0.5574E+02
   9.168  0.3480E+01  0.5578E+02
   9.178  0.3629E+01  0.5581E+02
   9.188  0.3868E+01  0.5585E+02
   9.198  0.4088E+01  0.5589E+02
   9.208  0.4284E+01  0.5593E+02
   9.218  0.4456E+01  0.5598E+02
   9.228  0.4738E+01  0.5602E+02
   9.238  0.5128E+01  0.5607E+02
   9.248  0.5697E+01  0.5613E+02
   9.258  0.5979E+01  0.5619E+02
   9.268  0.5731E+01  0.5624E+02
   9.278  0.5593E+01  0.5630E+02
   9.288  0.5496E+01  0.5636E+02
   9.298  0.5442E+01  0.5641E+02
   9.308  0.5343E+01  0.5646E+02
   9.318  0.5236E+01  0.5652E+02
   9.328  0.5137E+01  0.5657E+02
   9.338  0.5043E+01  0.5662E+02
   9.348  0.4919E+01  0.5667E+02
   9.358  0.4803E+01  0.5672E+02
   9.368  0.4700E+01  0.5677E+02
   9.378  0.4598E+01  0.5681E+02
   9.388  0.4486E+01  0.5686E+02
   9.398  0.4373E+01  0.5690E+02
   9.408  0.4285E+01  0.5695E+02
   9.418  0.4200E+01  0.5699E+02
   9.428  0.4115E+01  0.5703E+02
   9.438  0.4130E+01  0.5707E+02
   9.448  0.4079E+01  0.5711E+02
   9.458  0.4037E+01  0.5715E+02
   9.468  0.3997E+01  0.5719E+02
   9.478  0.3961E+01  0.5723E+02
   9.488  0.3909E+01  0.5727E+02
   9.498  0.3856E+01  0.5731E+02
   9.508  0.3813E+01  0.5735E+02
   9.518  0.3768E+01  0.5739E+02
   9.528  0.3719E+01  0.5742E+02
   9.538  0.3720E+01  0.5746E+02
   9.548  0.3774E+01  0.5750E+02
   9.558  0.3590E+01  0.5754E+02
   9.568  0.3685E+01  0.5757E+02
   9.578  0.3473E+01  0.5761E+02
   9.588  0.3192E+01  0.5764E+02
   9.598  0.3253E+01  0.5767E+02
   9.608  0.3136E+01  0.5770E+02
   9.618  0.3121E+01  0.5774E+02
   9.628  0.2932E+01  0.5777E+02
   9.638  0.2810E+01  0.5780E+02
   9.648  0.2854E+01  0.5782E+02
   9.658  0.3542E+01  0.5785E+02
   9.668  0.4161E+01  0.5789E+02
   9.678  0.4599E+01  0.5794E+02
   9.688  0.4186E+01  0.5798E+02
   9.698  0.4030E+01  0.5802E+02
   9.708  0.3884E+01  0.5806E+02
   9.718  0.3816E+01  0.5810E+02
   9.728  0.3768E+01  0.5814E+02
   9.738  0.3753E+01  0.5818E+02
   9.748  0.3699E+01  0.5821E+02
   9.758  0.3602E+01  0.5825E+02
   9.768  0.3495E+01  0.5829E+02
   9.778  0.3414E+01  0.5832E+02
   9.788  0.3343E+01  0.5835E+02
   9.798  0.3284E+01  0.5839E+02
   9.808  0.3242E+01  0.5842E+02
   9.818  0.3204E+01  0.5845E+02
   9.828  0.3160E+01  0.5848E+02
   9.838  0.3112E+01  0.5852E+02
   9.848  0.3077E+01  0.5855E+02
   9.858  0.3033E+01  0.5858E+02
   9.868  0.2987E+01  0.5861E+02
   9.878  0.2947E+01  0.5864E+02
   9.888  0.2912E+01  0.5867E+02
   9.898  0.2890E+01  0.5869E+02
   9.908  0.2856E+01  0.5872E+02
   9.918  0.2817E+01  0.5875E+02
   9.928  0.2759E+01  0.5878E+02
   9.938  0.2666E+01  0.5881E+02
   9.948  0.2593E+01  0.5883E+02
   9.958  0.2497E+01  0.5886E+02
   9.968  0.2442E+01  0.5888E+02
   9.978  0.2404E+01  0.5891E+02
   9.988  0.2375E+01  0.5893E+02
   9.998  0.2345E+01  0.5895E+02
  10.008  0.2311E+01  0.5898E+02
  10.018  0.2294E+01  0.5900E+02
  10.028  0.2263E+01  0.5902E+02
  10.038  0.2236E+01  0.5905E+02
  10.048  0.2212E+01  0.5907E+02
  10.058  0.2195E+01  0.5909E+02
  10.068  0.2178E+01  0.5911E+02
  10.078  0.2161E+01  0.5913E+02
  10.088  0.2152E+01  0.5916E+02
  10.098  0.2152E+01  0.5918E+02
  10.108  0.2158E+01  0.5920E+02
  10.118  0.2176E+01  0.5922E+02
  10.128  0.2165E+01  0.5924E+02
  10.138  0.2155E+01  0.5926E+02
  10.148  0.2164E+01  0.5929E+02
  10.158  0.2216E+01  0.5931E+02
  10.168  0.2356E+01  0.5933E+02
  10.178  0.2415E+01  0.5935E+02
  10.188  0.2492E+01  0.5938E+02
  10.198  0.2554E+01  0.5941E+02
  10.208  0.3070E+01  0.5944E+02
  10.218  0.3277E+01  0.5947E+02
  10.228  0.3389E+01  0.5950E+02
  10.238  0.3407E+01  0.5954E+02
  10.248  0.3493E+01  0.5957E+02
  10.258  0.3482E+01  0.5960E+02
  10.268  0.3546E+01  0.5964E+02
  10.278  0.3522E+01  0.5968E+02
  10.288  0.3661E+01  0.5971E+02
  10.298  0.3756E+01  0.5975E+02
  10.308  0.4126E+01  0.5979E+02
  10.318  0.2723E+01  0.5983E+02
  10.328  0.2080E+01  0.5985E+02
  10.338  0.1576E+01  0.5987E+02
  10.348  0.1271E+01  0.5988E+02
  10.358  0.1104E+01  0.5989E+02
  10.368  0.9978E+00  0.5990E+02
  10.378  0.8939E+00  0.5991E+02
  10.388  0.7280E+00  0.5992E+02
  10.398  0.5691E+00  0.5993E+02
  10.408  0.4708E+00  0.5993E+02
  10.418  0.3797E+00  0.5994E+02
  10.428  0.2824E+00  0.5994E+02
  10.438  0.2479E+00  0.5994E+02
  10.448  0.2291E+00  0.5995E+02
  10.458  0.2223E+00  0.5995E+02
  10.468  0.2165E+00  0.5995E+02
  10.478  0.2092E+00  0.5995E+02
  10.488  0.2017E+00  0.5995E+02
  10.498  0.1955E+00  0.5996E+02
  10.508  0.1879E+00  0.5996E+02
  10.518  0.1852E+00  0.5996E+02
  10.528  0.1823E+00  0.5996E+02
  10.538  0.1795E+00  0.5996E+02
  10.548  0.1756E+00  0.5997E+02
  10.558  0.1721E+00  0.5997E+02
  10.568  0.1667E+00  0.5997E+02
  10.578  0.1608E+00  0.5997E+02
  10.588  0.1555E+00  0.5997E+02
  10.598  0.1510E+00  0.5997E+02
  10.608  0.1468E+00  0.5998E+02
  10.618  0.1430E+00  0.5998E+02
  10.628  0.1409E+00  0.5998E+02
  10.638  0.1394E+00  0.5998E+02
  10.648  0.1357E+00  0.5998E+02
  10.658  0.1293E+00  0.5998E+02
  10.668  0.1234E+00  0.5998E+02
  10.678  0.1173E+00  0.5998E+02
  10.688  0.1140E+00  0.5999E+02
  10.698  0.1127E+00  0.5999E+02
  10.708  0.1071E+00  0.5999E+02
  10.718  0.1015E+00  0.5999E+02
  10.728  0.9606E-01  0.5999E+02
  10.738  0.9079E-01  0.5999E+02
  10.748  0.8618E-01  0.5999E+02
  10.758  0.8236E-01  0.5999E+02
  10.768  0.8192E-01  0.5999E+02
  10.778  0.8075E-01  0.5999E+02
  10.788  0.7660E-01  0.6000E+02
  10.798  0.7080E-01  0.6000E+02
  10.808  0.6191E-01  0.6000E+02
  10.818  0.5544E-01  0.6000E+02
  10.828  0.4933E-01  0.6000E+02
  10.838  0.4356E-01  0.6000E+02
  10.848  0.3814E-01  0.6000E+02
  10.858  0.3749E-01  0.6000E+02
  10.868  0.3612E-01  0.6000E+02
  10.878  0.2176E-01  0.6000E+02
  10.888  0.9767E-02  0.6000E+02
  10.898  0.4249E-02  0.6000E+02
  10.908  0.9950E-03  0.6000E+02
